PARSFILE
#FullDataName Road: X-Y-Z Coordinates of Reference Line`Path taken from UE4 Project`Unreal Engine (UE4)
#RingCtrl0 0
#RingCtrl1 1
SET_IPATH_FOR_ID 0
DEFINE_XY_TABLES 1
ITAB_XY = NTAB_XY
XY_TABLE_ID = ITAB_XY
SET_DESCRIPTION PATH_ID Path taken from UE4 Project
SET_DESCRIPTION XY_TABLE_ID Path taken from UE4 Project
IPATHSEG = 1
PATH_ID_DM = PATH_ID
SEGMENT_TYPE = 1
XY_SEGMENT_ID = XY_TABLE_ID

#CheckBox0 1    
OPT_PATH_LOOP 1

#RadioCtrl0 0    

#DiagramTwo0
*3D_DATA 3, 331 ! columns x rows
*ALL_CARPET
0, 1, 2, 3
45.7489, 14.0691, 0.0000, 0.0000
44.7252, 15.1224, 0.0000, 1.4688
43.6915, 16.1658, 0.0000, 2.9376
42.6494, 17.2010, 0.0000, 4.4064
41.6005, 18.2293, 0.0000, 5.8753
40.5464, 19.2525, 0.0000, 7.3443
39.4886, 20.2720, 0.0000, 8.8135
38.4286, 21.2895, 0.0000, 10.2828
37.3682, 22.3064, 0.0000, 11.7520
36.3088, 23.3244, 0.0000, 13.2212
35.2521, 24.3450, 0.0000, 14.6903
34.1995, 25.3697, 0.0000, 16.1593
33.6837, 25.8789, -0.0004, 16.8841
33.1722, 26.3924, -0.0013, 17.6089
32.6649, 26.9099, -0.0025, 18.3336
32.1612, 27.4310, -0.0037, 19.0583
31.6610, 27.9554, -0.0046, 19.7830
31.1639, 28.4828, -0.0049, 20.5078
30.6695, 29.0129, -0.0044, 21.2327
30.1776, 29.5454, -0.0028, 21.9576
29.6879, 30.0800, 0.0001, 22.6826
29.1999, 30.6163, 0.0047, 23.4077
28.7134, 31.1540, 0.0113, 24.1328
28.2364, 31.6835, 0.0201, 24.8455
27.7603, 32.2138, 0.0317, 25.5581
27.2846, 32.7446, 0.0459, 26.2709
26.8091, 33.2755, 0.0626, 26.9836
26.3335, 33.8064, 0.0817, 27.6964
25.8575, 34.3368, 0.1032, 28.4090
25.3807, 34.8665, 0.1269, 29.1217
24.9029, 35.3951, 0.1526, 29.8343
24.4238, 35.9225, 0.1804, 30.5468
23.9429, 36.4482, 0.2102, 31.2593
23.4601, 36.9721, 0.2417, 31.9717
22.8597, 37.6022, 0.2803, 32.8421
22.2364, 38.2206, 0.3169, 33.7201
21.5920, 38.8265, 0.3516, 34.6046
20.9280, 39.4194, 0.3840, 35.4948
20.2461, 39.9984, 0.4141, 36.3893
19.5478, 40.5632, 0.4416, 37.2875
18.8347, 41.1128, 0.4665, 38.1878
18.1085, 41.6468, 0.4886, 39.0892
17.3707, 42.1645, 0.5078, 39.9905
16.6230, 42.6652, 0.5238, 40.8903
15.8670, 43.1483, 0.5365, 41.7875
15.1785, 43.5688, 0.5449, 42.5943
14.4857, 43.9740, 0.5507, 43.3969
13.7897, 44.3634, 0.5542, 44.1944
13.0918, 44.7364, 0.5557, 44.9857
12.3931, 45.0926, 0.5558, 45.7700
11.6948, 45.4317, 0.5547, 46.5463
10.9981, 45.7529, 0.5530, 47.3134
10.3041, 46.0560, 0.5509, 48.0707
9.6140, 46.3404, 0.5490, 48.8171
8.9291, 46.6056, 0.5475, 49.5516
8.2505, 46.8512, 0.5469, 50.2733
7.7819, 47.0098, 0.5465, 50.7680
7.3078, 47.1604, 0.5454, 51.2654
6.8283, 47.3034, 0.5438, 51.7658
6.3436, 47.4389, 0.5418, 52.2691
5.8538, 47.5671, 0.5396, 52.7754
5.3590, 47.6881, 0.5373, 53.2848
4.8596, 47.8023, 0.5352, 53.7971
4.3555, 47.9098, 0.5332, 54.3125
3.8470, 48.0107, 0.5317, 54.8309
3.3343, 48.1053, 0.5307, 55.3523
2.8176, 48.1938, 0.5304, 55.8765
2.3898, 48.2621, 0.5310, 56.3097
1.9595, 48.3264, 0.5324, 56.7448
1.5267, 48.3870, 0.5341, 57.1818
1.0916, 48.4439, 0.5357, 57.6206
0.6542, 48.4972, 0.5370, 58.0612
0.2146, 48.5471, 0.5374, 58.5037
-0.2270, 48.5936, 0.5365, 58.9477
-0.6707, 48.6368, 0.5340, 59.3935
-1.1163, 48.6769, 0.5296, 59.8409
-1.5637, 48.7140, 0.5227, 60.2898
-2.0128, 48.7481, 0.5129, 60.7402
-2.5187, 48.7831, 0.5001, 61.2473
-3.0266, 48.8146, 0.4868, 61.7562
-3.5363, 48.8429, 0.4731, 62.2667
-4.0476, 48.8681, 0.4588, 62.7786
-4.5605, 48.8904, 0.4440, 63.2920
-5.0747, 48.9099, 0.4287, 63.8066
-5.5902, 48.9268, 0.4128, 64.3223
-6.1069, 48.9412, 0.3963, 64.8393
-6.6246, 48.9532, 0.3793, 65.3571
-7.1431, 48.9631, 0.3616, 65.8757
-7.6624, 48.9710, 0.3432, 66.3950
-8.3938, 48.9789, 0.3158, 67.1265
-9.1261, 48.9835, 0.2868, 67.8588
-9.8589, 48.9854, 0.2568, 68.5916
-10.5918, 48.9848, 0.2265, 69.3245
-11.3244, 48.9822, 0.1966, 70.0571
-12.0565, 48.9780, 0.1677, 70.7892
-12.7876, 48.9727, 0.1406, 71.5203
-13.5174, 48.9667, 0.1158, 72.2502
-14.2455, 48.9604, 0.0941, 72.9783
-14.9716, 48.9542, 0.0761, 73.7044
-15.6952, 48.9486, 0.0626, 74.4280
-16.6108, 48.9419, 0.0490, 75.3437
-17.5235, 48.9347, 0.0367, 76.2564
-18.4333, 48.9272, 0.0254, 77.1662
-19.3403, 48.9194, 0.0153, 78.0733
-20.2448, 48.9111, 0.0062, 78.9778
-21.1467, 48.9025, -0.0019, 79.8797
-22.0463, 48.8936, -0.0091, 80.7794
-22.9437, 48.8842, -0.0154, 81.6768
-23.8389, 48.8745, -0.0208, 82.5721
-24.7321, 48.8645, -0.0254, 83.4653
-25.6234, 48.8541, -0.0292, 84.3567
-26.4638, 48.8440, -0.0322, 85.1972
-27.3028, 48.8335, -0.0345, 86.0362
-28.1404, 48.8228, -0.0363, 86.8739
-28.9767, 48.8117, -0.0375, 87.7103
-29.8119, 48.8003, -0.0383, 88.5455
-30.6459, 48.7886, -0.0385, 89.3796
-31.4790, 48.7767, -0.0384, 90.2128
-32.3112, 48.7644, -0.0379, 91.0451
-33.1427, 48.7518, -0.0370, 91.8767
-33.9734, 48.7389, -0.0358, 92.7075
-34.8036, 48.7258, -0.0344, 93.5378
-36.2680, 48.7018, -0.0313, 95.0024
-37.7315, 48.6770, -0.0277, 96.4661
-39.1946, 48.6513, -0.0237, 97.9294
-40.6579, 48.6247, -0.0196, 99.3930
-42.1220, 48.5972, -0.0154, 100.8573
-43.5874, 48.5689, -0.0114, 102.3230
-45.0546, 48.5398, -0.0078, 103.7905
-46.5243, 48.5098, -0.0046, 105.2605
-47.9969, 48.4790, -0.0022, 106.7334
-49.4731, 48.4474, -0.0006, 108.2100
-50.9533, 48.4149, 0.0000, 109.6905
-53.3297, 48.3664, 0.0000, 112.0674
-55.2321, 48.3363, 0.0000, 113.9701
-56.7850, 48.3217, 0.0000, 115.5230
-58.1132, 48.3198, 0.0000, 116.8512
-59.3412, 48.3275, 0.0000, 118.0792
-60.5937, 48.3421, 0.0000, 119.3318
-61.9952, 48.3606, 0.0000, 120.7335
-63.6704, 48.3800, 0.0000, 122.4088
-65.7438, 48.3975, 0.0000, 124.4822
-68.3402, 48.4101, 0.0000, 127.0787
-71.5840, 48.4149, 0.0000, 130.3225
-73.7825, 48.3468, 0.0000, 132.5220
-76.0507, 48.1394, 0.0000, 134.7997
-78.3596, 47.7887, 0.0000, 137.1351
-80.6801, 47.2902, 0.0000, 139.5085
-82.9831, 46.6397, 0.0000, 141.9016
-85.2395, 45.8330, 0.0000, 144.2979
-87.4201, 44.8658, 0.0000, 146.6834
-89.4960, 43.7338, 0.0000, 149.0478
-91.4380, 42.4328, 0.0000, 151.3854
-93.2171, 40.9584, 0.0000, 153.6960
-94.8041, 39.3065, 0.0000, 155.9867
-96.4015, 37.2751, 0.0000, 158.5709
-97.7627, 35.2291, 0.0000, 161.0284
-98.9053, 33.1669, 0.0000, 163.3860
-99.8470, 31.0871, 0.0000, 165.6690
-100.6052, 28.9882, 0.0000, 167.9007
-101.1977, 26.8689, 0.0000, 170.1012
-101.6419, 24.7275, 0.0000, 172.2882
-101.9557, 22.5626, 0.0000, 174.4757
-102.1564, 20.3727, 0.0000, 176.6748
-102.2617, 18.1565, 0.0000, 178.8935
-102.2893, 15.9124, 0.0000, 181.1378
-102.2747, 9.6879, 0.0000, 187.3623
-102.2617, 4.0220, 0.0000, 193.0282
-102.2500, -1.1851, 0.0000, 198.2353
-102.2387, -6.0331, 0.0000, 203.0834
-102.2274, -10.6218, 0.0000, 207.6721
-102.2155, -15.0509, 0.0000, 212.1012
-102.2023, -19.4202, 0.0000, 216.4705
-102.1874, -23.8294, 0.0000, 220.8797
-102.1700, -28.3784, 0.0000, 225.4288
-102.1497, -33.1668, 0.0000, 230.2172
-102.1259, -38.2944, 0.0000, 235.3449
-102.0480, -40.3846, 0.0000, 237.4365
-101.8354, -42.5099, 0.0000, 239.5724
-101.4892, -44.6508, 0.0000, 241.7411
-101.0108, -46.7878, 0.0000, 243.9310
-100.4015, -48.9013, 0.0000, 246.1306
-99.6626, -50.9719, 0.0000, 248.3291
-98.7954, -52.9800, 0.0000, 250.5164
-97.8013, -54.9062, 0.0000, 252.6840
-96.6814, -56.7308, 0.0000, 254.8249
-95.4372, -58.4345, 0.0000, 256.9346
-94.0698, -59.9976, 0.0000, 259.0114
-92.5411, -61.4645, 0.0010, 261.1300
-90.8997, -62.8031, 0.0031, 263.2480
-89.1502, -64.0109, 0.0050, 265.3740
-87.2977, -65.0856, 0.0057, 267.5156
-85.3469, -66.0249, 0.0038, 269.6808
-83.3026, -66.8264, -0.0019, 271.8766
-81.1697, -67.4878, -0.0125, 274.1097
-78.9530, -68.0069, -0.0294, 276.3864
-76.6574, -68.3811, -0.0537, 278.7123
-74.2876, -68.6083, -0.0867, 281.0929
-71.8485, -68.6860, -0.1295, 283.5333
-71.3216, -68.6865, -0.1397, 284.0602
-70.7969, -68.6869, -0.1496, 284.5849
-70.2743, -68.6874, -0.1594, 285.1075
-69.7538, -68.6879, -0.1691, 285.6280
-69.2354, -68.6884, -0.1786, 286.1464
-68.7191, -68.6889, -0.1882, 286.6627
-68.2049, -68.6893, -0.1978, 287.1769
-67.6927, -68.6898, -0.2074, 287.6891
-67.1825, -68.6903, -0.2172, 288.1993
-66.6744, -68.6908, -0.2272, 288.7074
-66.1683, -68.6913, -0.2373, 289.2135
-64.6096, -68.6928, -0.2681, 290.7722
-63.0696, -68.6944, -0.2965, 292.3122
-61.5479, -68.6959, -0.3227, 293.8339
-60.0439, -68.6975, -0.3467, 295.3379
-58.5574, -68.6991, -0.3686, 296.8244
-57.0878, -68.7007, -0.3885, 298.2940
-55.6345, -68.7023, -0.4066, 299.7473
-54.1973, -68.7040, -0.4229, 301.1845
-52.7756, -68.7056, -0.4375, 302.6062
-51.3689, -68.7073, -0.4504, 304.0129
-49.9769, -68.7089, -0.4619, 305.4049
-49.0185, -68.7101, -0.4686, 306.3633
-48.0667, -68.7113, -0.4739, 307.3151
-47.1215, -68.7125, -0.4780, 308.2603
-46.1826, -68.7137, -0.4811, 309.1992
-45.2499, -68.7148, -0.4832, 310.1319
-44.3233, -68.7160, -0.4845, 311.0585
-43.4025, -68.7173, -0.4852, 311.9793
-42.4875, -68.7185, -0.4854, 312.8943
-41.5781, -68.7197, -0.4854, 313.8037
-40.6741, -68.7209, -0.4851, 314.7077
-39.7753, -68.7221, -0.4849, 315.6065
-37.6982, -68.7250, -0.4833, 317.6836
-35.6469, -68.7279, -0.4794, 319.7349
-33.6196, -68.7308, -0.4735, 321.7622
-31.6142, -68.7338, -0.4657, 323.7676
-29.6289, -68.7368, -0.4561, 325.7529
-27.6615, -68.7398, -0.4449, 327.7203
-25.7103, -68.7428, -0.4324, 329.6715
-23.7732, -68.7459, -0.4185, 331.6086
-21.8482, -68.7489, -0.4036, 333.5336
-19.9335, -68.7520, -0.3877, 335.4483
-18.0270, -68.7551, -0.3711, 337.3548
-16.7924, -68.7571, -0.3589, 338.5894
-15.5600, -68.7592, -0.3446, 339.8218
-14.3291, -68.7612, -0.3284, 341.0527
-13.0993, -68.7632, -0.3105, 342.2825
-11.8700, -68.7653, -0.2913, 343.5118
-10.6406, -68.7673, -0.2708, 344.7412
-9.4106, -68.7694, -0.2494, 345.9712
-8.1796, -68.7714, -0.2272, 347.2022
-6.9469, -68.7735, -0.2046, 348.4349
-5.7120, -68.7756, -0.1818, 349.6698
-4.4744, -68.7777, -0.1590, 350.9074
-3.2536, -68.7797, -0.1367, 352.1282
-2.0292, -68.7817, -0.1150, 353.3526
-0.8007, -68.7838, -0.0938, 354.5811
0.4326, -68.7858, -0.0736, 355.8144
1.6711, -68.7879, -0.0545, 357.0529
2.9153, -68.7900, -0.0366, 358.2971
4.1657, -68.7920, -0.0203, 359.5475
5.4228, -68.7941, -0.0057, 360.8046
6.6872, -68.7961, 0.0069, 362.0690
7.9593, -68.7982, 0.0174, 363.3411
9.2397, -68.8003, 0.0255, 364.6215
11.1296, -68.8033, 0.0339, 366.5114
13.0398, -68.8063, 0.0393, 368.4216
14.9721, -68.8093, 0.0421, 370.3539
16.9279, -68.8123, 0.0427, 372.3097
18.9090, -68.8153, 0.0415, 374.2908
20.9169, -68.8183, 0.0387, 376.2988
22.9532, -68.8213, 0.0348, 378.3351
25.0196, -68.8243, 0.0302, 380.4015
27.1175, -68.8273, 0.0252, 382.4994
29.2487, -68.8303, 0.0202, 384.6306
31.4147, -68.8333, 0.0155, 386.7966
33.5091, -68.8361, 0.0116, 388.8910
35.6379, -68.8389, 0.0085, 391.0198
37.8023, -68.8417, 0.0060, 393.1842
40.0039, -68.8445, 0.0040, 395.3858
42.2440, -68.8472, 0.0026, 397.6259
44.5239, -68.8500, 0.0015, 399.9058
46.8451, -68.8528, 0.0008, 402.2270
49.2090, -68.8555, 0.0003, 404.5909
51.6168, -68.8582, 0.0001, 406.9987
54.0700, -68.8609, 0.0000, 409.4519
56.5700, -68.8636, 0.0000, 411.9519
58.4427, -68.7524, 0.0000, 413.8279
60.4387, -68.4296, 0.0000, 415.8498
62.5156, -67.9168, 0.0000, 417.9891
64.6309, -67.2361, 0.0000, 420.2112
66.7423, -66.4091, 0.0000, 422.4788
68.8073, -65.4578, 0.0000, 424.7524
70.7836, -64.4039, 0.0000, 426.9921
72.6286, -63.2692, 0.0000, 429.1581
74.3001, -62.0757, 0.0000, 431.2120
75.7556, -60.8450, 0.0000, 433.1181
76.9526, -59.5991, 0.0000, 434.8458
78.2342, -58.0466, 0.0000, 436.8589
79.4058, -56.5288, 0.0000, 438.7763
80.4654, -55.0143, 0.0000, 440.6247
81.4112, -53.4719, 0.0000, 442.4340
82.2413, -51.8704, 0.0000, 444.2378
82.9538, -50.1783, 0.0000, 446.0738
83.5470, -48.3645, 0.0000, 447.9822
84.0188, -46.3977, 0.0000, 450.0048
84.3675, -44.2465, 0.0000, 452.1840
84.5912, -41.8798, 0.0000, 454.5613
84.6880, -39.2661, 0.0000, 457.1768
84.6355, -36.6265, 0.0000, 459.8169
84.4224, -34.1944, 0.0000, 462.2583
84.0631, -31.9573, 0.0000, 464.5241
83.5723, -29.9029, 0.0000, 466.6363
82.9643, -28.0185, 0.0000, 468.6164
82.2539, -26.2917, 0.0000, 470.4836
81.4554, -24.7101, 0.0000, 472.2553
80.5835, -23.2611, 0.0000, 473.9464
79.6526, -21.9323, 0.0000, 475.5688
78.6773, -20.7113, 0.0000, 477.1316
77.6721, -19.5855, 0.0000, 478.6408
74.7035, -16.4233, 0.0000, 482.9781
71.7665, -13.2999, 0.0000, 487.2655
68.8552, -10.2093, 0.0000, 491.5114
65.9632, -7.1453, 0.0000, 495.7246
63.0846, -4.1019, 0.0000, 499.9137
60.2132, -1.0729, 0.0000, 504.0874
57.3428, 1.9477, 0.0000, 508.2544
54.4673, 4.9661, 0.0000, 512.4232
51.5805, 7.9884, 0.0000, 516.6027
48.6765, 11.0207, 0.0000, 520.8013
45.7489, 14.0691, 0.0000, 525.0278
ENDTABLE

SEGMENT_XY_TABLE
45.7489, 14.0691, 0.0000
44.7252, 15.1224, 1.4688
43.6915, 16.1658, 2.9376
42.6494, 17.2010, 4.4064
41.6005, 18.2293, 5.8753
40.5464, 19.2525, 7.3443
39.4886, 20.2720, 8.8135
38.4286, 21.2895, 10.2828
37.3682, 22.3064, 11.7520
36.3088, 23.3244, 13.2212
35.2521, 24.3450, 14.6903
34.1995, 25.3697, 16.1593
33.6837, 25.8789, 16.8841
33.1722, 26.3924, 17.6089
32.6649, 26.9099, 18.3336
32.1612, 27.4310, 19.0583
31.6610, 27.9554, 19.7830
31.1639, 28.4828, 20.5078
30.6695, 29.0129, 21.2327
30.1776, 29.5454, 21.9576
29.6879, 30.0800, 22.6826
29.1999, 30.6163, 23.4077
28.7134, 31.1540, 24.1328
28.2364, 31.6835, 24.8455
27.7603, 32.2138, 25.5581
27.2846, 32.7446, 26.2709
26.8091, 33.2755, 26.9836
26.3335, 33.8064, 27.6964
25.8575, 34.3368, 28.4090
25.3807, 34.8665, 29.1217
24.9029, 35.3951, 29.8343
24.4238, 35.9225, 30.5468
23.9429, 36.4482, 31.2593
23.4601, 36.9721, 31.9717
22.8597, 37.6022, 32.8421
22.2364, 38.2206, 33.7201
21.5920, 38.8265, 34.6046
20.9280, 39.4194, 35.4948
20.2461, 39.9984, 36.3893
19.5478, 40.5632, 37.2875
18.8347, 41.1128, 38.1878
18.1085, 41.6468, 39.0892
17.3707, 42.1645, 39.9905
16.6230, 42.6652, 40.8903
15.8670, 43.1483, 41.7875
15.1785, 43.5688, 42.5943
14.4857, 43.9740, 43.3969
13.7897, 44.3634, 44.1944
13.0918, 44.7364, 44.9857
12.3931, 45.0926, 45.7700
11.6948, 45.4317, 46.5463
10.9981, 45.7529, 47.3134
10.3041, 46.0560, 48.0707
9.6140, 46.3404, 48.8171
8.9291, 46.6056, 49.5516
8.2505, 46.8512, 50.2733
7.7819, 47.0098, 50.7680
7.3078, 47.1604, 51.2654
6.8283, 47.3034, 51.7658
6.3436, 47.4389, 52.2691
5.8538, 47.5671, 52.7754
5.3590, 47.6881, 53.2848
4.8596, 47.8023, 53.7971
4.3555, 47.9098, 54.3125
3.8470, 48.0107, 54.8309
3.3343, 48.1053, 55.3523
2.8176, 48.1938, 55.8765
2.3898, 48.2621, 56.3097
1.9595, 48.3264, 56.7448
1.5267, 48.3870, 57.1818
1.0916, 48.4439, 57.6206
0.6542, 48.4972, 58.0612
0.2146, 48.5471, 58.5037
-0.2270, 48.5936, 58.9477
-0.6707, 48.6368, 59.3935
-1.1163, 48.6769, 59.8409
-1.5637, 48.7140, 60.2898
-2.0128, 48.7481, 60.7402
-2.5187, 48.7831, 61.2473
-3.0266, 48.8146, 61.7562
-3.5363, 48.8429, 62.2667
-4.0476, 48.8681, 62.7786
-4.5605, 48.8904, 63.2920
-5.0747, 48.9099, 63.8066
-5.5902, 48.9268, 64.3223
-6.1069, 48.9412, 64.8393
-6.6246, 48.9532, 65.3571
-7.1431, 48.9631, 65.8757
-7.6624, 48.9710, 66.3950
-8.3938, 48.9789, 67.1265
-9.1261, 48.9835, 67.8588
-9.8589, 48.9854, 68.5916
-10.5918, 48.9848, 69.3245
-11.3244, 48.9822, 70.0571
-12.0565, 48.9780, 70.7892
-12.7876, 48.9727, 71.5203
-13.5174, 48.9667, 72.2502
-14.2455, 48.9604, 72.9783
-14.9716, 48.9542, 73.7044
-15.6952, 48.9486, 74.4280
-16.6108, 48.9419, 75.3437
-17.5235, 48.9347, 76.2564
-18.4333, 48.9272, 77.1662
-19.3403, 48.9194, 78.0733
-20.2448, 48.9111, 78.9778
-21.1467, 48.9025, 79.8797
-22.0463, 48.8936, 80.7794
-22.9437, 48.8842, 81.6768
-23.8389, 48.8745, 82.5721
-24.7321, 48.8645, 83.4653
-25.6234, 48.8541, 84.3567
-26.4638, 48.8440, 85.1972
-27.3028, 48.8335, 86.0362
-28.1404, 48.8228, 86.8739
-28.9767, 48.8117, 87.7103
-29.8119, 48.8003, 88.5455
-30.6459, 48.7886, 89.3796
-31.4790, 48.7767, 90.2128
-32.3112, 48.7644, 91.0451
-33.1427, 48.7518, 91.8767
-33.9734, 48.7389, 92.7075
-34.8036, 48.7258, 93.5378
-36.2680, 48.7018, 95.0024
-37.7315, 48.6770, 96.4661
-39.1946, 48.6513, 97.9294
-40.6579, 48.6247, 99.3930
-42.1220, 48.5972, 100.8573
-43.5874, 48.5689, 102.3230
-45.0546, 48.5398, 103.7905
-46.5243, 48.5098, 105.2605
-47.9969, 48.4790, 106.7334
-49.4731, 48.4474, 108.2100
-50.9533, 48.4149, 109.6905
-53.3297, 48.3664, 112.0674
-55.2321, 48.3363, 113.9701
-56.7850, 48.3217, 115.5230
-58.1132, 48.3198, 116.8512
-59.3412, 48.3275, 118.0792
-60.5937, 48.3421, 119.3318
-61.9952, 48.3606, 120.7335
-63.6704, 48.3800, 122.4088
-65.7438, 48.3975, 124.4822
-68.3402, 48.4101, 127.0787
-71.5840, 48.4149, 130.3225
-73.7825, 48.3468, 132.5220
-76.0507, 48.1394, 134.7997
-78.3596, 47.7887, 137.1351
-80.6801, 47.2902, 139.5085
-82.9831, 46.6397, 141.9016
-85.2395, 45.8330, 144.2979
-87.4201, 44.8658, 146.6834
-89.4960, 43.7338, 149.0478
-91.4380, 42.4328, 151.3854
-93.2171, 40.9584, 153.6960
-94.8041, 39.3065, 155.9867
-96.4015, 37.2751, 158.5709
-97.7627, 35.2291, 161.0284
-98.9053, 33.1669, 163.3860
-99.8470, 31.0871, 165.6690
-100.6052, 28.9882, 167.9007
-101.1977, 26.8689, 170.1012
-101.6419, 24.7275, 172.2882
-101.9557, 22.5626, 174.4757
-102.1564, 20.3727, 176.6748
-102.2617, 18.1565, 178.8935
-102.2893, 15.9124, 181.1378
-102.2747, 9.6879, 187.3623
-102.2617, 4.0220, 193.0282
-102.2500, -1.1851, 198.2353
-102.2387, -6.0331, 203.0834
-102.2274, -10.6218, 207.6721
-102.2155, -15.0509, 212.1012
-102.2023, -19.4202, 216.4705
-102.1874, -23.8294, 220.8797
-102.1700, -28.3784, 225.4288
-102.1497, -33.1668, 230.2172
-102.1259, -38.2944, 235.3449
-102.0480, -40.3846, 237.4365
-101.8354, -42.5099, 239.5724
-101.4892, -44.6508, 241.7411
-101.0108, -46.7878, 243.9310
-100.4015, -48.9013, 246.1306
-99.6626, -50.9719, 248.3291
-98.7954, -52.9800, 250.5164
-97.8013, -54.9062, 252.6840
-96.6814, -56.7308, 254.8249
-95.4372, -58.4345, 256.9346
-94.0698, -59.9976, 259.0114
-92.5411, -61.4645, 261.1300
-90.8997, -62.8031, 263.2480
-89.1502, -64.0109, 265.3740
-87.2977, -65.0856, 267.5156
-85.3469, -66.0249, 269.6808
-83.3026, -66.8264, 271.8766
-81.1697, -67.4878, 274.1097
-78.9530, -68.0069, 276.3864
-76.6574, -68.3811, 278.7123
-74.2876, -68.6083, 281.0929
-71.8485, -68.6860, 283.5333
-71.3216, -68.6865, 284.0602
-70.7969, -68.6869, 284.5849
-70.2743, -68.6874, 285.1075
-69.7538, -68.6879, 285.6280
-69.2354, -68.6884, 286.1464
-68.7191, -68.6889, 286.6627
-68.2049, -68.6893, 287.1769
-67.6927, -68.6898, 287.6891
-67.1825, -68.6903, 288.1993
-66.6744, -68.6908, 288.7074
-66.1683, -68.6913, 289.2135
-64.6096, -68.6928, 290.7722
-63.0696, -68.6944, 292.3122
-61.5479, -68.6959, 293.8339
-60.0439, -68.6975, 295.3379
-58.5574, -68.6991, 296.8244
-57.0878, -68.7007, 298.2940
-55.6345, -68.7023, 299.7473
-54.1973, -68.7040, 301.1845
-52.7756, -68.7056, 302.6062
-51.3689, -68.7073, 304.0129
-49.9769, -68.7089, 305.4049
-49.0185, -68.7101, 306.3633
-48.0667, -68.7113, 307.3151
-47.1215, -68.7125, 308.2603
-46.1826, -68.7137, 309.1992
-45.2499, -68.7148, 310.1319
-44.3233, -68.7160, 311.0585
-43.4025, -68.7173, 311.9793
-42.4875, -68.7185, 312.8943
-41.5781, -68.7197, 313.8037
-40.6741, -68.7209, 314.7077
-39.7753, -68.7221, 315.6065
-37.6982, -68.7250, 317.6836
-35.6469, -68.7279, 319.7349
-33.6196, -68.7308, 321.7622
-31.6142, -68.7338, 323.7676
-29.6289, -68.7368, 325.7529
-27.6615, -68.7398, 327.7203
-25.7103, -68.7428, 329.6715
-23.7732, -68.7459, 331.6086
-21.8482, -68.7489, 333.5336
-19.9335, -68.7520, 335.4483
-18.0270, -68.7551, 337.3548
-16.7924, -68.7571, 338.5894
-15.5600, -68.7592, 339.8218
-14.3291, -68.7612, 341.0527
-13.0993, -68.7632, 342.2825
-11.8700, -68.7653, 343.5118
-10.6406, -68.7673, 344.7412
-9.4106, -68.7694, 345.9712
-8.1796, -68.7714, 347.2022
-6.9469, -68.7735, 348.4349
-5.7120, -68.7756, 349.6698
-4.4744, -68.7777, 350.9074
-3.2536, -68.7797, 352.1282
-2.0292, -68.7817, 353.3526
-0.8007, -68.7838, 354.5811
0.4326, -68.7858, 355.8144
1.6711, -68.7879, 357.0529
2.9153, -68.7900, 358.2971
4.1657, -68.7920, 359.5475
5.4228, -68.7941, 360.8046
6.6872, -68.7961, 362.0690
7.9593, -68.7982, 363.3411
9.2397, -68.8003, 364.6215
11.1296, -68.8033, 366.5114
13.0398, -68.8063, 368.4216
14.9721, -68.8093, 370.3539
16.9279, -68.8123, 372.3097
18.9090, -68.8153, 374.2908
20.9169, -68.8183, 376.2988
22.9532, -68.8213, 378.3351
25.0196, -68.8243, 380.4015
27.1175, -68.8273, 382.4994
29.2487, -68.8303, 384.6306
31.4147, -68.8333, 386.7966
33.5091, -68.8361, 388.8910
35.6379, -68.8389, 391.0198
37.8023, -68.8417, 393.1842
40.0039, -68.8445, 395.3858
42.2440, -68.8472, 397.6259
44.5239, -68.8500, 399.9058
46.8451, -68.8528, 402.2270
49.2090, -68.8555, 404.5909
51.6168, -68.8582, 406.9987
54.0700, -68.8609, 409.4519
56.5700, -68.8636, 411.9519
58.4427, -68.7524, 413.8279
60.4387, -68.4296, 415.8498
62.5156, -67.9168, 417.9891
64.6309, -67.2361, 420.2112
66.7423, -66.4091, 422.4788
68.8073, -65.4578, 424.7524
70.7836, -64.4039, 426.9921
72.6286, -63.2692, 429.1581
74.3001, -62.0757, 431.2120
75.7556, -60.8450, 433.1181
76.9526, -59.5991, 434.8458
78.2342, -58.0466, 436.8589
79.4058, -56.5288, 438.7763
80.4654, -55.0143, 440.6247
81.4112, -53.4719, 442.4340
82.2413, -51.8704, 444.2378
82.9538, -50.1783, 446.0738
83.5470, -48.3645, 447.9822
84.0188, -46.3977, 450.0048
84.3675, -44.2465, 452.1840
84.5912, -41.8798, 454.5613
84.6880, -39.2661, 457.1768
84.6355, -36.6265, 459.8169
84.4224, -34.1944, 462.2583
84.0631, -31.9573, 464.5241
83.5723, -29.9029, 466.6363
82.9643, -28.0185, 468.6164
82.2539, -26.2917, 470.4836
81.4554, -24.7101, 472.2553
80.5835, -23.2611, 473.9464
79.6526, -21.9323, 475.5688
78.6773, -20.7113, 477.1316
77.6721, -19.5855, 478.6408
74.7035, -16.4233, 482.9781
71.7665, -13.2999, 487.2655
68.8552, -10.2093, 491.5114
65.9632, -7.1453, 495.7246
63.0846, -4.1019, 499.9137
60.2132, -1.0729, 504.0874
57.3428, 1.9477, 508.2544
54.4673, 4.9661, 512.4232
51.5805, 7.9884, 516.6027
48.6765, 11.0207, 520.8013
45.7489, 14.0691, 525.0278
ENDTABLE

ROAD_ZS_TABLE SPLINE_FLAT
0.0000, 0.0000
1.4688, 0.0000
2.9376, 0.0000
4.4064, 0.0000
5.8753, 0.0000
7.3443, 0.0000
8.8135, 0.0000
10.2828, 0.0000
11.7520, 0.0000
13.2212, 0.0000
14.6903, 0.0000
16.1593, 0.0000
16.8841, -0.0004
17.6089, -0.0013
18.3336, -0.0025
19.0583, -0.0037
19.7830, -0.0046
20.5078, -0.0049
21.2327, -0.0044
21.9576, -0.0028
22.6826, 0.0001
23.4077, 0.0047
24.1328, 0.0113
24.8455, 0.0201
25.5581, 0.0317
26.2709, 0.0459
26.9836, 0.0626
27.6964, 0.0817
28.4090, 0.1032
29.1217, 0.1269
29.8343, 0.1526
30.5468, 0.1804
31.2593, 0.2102
31.9717, 0.2417
32.8421, 0.2803
33.7201, 0.3169
34.6046, 0.3516
35.4948, 0.3840
36.3893, 0.4141
37.2875, 0.4416
38.1878, 0.4665
39.0892, 0.4886
39.9905, 0.5078
40.8903, 0.5238
41.7875, 0.5365
42.5943, 0.5449
43.3969, 0.5507
44.1944, 0.5542
44.9857, 0.5557
45.7700, 0.5558
46.5463, 0.5547
47.3134, 0.5530
48.0707, 0.5509
48.8171, 0.5490
49.5516, 0.5475
50.2733, 0.5469
50.7680, 0.5465
51.2654, 0.5454
51.7658, 0.5438
52.2691, 0.5418
52.7754, 0.5396
53.2848, 0.5373
53.7971, 0.5352
54.3125, 0.5332
54.8309, 0.5317
55.3523, 0.5307
55.8765, 0.5304
56.3097, 0.5310
56.7448, 0.5324
57.1818, 0.5341
57.6206, 0.5357
58.0612, 0.5370
58.5037, 0.5374
58.9477, 0.5365
59.3935, 0.5340
59.8409, 0.5296
60.2898, 0.5227
60.7402, 0.5129
61.2473, 0.5001
61.7562, 0.4868
62.2667, 0.4731
62.7786, 0.4588
63.2920, 0.4440
63.8066, 0.4287
64.3223, 0.4128
64.8393, 0.3963
65.3571, 0.3793
65.8757, 0.3616
66.3950, 0.3432
67.1265, 0.3158
67.8588, 0.2868
68.5916, 0.2568
69.3245, 0.2265
70.0571, 0.1966
70.7892, 0.1677
71.5203, 0.1406
72.2502, 0.1158
72.9783, 0.0941
73.7044, 0.0761
74.4280, 0.0626
75.3437, 0.0490
76.2564, 0.0367
77.1662, 0.0254
78.0733, 0.0153
78.9778, 0.0062
79.8797, -0.0019
80.7794, -0.0091
81.6768, -0.0154
82.5721, -0.0208
83.4653, -0.0254
84.3567, -0.0292
85.1972, -0.0322
86.0362, -0.0345
86.8739, -0.0363
87.7103, -0.0375
88.5455, -0.0383
89.3796, -0.0385
90.2128, -0.0384
91.0451, -0.0379
91.8767, -0.0370
92.7075, -0.0358
93.5378, -0.0344
95.0024, -0.0313
96.4661, -0.0277
97.9294, -0.0237
99.3930, -0.0196
100.8573, -0.0154
102.3230, -0.0114
103.7905, -0.0078
105.2605, -0.0046
106.7334, -0.0022
108.2100, -0.0006
109.6905, 0.0000
112.0674, 0.0000
113.9701, 0.0000
115.5230, 0.0000
116.8512, 0.0000
118.0792, 0.0000
119.3318, 0.0000
120.7335, 0.0000
122.4088, 0.0000
124.4822, 0.0000
127.0787, 0.0000
130.3225, 0.0000
132.5220, 0.0000
134.7997, 0.0000
137.1351, 0.0000
139.5085, 0.0000
141.9016, 0.0000
144.2979, 0.0000
146.6834, 0.0000
149.0478, 0.0000
151.3854, 0.0000
153.6960, 0.0000
155.9867, 0.0000
158.5709, 0.0000
161.0284, 0.0000
163.3860, 0.0000
165.6690, 0.0000
167.9007, 0.0000
170.1012, 0.0000
172.2882, 0.0000
174.4757, 0.0000
176.6748, 0.0000
178.8935, 0.0000
181.1378, 0.0000
187.3623, 0.0000
193.0282, 0.0000
198.2353, 0.0000
203.0834, 0.0000
207.6721, 0.0000
212.1012, 0.0000
216.4705, 0.0000
220.8797, 0.0000
225.4288, 0.0000
230.2172, 0.0000
235.3449, 0.0000
237.4365, 0.0000
239.5724, 0.0000
241.7411, 0.0000
243.9310, 0.0000
246.1306, 0.0000
248.3291, 0.0000
250.5164, 0.0000
252.6840, 0.0000
254.8249, 0.0000
256.9346, 0.0000
259.0114, 0.0000
261.1300, 0.0010
263.2480, 0.0031
265.3740, 0.0050
267.5156, 0.0057
269.6808, 0.0038
271.8766, -0.0019
274.1097, -0.0125
276.3864, -0.0294
278.7123, -0.0537
281.0929, -0.0867
283.5333, -0.1295
284.0602, -0.1397
284.5849, -0.1496
285.1075, -0.1594
285.6280, -0.1691
286.1464, -0.1786
286.6627, -0.1882
287.1769, -0.1978
287.6891, -0.2074
288.1993, -0.2172
288.7074, -0.2272
289.2135, -0.2373
290.7722, -0.2681
292.3122, -0.2965
293.8339, -0.3227
295.3379, -0.3467
296.8244, -0.3686
298.2940, -0.3885
299.7473, -0.4066
301.1845, -0.4229
302.6062, -0.4375
304.0129, -0.4504
305.4049, -0.4619
306.3633, -0.4686
307.3151, -0.4739
308.2603, -0.4780
309.1992, -0.4811
310.1319, -0.4832
311.0585, -0.4845
311.9793, -0.4852
312.8943, -0.4854
313.8037, -0.4854
314.7077, -0.4851
315.6065, -0.4849
317.6836, -0.4833
319.7349, -0.4794
321.7622, -0.4735
323.7676, -0.4657
325.7529, -0.4561
327.7203, -0.4449
329.6715, -0.4324
331.6086, -0.4185
333.5336, -0.4036
335.4483, -0.3877
337.3548, -0.3711
338.5894, -0.3589
339.8218, -0.3446
341.0527, -0.3284
342.2825, -0.3105
343.5118, -0.2913
344.7412, -0.2708
345.9712, -0.2494
347.2022, -0.2272
348.4349, -0.2046
349.6698, -0.1818
350.9074, -0.1590
352.1282, -0.1367
353.3526, -0.1150
354.5811, -0.0938
355.8144, -0.0736
357.0529, -0.0545
358.2971, -0.0366
359.5475, -0.0203
360.8046, -0.0057
362.0690, 0.0069
363.3411, 0.0174
364.6215, 0.0255
366.5114, 0.0339
368.4216, 0.0393
370.3539, 0.0421
372.3097, 0.0427
374.2908, 0.0415
376.2988, 0.0387
378.3351, 0.0348
380.4015, 0.0302
382.4994, 0.0252
384.6306, 0.0202
386.7966, 0.0155
388.8910, 0.0116
391.0198, 0.0085
393.1842, 0.0060
395.3858, 0.0040
397.6259, 0.0026
399.9058, 0.0015
402.2270, 0.0008
404.5909, 0.0003
406.9987, 0.0001
409.4519, 0.0000
411.9519, 0.0000
413.8279, 0.0000
415.8498, 0.0000
417.9891, 0.0000
420.2112, 0.0000
422.4788, 0.0000
424.7524, 0.0000
426.9921, 0.0000
429.1581, 0.0000
431.2120, 0.0000
433.1181, 0.0000
434.8458, 0.0000
436.8589, 0.0000
438.7763, 0.0000
440.6247, 0.0000
442.4340, 0.0000
444.2378, 0.0000
446.0738, 0.0000
447.9822, 0.0000
450.0048, 0.0000
452.1840, 0.0000
454.5613, 0.0000
457.1768, 0.0000
459.8169, 0.0000
462.2583, 0.0000
464.5241, 0.0000
466.6363, 0.0000
468.6164, 0.0000
470.4836, 0.0000
472.2553, 0.0000
473.9464, 0.0000
475.5688, 0.0000
477.1316, 0.0000
478.6408, 0.0000
482.9781, 0.0000
487.2655, 0.0000
491.5114, 0.0000
495.7246, 0.0000
499.9137, 0.0000
504.0874, 0.0000
508.2544, 0.0000
512.4232, 0.0000
516.6027, 0.0000
520.8013, 0.0000
525.0278, 0.0000
ENDTABLE

#EMBEDDED_NOTES
#This path was taken from a UE4 demo project.
#END_EMBEDDED_NOTES

LOG_ENTRY Used Dataset: Road: X-Y-Z Coordinates of Reference Line; { Unreal Engine (UE4) } Path taken from UE4 Project
#Library : Road: X-Y-Z Coordinates of Reference Line
#DataSet : Path taken from UE4 Project
#Category: Unreal Engine (UE4)
#FileID  : RoadXYZ_ac585de6-711a-4365-b666-69f54f9f5737
#Product : TruckSim 2020.1
#VehCode X-Y-Z Coords of Ref. Line

END
