PARSFILE
#FullDataName Road: X-Y-Z Coordinates of Reference Line`Road Course`Road Course
#RingCtrl0 0
#RingCtrl1 1
SET_IPATH_FOR_ID 0
DEFINE_XY_TABLES 1
ITAB_XY = NTAB_XY
XY_TABLE_ID = ITAB_XY
SET_DESCRIPTION PATH_ID Road Course
SET_DESCRIPTION XY_TABLE_ID Road Course
IPATHSEG = 1
PATH_ID_DM = PATH_ID
SEGMENT_TYPE = 1
XY_SEGMENT_ID = XY_TABLE_ID

#CheckBox0 1    
OPT_PATH_LOOP 1

#RadioCtrl0 0    

SPATH_START 0
#DiagramTwo0
*3D_DATA 3, 369 ! columns x rows
*ALL_CARPET
0, 1, 2, 3
0.0000, 0.0000, 0.0000, 0.0000
-5.0000, 0.0000, 0.0000, 5.0000
-10.0000, 0.0000, 0.0000, 10.0000
-15.0000, 0.0000, 0.0000, 15.0000
-20.0000, 0.0000, 0.0000, 20.0000
-25.0000, 0.0000, 0.0000, 25.0000
-30.0000, 0.0000, 0.0000, 30.0000
-35.0000, 0.0000, 0.0000, 35.0000
-40.0000, 0.0000, 0.0000, 40.0000
-45.0000, 0.0000, 0.0000, 45.0000
-50.0000, 0.0000, 0.0000, 50.0000
-55.0000, 0.0000, -0.0378, 55.0000
-60.0000, 0.0000, -0.1073, 60.0000
-65.0000, 0.0000, -0.1880, 65.0000
-70.0000, 0.0000, -0.2590, 70.0000
-75.0000, 0.0000, -0.3000, 75.0000
-80.0000, 0.0000, -0.3000, 80.0000
-85.0000, 0.0000, -0.2828, 85.0000
-90.0000, 0.0000, -0.2636, 90.0000
-95.0000, 0.0000, -0.2530, 95.0000
-100.0000, 0.0000, -0.2616, 100.0000
-105.0000, 0.0000, -0.3000, 105.0000
-108.9000, 0.0000, -0.3563, 108.9000
-115.2720, 0.3339, -0.4965, 115.2807
-121.5740, 1.3321, -0.6891, 121.6613
-127.7380, 2.9836, -0.9261, 128.0427
-133.6950, 5.2703, -1.1991, 134.4235
-139.3800, 8.1671, -1.4998, 140.8040
-144.7310, 11.6423, -1.8201, 147.1845
-149.6900, 15.6579, -2.1517, 153.5654
-154.2020, 20.1698, -2.4864, 159.9463
-158.2180, 25.1286, -2.8159, 166.3274
-161.6930, 30.4800, -3.1315, 172.7081
-164.5900, 36.1653, -3.4101, 179.0889
-166.8760, 42.1223, -3.6107, 185.4695
-168.5280, 48.2857, -3.6914, 191.8504
-169.5260, 54.5879, -3.6101, 198.2312
-169.8600, 60.9600, -3.3249, 204.6120
-169.5260, 67.3321, -2.8111, 210.9929
-168.5280, 73.6343, -2.1278, 217.3736
-166.8760, 79.7977, -1.3590, 223.7545
-164.5900, 85.7547, -0.5889, 230.1351
-161.6930, 91.4400, 0.0985, 236.5160
-158.2180, 96.7914, 0.6192, 242.8966
-154.2020, 101.7500, 0.8890, 249.2775
-149.6900, 106.2620, 0.8983, 255.6585
-144.7310, 110.2780, 0.9007, 262.0397
-139.3800, 113.7530, 0.8999, 268.4200
-133.6950, 116.6500, 0.9000, 274.8006
-127.7380, 118.9360, 0.9000, 281.1812
-121.5740, 120.5880, 0.9000, 287.5627
-115.2720, 121.5860, 0.9000, 293.9433
-108.9000, 121.9200, 0.9000, 300.3240
-102.5280, 121.5860, 0.9003, 306.7048
-97.5553, 121.0630, 0.8996, 311.7049
-92.5827, 120.5410, 0.8928, 316.7048
-87.6101, 120.0180, 0.8797, 321.7048
-82.6375, 119.4950, 0.8609, 326.7049
-77.6649, 118.9730, 0.8370, 331.7048
-72.6923, 118.4500, 0.8088, 336.7048
-67.7197, 117.9280, 0.7768, 341.7047
-62.7471, 117.4050, 0.7417, 346.7048
-57.7745, 116.8820, 0.7041, 351.7048
-52.8018, 116.3600, 0.6647, 356.7048
-47.8292, 115.8370, 0.6241, 361.7048
-42.8566, 115.3140, 0.5829, 366.7049
-39.9725, 115.0110, 0.5591, 369.6048
-31.4937, 114.2690, 0.4905, 378.1161
-22.9942, 113.8240, 0.4265, 386.6272
-14.4843, 113.6750, 0.3702, 395.1384
-5.9744, 113.8240, 0.3248, 403.6496
2.5251, 114.2690, 0.2936, 412.1607
11.0039, 115.0110, 0.2775, 420.6719
18.9690, 115.4290, 0.2740, 428.6480
26.9341, 115.0110, 0.2791, 436.6241
34.8119, 113.7630, 0.2903, 444.6001
42.5161, 111.6990, 0.3050, 452.5760
49.9623, 108.8410, 0.3215, 460.5518
57.0690, 105.2200, 0.3388, 468.5279
63.7582, 100.8760, 0.3564, 476.5038
69.9567, 95.8563, 0.3733, 484.4799
75.5966, 90.2164, 0.3890, 492.4560
78.9423, 86.5007, 0.3979, 497.4560
82.2879, 82.7849, 0.4058, 502.4560
85.6336, 79.0692, 0.4125, 507.4560
88.9792, 75.3535, 0.4179, 512.4560
92.3249, 71.6378, 0.4218, 517.4560
95.6705, 67.9221, 0.4240, 522.4559
99.0162, 64.2063, 0.4244, 527.4560
100.4940, 62.6760, 0.4239, 529.5834
102.0750, 61.2524, 0.4231, 531.7109
103.7520, 59.9426, 0.4218, 533.8388
105.5150, 58.7529, 0.4202, 535.9656
107.3580, 57.6892, 0.4181, 538.0936
109.2700, 56.7566, 0.4156, 540.2209
111.2420, 55.9596, 0.4126, 542.3478
113.2660, 55.3022, 0.4091, 544.4759
115.3300, 54.7875, 0.4052, 546.6031
117.4250, 54.4181, 0.4008, 548.7305
119.5410, 54.1957, 0.3959, 550.8581
121.6670, 54.1214, 0.3904, 552.9854
123.7930, 54.1957, 0.3844, 555.1127
125.9090, 54.4181, 0.3779, 557.2404
128.0040, 54.7875, 0.3708, 559.3677
130.0690, 55.3022, 0.3631, 561.4959
132.0920, 55.9596, 0.3548, 563.6230
134.0650, 56.7566, 0.3460, 565.7509
135.9770, 57.6892, 0.3365, 567.8782
137.8190, 58.7529, 0.3263, 570.0053
139.5830, 59.9426, 0.3156, 572.1330
141.2590, 61.2524, 0.3041, 574.2601
142.8400, 62.6760, 0.2921, 576.3876
144.3180, 64.2063, 0.2805, 578.5151
145.6860, 65.8361, 0.2712, 580.6429
146.9360, 67.5572, 0.2657, 582.7700
148.0640, 69.3614, 0.2660, 584.8978
149.0620, 71.2399, 0.2736, 587.0250
149.9280, 73.1834, 0.2904, 589.1527
151.8010, 77.8193, 0.3728, 594.1527
153.6740, 82.4553, 0.5119, 599.1527
155.5470, 87.0912, 0.6993, 604.1527
157.4200, 91.7271, 0.9262, 609.1527
158.4990, 94.3974, 1.0715, 612.0327
160.9260, 99.6017, 1.3854, 617.7751
163.8830, 104.5240, 1.7205, 623.5173
167.3390, 109.1100, 2.0638, 629.2597
171.2550, 113.3090, 2.4023, 635.0014
175.5890, 117.0770, 2.7229, 640.7443
180.2930, 120.3700, 3.0126, 646.4864
185.3150, 123.1540, 3.2583, 652.2285
190.6010, 125.3980, 3.4471, 657.9710
196.0920, 127.0770, 3.5658, 663.7130
201.7290, 128.1730, 3.6014, 669.4556
205.5370, 128.5730, 3.5759, 673.2845
210.5250, 128.9220, 3.5174, 678.2847
215.5130, 129.2700, 3.4874, 683.2848
220.5010, 129.6190, 3.5475, 688.2850
225.4890, 129.9680, 3.7540, 693.2852
230.4760, 130.3170, 4.0970, 698.2844
234.0680, 130.5680, 4.3985, 701.8852
243.6330, 130.4840, 5.2551, 711.4505
253.0680, 128.9060, 5.8909, 721.0166
262.1390, 125.8700, 5.9985, 730.5822
270.6240, 121.4530, 6.0000, 740.1480
278.3130, 115.7630, 6.0000, 749.7134
285.0180, 108.9410, 5.9990, 759.2788
290.5730, 101.1530, 5.9355, 768.8449
294.8410, 92.5924, 5.4211, 778.4105
297.7180, 83.4694, 4.5340, 787.9764
299.9330, 70.9037, 3.1348, 800.7358
300.8230, 58.1753, 1.8544, 813.4953
300.3780, 45.4236, 0.5488, 826.2547
298.6020, 32.7882, -0.4350, 839.0143
295.5150, 20.4077, -0.6301, 851.7739
292.7450, 12.3628, -0.4649, 860.2823
289.8370, 3.9153, -0.1585, 869.2164
287.5240, -4.7146, 0.1753, 878.1508
285.8190, -13.4847, 0.4304, 887.0851
285.0370, -18.4231, 0.5227, 892.0851
284.2550, -23.3616, 0.5845, 897.0851
283.4730, -28.3000, 0.6210, 902.0850
282.6910, -33.2385, 0.6374, 907.0851
281.9090, -38.1769, 0.6390, 912.0850
281.1260, -43.1153, 0.6308, 917.0851
280.3440, -48.0538, 0.6182, 922.0851
279.5620, -52.9922, 0.6061, 927.0850
278.7800, -57.9307, 0.6000, 932.0851
277.9980, -62.8691, 0.6037, 937.0850
277.2160, -67.8076, 0.6169, 942.0850
276.4330, -72.7460, 0.6383, 947.0851
275.6510, -77.6844, 0.6665, 952.0851
274.8690, -82.6229, 0.7001, 957.0851
274.0870, -87.5613, 0.7377, 962.0850
273.3050, -92.4998, 0.7780, 967.0851
272.5230, -97.4382, 0.8194, 972.0850
271.7400, -102.3770, 0.8608, 977.0855
270.9580, -107.3150, 0.9007, 982.0850
270.1760, -112.2540, 0.9379, 987.0855
269.3940, -117.1920, 0.9727, 992.0851
268.6120, -122.1300, 1.0052, 997.0846
268.3680, -123.6710, 1.0150, 998.6448
265.4650, -135.7630, 1.0876, 1011.0804
260.7060, -147.2530, 1.1547, 1023.5170
254.2080, -157.8560, 1.2215, 1035.9527
246.1320, -167.3120, 1.2913, 1048.3880
236.6750, -175.3880, 1.3649, 1060.8241
226.0720, -181.8860, 1.4427, 1073.2599
214.5830, -186.6450, 1.5249, 1085.6955
202.4910, -189.5480, 1.6095, 1098.1311
190.0930, -190.5240, 1.6901, 1110.5675
180.0930, -190.5240, 1.7475, 1120.5675
170.0930, -190.5240, 1.7944, 1130.5675
160.0930, -190.5240, 1.8277, 1140.5675
150.0930, -190.5240, 1.8471, 1150.5675
140.0930, -190.5240, 1.8534, 1160.5675
130.0930, -190.5240, 1.8474, 1170.5675
120.0930, -190.5240, 1.8297, 1180.5675
110.0930, -190.5240, 1.8010, 1190.5675
100.0930, -190.5240, 1.7623, 1200.5675
90.0934, -190.5240, 1.7141, 1210.5671
80.0934, -190.5240, 1.6572, 1220.5671
70.0934, -190.5240, 1.5924, 1230.5671
60.0934, -190.5240, 1.5204, 1240.5671
50.0934, -190.5240, 1.4420, 1250.5671
40.0934, -190.5240, 1.3578, 1260.5671
30.0934, -190.5240, 1.2687, 1270.5671
20.0934, -190.5240, 1.1753, 1280.5671
10.0934, -190.5240, 1.0785, 1290.5671
0.0934, -190.5240, 0.9789, 1300.5671
-9.9066, -190.5240, 0.8773, 1310.5671
-19.9066, -190.5240, 0.7744, 1320.5671
-29.9066, -190.5240, 0.6711, 1330.5671
-39.9066, -190.5240, 0.5679, 1340.5671
-49.9066, -190.5240, 0.4657, 1350.5671
-59.9066, -190.5240, 0.3653, 1360.5671
-69.9066, -190.5240, 0.2672, 1370.5671
-79.9066, -190.5240, 0.1724, 1380.5671
-89.9066, -190.5240, 0.0815, 1390.5671
-99.9066, -190.5240, -0.0048, 1400.5671
-109.9070, -190.5240, -0.0857, 1410.5675
-113.1070, -190.5240, -0.1106, 1413.7675
-120.7360, -189.9230, -0.1677, 1421.4201
-128.1770, -188.1370, -0.2219, 1429.0724
-135.2480, -185.2080, -0.2732, 1436.7261
-141.7730, -181.2100, -0.3216, 1444.3785
-147.5920, -176.2390, -0.3671, 1452.0317
-152.5620, -170.4200, -0.4100, 1459.6843
-156.5610, -163.8950, -0.4501, 1467.3372
-159.4900, -156.8250, -0.4876, 1474.9899
-161.2760, -149.3830, -0.5225, 1482.6432
-161.8770, -141.7540, -0.5549, 1490.2959
-161.8770, -136.7540, -0.5747, 1495.2959
-161.8770, -131.7540, -0.5935, 1500.2959
-161.8770, -126.7540, -0.6112, 1505.2959
-161.8770, -121.7540, -0.6280, 1510.2959
-161.8770, -116.7540, -0.6438, 1515.2959
-161.8770, -111.7540, -0.6586, 1520.2959
-161.8770, -106.7540, -0.6724, 1525.2959
-161.8770, -101.7540, -0.6853, 1530.2959
-161.8770, -96.7538, -0.6973, 1535.2961
-161.8770, -91.7538, -0.7084, 1540.2961
-161.8770, -86.7538, -0.7186, 1545.2961
-161.8770, -84.5438, -0.7228, 1547.5061
-161.5760, -78.8093, -0.7330, 1553.2485
-160.6780, -73.1377, -0.7420, 1558.9907
-159.1920, -67.5911, -0.7500, 1564.7329
-157.1340, -62.2302, -0.7569, 1570.4753
-154.5270, -57.1138, -0.7627, 1576.2176
-151.3990, -52.2979, -0.7675, 1581.9602
-147.7860, -47.8353, -0.7713, 1587.7020
-143.7250, -43.7748, -0.7742, 1593.4448
-139.2630, -40.1611, -0.7761, 1599.1866
-134.4470, -37.0336, -0.7770, 1604.9290
-129.3300, -34.4267, -0.7771, 1610.6717
-123.9690, -32.3688, -0.7763, 1616.4142
-118.4230, -30.8826, -0.7746, 1622.1558
-112.7510, -29.9843, -0.7721, 1627.8985
-107.0170, -29.6838, -0.7688, 1633.6404
-101.2820, -29.9843, -0.7647, 1639.3833
-95.6106, -30.8826, -0.7599, 1645.1254
-90.0640, -32.3688, -0.7543, 1650.8676
-84.7031, -34.4267, -0.7480, 1656.6099
-79.5866, -37.0336, -0.7411, 1662.3523
-74.7707, -40.1611, -0.7334, 1668.0946
-70.3081, -43.7748, -0.7252, 1673.8369
-66.2477, -47.8353, -0.7163, 1679.5792
-62.6340, -52.2979, -0.7069, 1685.3215
-59.5065, -57.1138, -0.6969, 1691.0638
-56.8995, -62.2302, -0.6863, 1696.8061
-54.8417, -67.5911, -0.6753, 1702.5484
-53.2966, -72.3464, -0.6652, 1707.5484
-51.7515, -77.1017, -0.6549, 1712.5484
-50.2064, -81.8569, -0.6442, 1717.5483
-48.6613, -86.6122, -0.6331, 1722.5484
-47.1162, -91.3675, -0.6218, 1727.5484
-45.5712, -96.1228, -0.6101, 1732.5484
-44.2331, -100.2410, -0.5998, 1736.8785
-43.6471, -101.8960, -0.5956, 1738.6342
-42.9754, -103.5170, -0.5914, 1740.3888
-42.2196, -105.1020, -0.5871, 1742.1448
-41.3820, -106.6450, -0.5827, 1743.9005
-40.4648, -108.1410, -0.5784, 1745.6553
-39.4705, -109.5880, -0.5740, 1747.4110
-38.4019, -110.9810, -0.5696, 1749.1666
-37.2618, -112.3150, -0.5652, 1750.9215
-36.0535, -113.5890, -0.5607, 1752.6773
-34.7801, -114.7970, -0.5562, 1754.4325
-33.4453, -115.9370, -0.5517, 1756.1879
-32.0526, -117.0060, -0.5472, 1757.9436
-30.6059, -118.0000, -0.5426, 1759.6988
-29.1092, -118.9170, -0.5380, 1761.4541
-27.5665, -119.7550, -0.5334, 1763.2097
-25.9821, -120.5110, -0.5288, 1764.9653
-24.3603, -121.1820, -0.5242, 1766.7204
-22.7055, -121.7680, -0.5195, 1768.4759
-21.0224, -122.2670, -0.5148, 1770.2314
-19.3155, -122.6770, -0.5101, 1771.9868
-17.5894, -122.9970, -0.5054, 1773.7424
-15.8490, -123.2260, -0.5006, 1775.4978
-14.0990, -123.3640, -0.4959, 1777.2532
-12.3442, -123.4100, -0.4911, 1779.0086
-10.5894, -123.3640, -0.4863, 1780.7640
-8.8393, -123.2260, -0.4815, 1782.5195
-7.0989, -122.9970, -0.4767, 1784.2749
-5.3729, -122.6770, -0.4719, 1786.0303
-3.6660, -122.2670, -0.4670, 1787.7858
-1.9829, -121.7680, -0.4622, 1789.5413
-0.3281, -121.1820, -0.4573, 1791.2968
8.7746, -118.2250, -0.4306, 1800.8677
18.1367, -116.2350, -0.4038, 1810.4390
27.6554, -115.2340, -0.3768, 1820.0102
37.2266, -115.2340, -0.3499, 1829.5814
46.7454, -116.2350, -0.3231, 1839.1527
56.1075, -118.2250, -0.2965, 1848.7239
65.2102, -121.1820, -0.2704, 1858.2949
73.9539, -125.0750, -0.2447, 1867.8661
82.2428, -129.8610, -0.2196, 1877.4375
88.0443, -133.2110, -0.2024, 1884.1367
94.1642, -135.9350, -0.1857, 1890.8355
100.5350, -138.0050, -0.1693, 1897.5341
107.0880, -139.3980, -0.1534, 1904.2336
113.7500, -140.0980, -0.1381, 1910.9322
120.4490, -140.0980, -0.1232, 1917.6312
127.1120, -139.3980, -0.1090, 1924.3309
133.6640, -138.0050, -0.0953, 1931.0294
140.0350, -135.9350, -0.0823, 1937.7282
146.1550, -133.2110, -0.0701, 1944.4270
151.9570, -129.8610, -0.0585, 1951.1267
157.3760, -125.9230, -0.0477, 1957.8255
162.3550, -121.4410, -0.0377, 1964.5246
166.8370, -116.4630, -0.0286, 1971.2231
170.7750, -111.0430, -0.0204, 1977.9226
174.1240, -105.2420, -0.0131, 1984.6209
176.8490, -99.1217, -0.0067, 1991.3205
178.9190, -92.7505, -0.0014, 1998.0195
180.3120, -86.1979, 0.0029, 2004.7185
181.0120, -79.5356, 0.0062, 2011.4175
181.0120, -72.8366, 0.0087, 2018.1165
180.3120, -66.1743, 0.0103, 2024.8155
178.9190, -59.6217, 0.0111, 2031.5145
176.8490, -53.2506, 0.0114, 2038.2135
174.1240, -47.1307, 0.0111, 2044.9126
170.7750, -41.3292, 0.0104, 2051.6114
166.8370, -35.9096, 0.0093, 2058.3106
162.3550, -30.9313, 0.0079, 2065.0093
157.3760, -26.4488, 0.0064, 2071.7088
151.9570, -22.5112, 0.0048, 2078.4073
150.5400, -21.6172, 0.0044, 2080.0827
137.0820, -14.3102, 0.0009, 2095.3965
122.9340, -8.4500, -0.0015, 2110.7101
108.2510, -4.1007, -0.0026, 2126.0237
93.1941, -1.3100, -0.0027, 2141.3371
77.9278, -0.1085, -0.0022, 2156.6506
74.0981, 0.0000, -0.0020, 2160.4818
69.0981, 0.0000, -0.0017, 2165.4818
64.0981, 0.0000, -0.0014, 2170.4818
59.0981, 0.0000, -0.0011, 2175.4818
54.0981, 0.0000, -0.0008, 2180.4818
49.0981, 0.0000, -0.0006, 2185.4818
44.0981, 0.0000, -0.0003, 2190.4818
39.0981, 0.0000, -0.0002, 2195.4818
34.0981, 0.0000, -0.0001, 2200.4818
29.0981, 0.0000, 0.0000, 2205.4818
24.0981, 0.0000, 0.0000, 2210.4818
19.0981, 0.0000, 0.0000, 2215.4818
14.0981, 0.0000, 0.0000, 2220.4818
9.0981, 0.0000, 0.0000, 2225.4818
4.0981, 0.0000, 0.0000, 2230.4818
0.0000, 0.0000, 0.0000, 2234.5799
ENDTABLE

SEGMENT_XY_TABLE
0.0000, 0.0000, 0.0000
-5.0000, 0.0000, 5.0000
-10.0000, 0.0000, 10.0000
-15.0000, 0.0000, 15.0000
-20.0000, 0.0000, 20.0000
-25.0000, 0.0000, 25.0000
-30.0000, 0.0000, 30.0000
-35.0000, 0.0000, 35.0000
-40.0000, 0.0000, 40.0000
-45.0000, 0.0000, 45.0000
-50.0000, 0.0000, 50.0000
-55.0000, 0.0000, 55.0000
-60.0000, 0.0000, 60.0000
-65.0000, 0.0000, 65.0000
-70.0000, 0.0000, 70.0000
-75.0000, 0.0000, 75.0000
-80.0000, 0.0000, 80.0000
-85.0000, 0.0000, 85.0000
-90.0000, 0.0000, 90.0000
-95.0000, 0.0000, 95.0000
-100.0000, 0.0000, 100.0000
-105.0000, 0.0000, 105.0000
-108.9000, 0.0000, 108.9000
-115.2720, 0.3339, 115.2807
-121.5740, 1.3321, 121.6613
-127.7380, 2.9836, 128.0427
-133.6950, 5.2703, 134.4235
-139.3800, 8.1671, 140.8040
-144.7310, 11.6423, 147.1845
-149.6900, 15.6579, 153.5654
-154.2020, 20.1698, 159.9463
-158.2180, 25.1286, 166.3274
-161.6930, 30.4800, 172.7081
-164.5900, 36.1653, 179.0889
-166.8760, 42.1223, 185.4695
-168.5280, 48.2857, 191.8504
-169.5260, 54.5879, 198.2312
-169.8600, 60.9600, 204.6120
-169.5260, 67.3321, 210.9929
-168.5280, 73.6343, 217.3736
-166.8760, 79.7977, 223.7545
-164.5900, 85.7547, 230.1351
-161.6930, 91.4400, 236.5160
-158.2180, 96.7914, 242.8966
-154.2020, 101.7500, 249.2775
-149.6900, 106.2620, 255.6585
-144.7310, 110.2780, 262.0397
-139.3800, 113.7530, 268.4200
-133.6950, 116.6500, 274.8006
-127.7380, 118.9360, 281.1812
-121.5740, 120.5880, 287.5627
-115.2720, 121.5860, 293.9433
-108.9000, 121.9200, 300.3240
-102.5280, 121.5860, 306.7048
-97.5553, 121.0630, 311.7049
-92.5827, 120.5410, 316.7048
-87.6101, 120.0180, 321.7048
-82.6375, 119.4950, 326.7049
-77.6649, 118.9730, 331.7048
-72.6923, 118.4500, 336.7048
-67.7197, 117.9280, 341.7047
-62.7471, 117.4050, 346.7048
-57.7745, 116.8820, 351.7048
-52.8018, 116.3600, 356.7048
-47.8292, 115.8370, 361.7048
-42.8566, 115.3140, 366.7049
-39.9725, 115.0110, 369.6048
-31.4937, 114.2690, 378.1161
-22.9942, 113.8240, 386.6272
-14.4843, 113.6750, 395.1384
-5.9744, 113.8240, 403.6496
2.5251, 114.2690, 412.1607
11.0039, 115.0110, 420.6719
18.9690, 115.4290, 428.6480
26.9341, 115.0110, 436.6241
34.8119, 113.7630, 444.6001
42.5161, 111.6990, 452.5760
49.9623, 108.8410, 460.5518
57.0690, 105.2200, 468.5279
63.7582, 100.8760, 476.5038
69.9567, 95.8563, 484.4799
75.5966, 90.2164, 492.4560
78.9423, 86.5007, 497.4560
82.2879, 82.7849, 502.4560
85.6336, 79.0692, 507.4560
88.9792, 75.3535, 512.4560
92.3249, 71.6378, 517.4560
95.6705, 67.9221, 522.4559
99.0162, 64.2063, 527.4560
100.4940, 62.6760, 529.5834
102.0750, 61.2524, 531.7109
103.7520, 59.9426, 533.8388
105.5150, 58.7529, 535.9656
107.3580, 57.6892, 538.0936
109.2700, 56.7566, 540.2209
111.2420, 55.9596, 542.3478
113.2660, 55.3022, 544.4759
115.3300, 54.7875, 546.6031
117.4250, 54.4181, 548.7305
119.5410, 54.1957, 550.8581
121.6670, 54.1214, 552.9854
123.7930, 54.1957, 555.1127
125.9090, 54.4181, 557.2404
128.0040, 54.7875, 559.3677
130.0690, 55.3022, 561.4959
132.0920, 55.9596, 563.6230
134.0650, 56.7566, 565.7509
135.9770, 57.6892, 567.8782
137.8190, 58.7529, 570.0053
139.5830, 59.9426, 572.1330
141.2590, 61.2524, 574.2601
142.8400, 62.6760, 576.3876
144.3180, 64.2063, 578.5151
145.6860, 65.8361, 580.6429
146.9360, 67.5572, 582.7700
148.0640, 69.3614, 584.8978
149.0620, 71.2399, 587.0250
149.9280, 73.1834, 589.1527
151.8010, 77.8193, 594.1527
153.6740, 82.4553, 599.1527
155.5470, 87.0912, 604.1527
157.4200, 91.7271, 609.1527
158.4990, 94.3974, 612.0327
160.9260, 99.6017, 617.7751
163.8830, 104.5240, 623.5173
167.3390, 109.1100, 629.2597
171.2550, 113.3090, 635.0014
175.5890, 117.0770, 640.7443
180.2930, 120.3700, 646.4864
185.3150, 123.1540, 652.2285
190.6010, 125.3980, 657.9710
196.0920, 127.0770, 663.7130
201.7290, 128.1730, 669.4556
205.5370, 128.5730, 673.2845
210.5250, 128.9220, 678.2847
215.5130, 129.2700, 683.2848
220.5010, 129.6190, 688.2850
225.4890, 129.9680, 693.2852
230.4760, 130.3170, 698.2844
234.0680, 130.5680, 701.8852
243.6330, 130.4840, 711.4505
253.0680, 128.9060, 721.0166
262.1390, 125.8700, 730.5822
270.6240, 121.4530, 740.1480
278.3130, 115.7630, 749.7134
285.0180, 108.9410, 759.2788
290.5730, 101.1530, 768.8449
294.8410, 92.5924, 778.4105
297.7180, 83.4694, 787.9764
299.9330, 70.9037, 800.7358
300.8230, 58.1753, 813.4953
300.3780, 45.4236, 826.2547
298.6020, 32.7882, 839.0143
295.5150, 20.4077, 851.7739
292.7450, 12.3628, 860.2823
289.8370, 3.9153, 869.2164
287.5240, -4.7146, 878.1508
285.8190, -13.4847, 887.0851
285.0370, -18.4231, 892.0851
284.2550, -23.3616, 897.0851
283.4730, -28.3000, 902.0850
282.6910, -33.2385, 907.0851
281.9090, -38.1769, 912.0850
281.1260, -43.1153, 917.0851
280.3440, -48.0538, 922.0851
279.5620, -52.9922, 927.0850
278.7800, -57.9307, 932.0851
277.9980, -62.8691, 937.0850
277.2160, -67.8076, 942.0850
276.4330, -72.7460, 947.0851
275.6510, -77.6844, 952.0851
274.8690, -82.6229, 957.0851
274.0870, -87.5613, 962.0850
273.3050, -92.4998, 967.0851
272.5230, -97.4382, 972.0850
271.7400, -102.3770, 977.0855
270.9580, -107.3150, 982.0850
270.1760, -112.2540, 987.0855
269.3940, -117.1920, 992.0851
268.6120, -122.1300, 997.0846
268.3680, -123.6710, 998.6448
265.4650, -135.7630, 1011.0804
260.7060, -147.2530, 1023.5170
254.2080, -157.8560, 1035.9527
246.1320, -167.3120, 1048.3880
236.6750, -175.3880, 1060.8241
226.0720, -181.8860, 1073.2599
214.5830, -186.6450, 1085.6955
202.4910, -189.5480, 1098.1311
190.0930, -190.5240, 1110.5675
180.0930, -190.5240, 1120.5675
170.0930, -190.5240, 1130.5675
160.0930, -190.5240, 1140.5675
150.0930, -190.5240, 1150.5675
140.0930, -190.5240, 1160.5675
130.0930, -190.5240, 1170.5675
120.0930, -190.5240, 1180.5675
110.0930, -190.5240, 1190.5675
100.0930, -190.5240, 1200.5675
90.0934, -190.5240, 1210.5671
80.0934, -190.5240, 1220.5671
70.0934, -190.5240, 1230.5671
60.0934, -190.5240, 1240.5671
50.0934, -190.5240, 1250.5671
40.0934, -190.5240, 1260.5671
30.0934, -190.5240, 1270.5671
20.0934, -190.5240, 1280.5671
10.0934, -190.5240, 1290.5671
0.0934, -190.5240, 1300.5671
-9.9066, -190.5240, 1310.5671
-19.9066, -190.5240, 1320.5671
-29.9066, -190.5240, 1330.5671
-39.9066, -190.5240, 1340.5671
-49.9066, -190.5240, 1350.5671
-59.9066, -190.5240, 1360.5671
-69.9066, -190.5240, 1370.5671
-79.9066, -190.5240, 1380.5671
-89.9066, -190.5240, 1390.5671
-99.9066, -190.5240, 1400.5671
-109.9070, -190.5240, 1410.5675
-113.1070, -190.5240, 1413.7675
-120.7360, -189.9230, 1421.4201
-128.1770, -188.1370, 1429.0724
-135.2480, -185.2080, 1436.7261
-141.7730, -181.2100, 1444.3785
-147.5920, -176.2390, 1452.0317
-152.5620, -170.4200, 1459.6843
-156.5610, -163.8950, 1467.3372
-159.4900, -156.8250, 1474.9899
-161.2760, -149.3830, 1482.6432
-161.8770, -141.7540, 1490.2959
-161.8770, -136.7540, 1495.2959
-161.8770, -131.7540, 1500.2959
-161.8770, -126.7540, 1505.2959
-161.8770, -121.7540, 1510.2959
-161.8770, -116.7540, 1515.2959
-161.8770, -111.7540, 1520.2959
-161.8770, -106.7540, 1525.2959
-161.8770, -101.7540, 1530.2959
-161.8770, -96.7538, 1535.2961
-161.8770, -91.7538, 1540.2961
-161.8770, -86.7538, 1545.2961
-161.8770, -84.5438, 1547.5061
-161.5760, -78.8093, 1553.2485
-160.6780, -73.1377, 1558.9907
-159.1920, -67.5911, 1564.7329
-157.1340, -62.2302, 1570.4753
-154.5270, -57.1138, 1576.2176
-151.3990, -52.2979, 1581.9602
-147.7860, -47.8353, 1587.7020
-143.7250, -43.7748, 1593.4448
-139.2630, -40.1611, 1599.1866
-134.4470, -37.0336, 1604.9290
-129.3300, -34.4267, 1610.6717
-123.9690, -32.3688, 1616.4142
-118.4230, -30.8826, 1622.1558
-112.7510, -29.9843, 1627.8985
-107.0170, -29.6838, 1633.6404
-101.2820, -29.9843, 1639.3833
-95.6106, -30.8826, 1645.1254
-90.0640, -32.3688, 1650.8676
-84.7031, -34.4267, 1656.6099
-79.5866, -37.0336, 1662.3523
-74.7707, -40.1611, 1668.0946
-70.3081, -43.7748, 1673.8369
-66.2477, -47.8353, 1679.5792
-62.6340, -52.2979, 1685.3215
-59.5065, -57.1138, 1691.0638
-56.8995, -62.2302, 1696.8061
-54.8417, -67.5911, 1702.5484
-53.2966, -72.3464, 1707.5484
-51.7515, -77.1017, 1712.5484
-50.2064, -81.8569, 1717.5483
-48.6613, -86.6122, 1722.5484
-47.1162, -91.3675, 1727.5484
-45.5712, -96.1228, 1732.5484
-44.2331, -100.2410, 1736.8785
-43.6471, -101.8960, 1738.6342
-42.9754, -103.5170, 1740.3888
-42.2196, -105.1020, 1742.1448
-41.3820, -106.6450, 1743.9005
-40.4648, -108.1410, 1745.6553
-39.4705, -109.5880, 1747.4110
-38.4019, -110.9810, 1749.1666
-37.2618, -112.3150, 1750.9215
-36.0535, -113.5890, 1752.6773
-34.7801, -114.7970, 1754.4325
-33.4453, -115.9370, 1756.1879
-32.0526, -117.0060, 1757.9436
-30.6059, -118.0000, 1759.6988
-29.1092, -118.9170, 1761.4541
-27.5665, -119.7550, 1763.2097
-25.9821, -120.5110, 1764.9653
-24.3603, -121.1820, 1766.7204
-22.7055, -121.7680, 1768.4759
-21.0224, -122.2670, 1770.2314
-19.3155, -122.6770, 1771.9868
-17.5894, -122.9970, 1773.7424
-15.8490, -123.2260, 1775.4978
-14.0990, -123.3640, 1777.2532
-12.3442, -123.4100, 1779.0086
-10.5894, -123.3640, 1780.7640
-8.8393, -123.2260, 1782.5195
-7.0989, -122.9970, 1784.2749
-5.3729, -122.6770, 1786.0303
-3.6660, -122.2670, 1787.7858
-1.9829, -121.7680, 1789.5413
-0.3281, -121.1820, 1791.2968
8.7746, -118.2250, 1800.8677
18.1367, -116.2350, 1810.4390
27.6554, -115.2340, 1820.0102
37.2266, -115.2340, 1829.5814
46.7454, -116.2350, 1839.1527
56.1075, -118.2250, 1848.7239
65.2102, -121.1820, 1858.2949
73.9539, -125.0750, 1867.8661
82.2428, -129.8610, 1877.4375
88.0443, -133.2110, 1884.1367
94.1642, -135.9350, 1890.8355
100.5350, -138.0050, 1897.5341
107.0880, -139.3980, 1904.2336
113.7500, -140.0980, 1910.9322
120.4490, -140.0980, 1917.6312
127.1120, -139.3980, 1924.3309
133.6640, -138.0050, 1931.0294
140.0350, -135.9350, 1937.7282
146.1550, -133.2110, 1944.4270
151.9570, -129.8610, 1951.1267
157.3760, -125.9230, 1957.8255
162.3550, -121.4410, 1964.5246
166.8370, -116.4630, 1971.2231
170.7750, -111.0430, 1977.9226
174.1240, -105.2420, 1984.6209
176.8490, -99.1217, 1991.3205
178.9190, -92.7505, 1998.0195
180.3120, -86.1979, 2004.7185
181.0120, -79.5356, 2011.4175
181.0120, -72.8366, 2018.1165
180.3120, -66.1743, 2024.8155
178.9190, -59.6217, 2031.5145
176.8490, -53.2506, 2038.2135
174.1240, -47.1307, 2044.9126
170.7750, -41.3292, 2051.6114
166.8370, -35.9096, 2058.3106
162.3550, -30.9313, 2065.0093
157.3760, -26.4488, 2071.7088
151.9570, -22.5112, 2078.4073
150.5400, -21.6172, 2080.0827
137.0820, -14.3102, 2095.3965
122.9340, -8.4500, 2110.7101
108.2510, -4.1007, 2126.0237
93.1941, -1.3100, 2141.3371
77.9278, -0.1085, 2156.6506
74.0981, 0.0000, 2160.4818
69.0981, 0.0000, 2165.4818
64.0981, 0.0000, 2170.4818
59.0981, 0.0000, 2175.4818
54.0981, 0.0000, 2180.4818
49.0981, 0.0000, 2185.4818
44.0981, 0.0000, 2190.4818
39.0981, 0.0000, 2195.4818
34.0981, 0.0000, 2200.4818
29.0981, 0.0000, 2205.4818
24.0981, 0.0000, 2210.4818
19.0981, 0.0000, 2215.4818
14.0981, 0.0000, 2220.4818
9.0981, 0.0000, 2225.4818
4.0981, 0.0000, 2230.4818
0.0000, 0.0000, 2234.5799
ENDTABLE

ROAD_ZS_TABLE SPLINE_FLAT
0.0000, 0.0000
5.0000, 0.0000
10.0000, 0.0000
15.0000, 0.0000
20.0000, 0.0000
25.0000, 0.0000
30.0000, 0.0000
35.0000, 0.0000
40.0000, 0.0000
45.0000, 0.0000
50.0000, 0.0000
55.0000, -0.0378
60.0000, -0.1073
65.0000, -0.1880
70.0000, -0.2590
75.0000, -0.3000
80.0000, -0.3000
85.0000, -0.2828
90.0000, -0.2636
95.0000, -0.2530
100.0000, -0.2616
105.0000, -0.3000
108.9000, -0.3563
115.2807, -0.4965
121.6613, -0.6891
128.0427, -0.9261
134.4235, -1.1991
140.8040, -1.4998
147.1845, -1.8201
153.5654, -2.1517
159.9463, -2.4864
166.3274, -2.8159
172.7081, -3.1315
179.0889, -3.4101
185.4695, -3.6107
191.8504, -3.6914
198.2312, -3.6101
204.6120, -3.3249
210.9929, -2.8111
217.3736, -2.1278
223.7545, -1.3590
230.1351, -0.5889
236.5160, 0.0985
242.8966, 0.6192
249.2775, 0.8890
255.6585, 0.8983
262.0397, 0.9007
268.4200, 0.8999
274.8006, 0.9000
281.1812, 0.9000
287.5627, 0.9000
293.9433, 0.9000
300.3240, 0.9000
306.7048, 0.9003
311.7049, 0.8996
316.7048, 0.8928
321.7048, 0.8797
326.7049, 0.8609
331.7048, 0.8370
336.7048, 0.8088
341.7047, 0.7768
346.7048, 0.7417
351.7048, 0.7041
356.7048, 0.6647
361.7048, 0.6241
366.7049, 0.5829
369.6048, 0.5591
378.1161, 0.4905
386.6272, 0.4265
395.1384, 0.3702
403.6496, 0.3248
412.1607, 0.2936
420.6719, 0.2775
428.6480, 0.2740
436.6241, 0.2791
444.6001, 0.2903
452.5760, 0.3050
460.5518, 0.3215
468.5279, 0.3388
476.5038, 0.3564
484.4799, 0.3733
492.4560, 0.3890
497.4560, 0.3979
502.4560, 0.4058
507.4560, 0.4125
512.4560, 0.4179
517.4560, 0.4218
522.4559, 0.4240
527.4560, 0.4244
529.5834, 0.4239
531.7109, 0.4231
533.8388, 0.4218
535.9656, 0.4202
538.0936, 0.4181
540.2209, 0.4156
542.3478, 0.4126
544.4759, 0.4091
546.6031, 0.4052
548.7305, 0.4008
550.8581, 0.3959
552.9854, 0.3904
555.1127, 0.3844
557.2404, 0.3779
559.3677, 0.3708
561.4959, 0.3631
563.6230, 0.3548
565.7509, 0.3460
567.8782, 0.3365
570.0053, 0.3263
572.1330, 0.3156
574.2601, 0.3041
576.3876, 0.2921
578.5151, 0.2805
580.6429, 0.2712
582.7700, 0.2657
584.8978, 0.2660
587.0250, 0.2736
589.1527, 0.2904
594.1527, 0.3728
599.1527, 0.5119
604.1527, 0.6993
609.1527, 0.9262
612.0327, 1.0715
617.7751, 1.3854
623.5173, 1.7205
629.2597, 2.0638
635.0014, 2.4023
640.7443, 2.7229
646.4864, 3.0126
652.2285, 3.2583
657.9710, 3.4471
663.7130, 3.5658
669.4556, 3.6014
673.2845, 3.5759
678.2847, 3.5174
683.2848, 3.4874
688.2850, 3.5475
693.2852, 3.7540
698.2844, 4.0970
701.8852, 4.3985
711.4505, 5.2551
721.0166, 5.8909
730.5822, 5.9985
740.1480, 6.0000
749.7134, 6.0000
759.2788, 5.9990
768.8449, 5.9355
778.4105, 5.4211
787.9764, 4.5340
800.7358, 3.1348
813.4953, 1.8544
826.2547, 0.5488
839.0143, -0.4350
851.7739, -0.6301
860.2823, -0.4649
869.2164, -0.1585
878.1508, 0.1753
887.0851, 0.4304
892.0851, 0.5227
897.0851, 0.5845
902.0850, 0.6210
907.0851, 0.6374
912.0850, 0.6390
917.0851, 0.6308
922.0851, 0.6182
927.0850, 0.6061
932.0851, 0.6000
937.0850, 0.6037
942.0850, 0.6169
947.0851, 0.6383
952.0851, 0.6665
957.0851, 0.7001
962.0850, 0.7377
967.0851, 0.7780
972.0850, 0.8194
977.0855, 0.8608
982.0850, 0.9007
987.0855, 0.9379
992.0851, 0.9727
997.0846, 1.0052
998.6448, 1.0150
1011.0804, 1.0876
1023.5170, 1.1547
1035.9527, 1.2215
1048.3880, 1.2913
1060.8241, 1.3649
1073.2599, 1.4427
1085.6955, 1.5249
1098.1311, 1.6095
1110.5675, 1.6901
1120.5675, 1.7475
1130.5675, 1.7944
1140.5675, 1.8277
1150.5675, 1.8471
1160.5675, 1.8534
1170.5675, 1.8474
1180.5675, 1.8297
1190.5675, 1.8010
1200.5675, 1.7623
1210.5671, 1.7141
1220.5671, 1.6572
1230.5671, 1.5924
1240.5671, 1.5204
1250.5671, 1.4420
1260.5671, 1.3578
1270.5671, 1.2687
1280.5671, 1.1753
1290.5671, 1.0785
1300.5671, 0.9789
1310.5671, 0.8773
1320.5671, 0.7744
1330.5671, 0.6711
1340.5671, 0.5679
1350.5671, 0.4657
1360.5671, 0.3653
1370.5671, 0.2672
1380.5671, 0.1724
1390.5671, 0.0815
1400.5671, -0.0048
1410.5675, -0.0857
1413.7675, -0.1106
1421.4201, -0.1677
1429.0724, -0.2219
1436.7261, -0.2732
1444.3785, -0.3216
1452.0317, -0.3671
1459.6843, -0.4100
1467.3372, -0.4501
1474.9899, -0.4876
1482.6432, -0.5225
1490.2959, -0.5549
1495.2959, -0.5747
1500.2959, -0.5935
1505.2959, -0.6112
1510.2959, -0.6280
1515.2959, -0.6438
1520.2959, -0.6586
1525.2959, -0.6724
1530.2959, -0.6853
1535.2961, -0.6973
1540.2961, -0.7084
1545.2961, -0.7186
1547.5061, -0.7228
1553.2485, -0.7330
1558.9907, -0.7420
1564.7329, -0.7500
1570.4753, -0.7569
1576.2176, -0.7627
1581.9602, -0.7675
1587.7020, -0.7713
1593.4448, -0.7742
1599.1866, -0.7761
1604.9290, -0.7770
1610.6717, -0.7771
1616.4142, -0.7763
1622.1558, -0.7746
1627.8985, -0.7721
1633.6404, -0.7688
1639.3833, -0.7647
1645.1254, -0.7599
1650.8676, -0.7543
1656.6099, -0.7480
1662.3523, -0.7411
1668.0946, -0.7334
1673.8369, -0.7252
1679.5792, -0.7163
1685.3215, -0.7069
1691.0638, -0.6969
1696.8061, -0.6863
1702.5484, -0.6753
1707.5484, -0.6652
1712.5484, -0.6549
1717.5483, -0.6442
1722.5484, -0.6331
1727.5484, -0.6218
1732.5484, -0.6101
1736.8785, -0.5998
1738.6342, -0.5956
1740.3888, -0.5914
1742.1448, -0.5871
1743.9005, -0.5827
1745.6553, -0.5784
1747.4110, -0.5740
1749.1666, -0.5696
1750.9215, -0.5652
1752.6773, -0.5607
1754.4325, -0.5562
1756.1879, -0.5517
1757.9436, -0.5472
1759.6988, -0.5426
1761.4541, -0.5380
1763.2097, -0.5334
1764.9653, -0.5288
1766.7204, -0.5242
1768.4759, -0.5195
1770.2314, -0.5148
1771.9868, -0.5101
1773.7424, -0.5054
1775.4978, -0.5006
1777.2532, -0.4959
1779.0086, -0.4911
1780.7640, -0.4863
1782.5195, -0.4815
1784.2749, -0.4767
1786.0303, -0.4719
1787.7858, -0.4670
1789.5413, -0.4622
1791.2968, -0.4573
1800.8677, -0.4306
1810.4390, -0.4038
1820.0102, -0.3768
1829.5814, -0.3499
1839.1527, -0.3231
1848.7239, -0.2965
1858.2949, -0.2704
1867.8661, -0.2447
1877.4375, -0.2196
1884.1367, -0.2024
1890.8355, -0.1857
1897.5341, -0.1693
1904.2336, -0.1534
1910.9322, -0.1381
1917.6312, -0.1232
1924.3309, -0.1090
1931.0294, -0.0953
1937.7282, -0.0823
1944.4270, -0.0701
1951.1267, -0.0585
1957.8255, -0.0477
1964.5246, -0.0377
1971.2231, -0.0286
1977.9226, -0.0204
1984.6209, -0.0131
1991.3205, -0.0067
1998.0195, -0.0014
2004.7185, 0.0029
2011.4175, 0.0062
2018.1165, 0.0087
2024.8155, 0.0103
2031.5145, 0.0111
2038.2135, 0.0114
2044.9126, 0.0111
2051.6114, 0.0104
2058.3106, 0.0093
2065.0093, 0.0079
2071.7088, 0.0064
2078.4073, 0.0048
2080.0827, 0.0044
2095.3965, 0.0009
2110.7101, -0.0015
2126.0237, -0.0026
2141.3371, -0.0027
2156.6506, -0.0022
2160.4818, -0.0020
2165.4818, -0.0017
2170.4818, -0.0014
2175.4818, -0.0011
2180.4818, -0.0008
2185.4818, -0.0006
2190.4818, -0.0003
2195.4818, -0.0002
2200.4818, -0.0001
2205.4818, 0.0000
2210.4818, 0.0000
2215.4818, 0.0000
2220.4818, 0.0000
2225.4818, 0.0000
2230.4818, 0.0000
2234.5799, 0.0000
ENDTABLE

LOG_ENTRY Used Dataset: Road: X-Y-Z Coordinates of Reference Line; { Road Course } Road Course
#Library : Road: X-Y-Z Coordinates of Reference Line
#DataSet : Road Course
#Category: Road Course
#FileID  : RoadXYZ_156e677d-43ff-4730-afc5-105d81e6de04
#Product : TruckSim 2020.1
#VehCode X-Y-Z Coords of Ref. Line

END
