PARSFILE
#FullDataName Steering: Power Assist Force`Pickup, Midsize`
#CheckBox0 0    

#RingCtrl0 SPLINE_FLAT
#RingCtrl1 CONSTANT
#RingCtrl2 MULTIPLY
F_BOOST_R_COMBINE MULTIPLY
#DiagramOne0
F_BOOST_R_TABLE SPLINE_FLAT
-10, -15079.64474
-9.9, -15079.64474
-9.8, -15079.64474
-9.7, -15079.64474
-9.6, -15079.64474
-9.5, -15079.64474
-9.4, -15079.64474
-9.3, -15079.64474
-9.2, -15079.64474
-9.1, -15079.64474
-9, -15079.64474
-8.9, -15079.64474
-8.8, -15079.64474
-8.7, -15079.64474
-8.6, -15079.64474
-8.5, -15079.64474
-8.4, -15079.64474
-8.3, -15079.64474
-8.2, -15079.64474
-8.1, -15079.64474
-8, -15079.64474
-7.9, -15079.64474
-7.8, -15079.64474
-7.7, -15079.64474
-7.6, -15079.64474
-7.5, -15079.64474
-7.4, -15079.64474
-7.3, -15079.64474
-7.2, -15079.64474
-7.1, -15079.64474
-7, -15079.64474
-6.9, -15079.64474
-6.8, -15079.64474
-6.7, -15079.64474
-6.6, -15079.64474
-6.5, -15079.64474
-6.4, -15079.64474
-6.3, -15079.64474
-6.2, -15079.64474
-6.1, -15079.64474
-6, -15079.64474
-5.9, -15079.64474
-5.8, -15079.64474
-5.7, -15079.64474
-5.6, -15079.64474
-5.5, -15079.64474
-5.4, -15079.64474
-5.3, -15079.64474
-5.2, -14707.33084
-5.1, -13406.96974
-5, -12220.60713
-4.9, -11138.24913
-4.8, -10150.77798
-4.7, -9249.87527
-4.6, -8427.95181
-4.5, -7678.083747
-4.4, -6993.954213
-4.3, -6369.800124
-4.2, -5800.363624
-4.1, -5280.847797
-4, -4806.876257
-3.9, -4374.456284
-3.8, -3979.945185
-3.7, -3620.019609
-3.6, -3291.647555
-3.5, -2992.062827
-3.4, -2718.741732
-3.3, -2469.381822
-3.2, -2241.882496
-3.1, -2034.327307
-3, -1844.967816
-2.9, -1672.208865
-2.8, -1514.595138
-2.7, -1370.798901
-2.6, -1239.608819
-2.5, -1119.919752
-2.4, -1010.723441
-2.3, -911.1000214
-2.2, -820.2102675
-2.1, -737.2885272
-2, -661.6362701
-1.9, -592.6162039
-1.8, -529.6469058
-1.7, -472.1979243
-1.6, -419.7853109
-1.5, -371.9675434
-1.4, -328.3418063
-1.3, -288.5405978
-1.2, -252.2286338
-1.1, -219.1000232
-1, -188.8756918
-0.9, -161.3010307
-0.8, -136.1437517
-0.7, -113.1919308
-0.6, -92.2522225
-0.5, -73.14823131
-0.4, -55.71902581
-0.3, -39.81778291
-0.2, -25.31055103
-0.1, -12.07512167
-1.87905e-14, -2.17643e-12
0.1, 12.07512167
0.2, 25.31055103
0.3, 39.81778291
0.4, 55.71902581
0.5, 73.14823131
0.6, 92.2522225
0.7, 113.1919308
0.8, 136.1437517
0.9, 161.3010307
1, 188.8756918
1.1, 219.1000232
1.2, 252.2286338
1.3, 288.5405978
1.4, 328.3418063
1.5, 371.9675434
1.6, 419.7853109
1.7, 472.1979243
1.8, 529.6469058
1.9, 592.6162039
2, 661.6362701
2.1, 737.2885272
2.2, 820.2102675
2.3, 911.1000214
2.4, 1010.723441
2.5, 1119.919752
2.6, 1239.608819
2.7, 1370.798901
2.8, 1514.595138
2.9, 1672.208865
3, 1844.967816
3.1, 2034.327307
3.2, 2241.882496
3.3, 2469.381822
3.4, 2718.741732
3.5, 2992.062827
3.6, 3291.647555
3.7, 3620.019609
3.8, 3979.945185
3.9, 4374.456284
4, 4806.876257
4.1, 5280.847797
4.2, 5800.363624
4.3, 6369.800124
4.4, 6993.954213
4.5, 7678.083747
4.6, 8427.95181
4.7, 9249.87527
4.8, 10150.77798
4.9, 11138.24913
5, 12220.60713
5.1, 13406.96974
5.2, 14707.33084
5.3, 15079.64474
5.4, 15079.64474
5.5, 15079.64474
5.6, 15079.64474
5.7, 15079.64474
5.8, 15079.64474
5.9, 15079.64474
6, 15079.64474
6.1, 15079.64474
6.2, 15079.64474
6.3, 15079.64474
6.4, 15079.64474
6.5, 15079.64474
6.6, 15079.64474
6.7, 15079.64474
6.8, 15079.64474
6.9, 15079.64474
7, 15079.64474
7.1, 15079.64474
7.2, 15079.64474
7.3, 15079.64474
7.4, 15079.64474
7.5, 15079.64474
7.6, 15079.64474
7.7, 15079.64474
7.8, 15079.64474
7.9, 15079.64474
8, 15079.64474
8.1, 15079.64474
8.2, 15079.64474
8.3, 15079.64474
8.4, 15079.64474
8.5, 15079.64474
8.6, 15079.64474
8.7, 15079.64474
8.8, 15079.64474
8.9, 15079.64474
9, 15079.64474
9.1, 15079.64474
9.2, 15079.64474
9.3, 15079.64474
9.4, 15079.64474
9.5, 15079.64474
9.6, 15079.64474
9.7, 15079.64474
9.8, 15079.64474
9.9, 15079.64474
10, 15079.64474
ENDTABLE
F_BOOST_R_V_CONSTANT 1
#RadioCtrl0 0    
#RadioCtrl1 0    

*SCALAR2 1
*EQUATION sign(1,X)*pi/4*0.1376*0.1*40^2*exp(1.835*abs(X)/2)
TC_BOOST 0.04


LOG_ENTRY Used Dataset: Steering: Power Assist Force; Pickup, Midsize
#Library : Steering: Power Assist Force
#DataSet : Pickup, Midsize
#Category: 
#FileID  : FBoost_5692eb44-0e7e-4632-b76f-6a20a195b543
#Product : TruckSim 2020.1
#VehCode Power Assist Force

END
