PARSFILE
#FullDataName Road: Animator Repeated Object`Guard Rail - I-94`Highway Intersection
#RingCtrl0 2
#RingCtrl1 0
#DiagramOne0
*POINTS_TABLE
714.74, -7.2
718.74, -7.2
722.74, -7.2
726.74, -7.2
730.74, -7.2
734.74, -7.2
738.74, -7.2
1023, -7
1027, -7
1031, -7
1035, -7
1039, -7
1043, -7
1047, -7
1051, -7
1055, -7
1059, -7
1063, -7
1067, -7
1071, -7
1075, -7
1079, -7
1083, -7
1087, -7
1091, -7
1095, -7
1099, -7
1103, -7
1107, -7
1111, -7
1115, -7
1119, -7
1123, -7
1127, -7
1131, -7
1135, -7
1138.8, -7
1142.5, -7
1146.2, -7
1150, -7
1153.8, -7
1157.5, -7
1161.2, -7
1165, -7
1168.8, -7
1172.5, -7
1176.2, -7
1180, -7
1183.8, -7
1187.5, -7
1191.2, -7
1195, -7
1198.8, -7
1202.5, -7
1206.2, -7
1210, -7
1213.8, -7
1217.5, -7
1221.2, -7
1225, -7
1228.8, -7
1232.5, -7
1236.2, -7
1240, -7
1243.8, -7
1247.5, -7
1251.2, -7
1255, -7
1258.8, -7
1262.5, -7
1266.2, -7
1270, -7
1273.8, -7
1277.5, -7
1281.2, -7
1285, -7
1288.8, -7
1292.5, -7
1296.2, -7
1300, -7
1303.8, -7
1307.5, -7
1311.2, -7
1315, -7
1318.8, -7
1322.5, -7
1326.2, -7
1330, -7
1333.8, -7
1337.5, -7
1341.2, -7
1345, -7
1348.8, -7
1352.5, -7
1356.2, -7
1360, -7
1363.8, -7
1367.5, -7
1371.2, -7
1375, -7
1378.8, -7
1382.5, -7
1386.2, -7
1390, -7
1393.8, -7
1397.5, -7
1401.2, -7
1405, -7
1408.8, -7
1412.5, -7
1416.2, -7
1420, -7
1423.8, -7
1427.5, -7
1431.2, -7
1435, -7
1438.8, -7
1442.5, -7
1446.2, -7
1450, -7
1453.8, -7
1457.5, -7
1461.2, -7
1465, -7
1468.8, -7
1472.5, -7
1476.2, -7
1480, -7
1483.8, -7
1487.5, -7
1491.2, -7
1495, -7
1498.8, -7
1502.5, -7
1506.2, -7
1510, -7
1513.8, -7
1517.5, -7
1521.2, -7
1525, -7
1528.8, -7
1532.5, -7
1536.2, -7
1540, -7
1543.8, -7
1547.5, -7
1551.2, -7
1555, -7
1558.8, -7
1562.5, -7
1566.2, -7
1570, -7
1573.8, -7
1577.5, -7
1581.2, -7
1585, -7
1588.8, -7
1592.5, -7
1596.2, -7
1600, -7
1603.8, -7
1607.5, -7
1611.2, -7
1615, -7
1618.8, -7
1622.5, -7
1626.2, -7
1630, -7
1633.8, -7
1637.5, -7
1641.2, -7
1645, -7
1648.8, -7
1652.5, -7
1656.2, -7
1660, -7
1663.8, -7
1667.5, -7
1671.2, -7
1675, -7
1678.8, -7
1682.5, -7
1686.2, -7
1690, -7
1693.8, -7
1697.5, -7
1059, 21.9
1063, 21.9
1067, 21.9
1071, 21.9
1075, 21.9
1079, 21.9
1083, 21.9
1087, 21.9
1091, 21.9
1095, 21.9
1099, 21.9
1103, 21.9
1107, 21.9
1111, 21.9
1115, 21.9
1119, 21.9
1123, 21.9
1127, 21.9
1131, 21.9
1135, 21.9
1138.8, 21.9
1142.5, 21.9
1146.2, 21.9
1150, 21.9
1153.8, 21.9
1157.5, 21.9
1161.2, 21.9
1165, 21.9
1168.8, 21.9
1172.5, 21.9
1176.2, 21.9
1180, 21.9
1183.8, 21.9
1187.5, 21.9
1191.2, 21.9
1195, 21.9
1198.8, 21.9
1202.5, 21.9
1206.2, 21.9
1210, 21.9
1213.8, 21.9
1217.5, 21.9
1221.2, 21.9
1225, 21.9
1228.8, 21.9
1232.5, 21.9
1236.2, 21.9
1240, 21.9
1243.8, 21.9
1247.5, 21.9
1251.2, 21.9
1255, 21.9
1258.8, 21.9
1262.5, 21.9
1266.2, 21.9
1270, 21.9
1273.8, 21.9
1277.5, 21.9
1281.2, 21.9
1285, 21.9
1288.8, 21.9
1292.5, 21.9
1296.2, 21.9
1300, 21.9
1303.8, 21.9
1307.5, 21.9
1311.2, 21.9
1315, 21.9
1318.8, 21.9
1322.5, 21.9
1326.2, 21.9
1330, 21.9
1333.8, 21.9
1337.5, 21.9
1341.2, 21.9
1345, 21.9
1348.8, 21.9
1352.5, 21.9
1356.2, 21.9
1360, 21.9
1363.8, 21.9
1367.5, 21.9
1371.2, 21.9
1375, 21.9
1378.8, 21.9
1382.5, 21.9
1386.2, 21.9
1390, 21.9
1393.8, 21.9
1397.5, 21.9
1401.2, 21.9
1405, 21.9
1408.8, 21.9
1412.5, 21.9
1416.2, 21.9
1420, 21.9
1423.8, 21.9
1427.5, 21.9
1431.2, 21.9
1435, 21.9
1438.8, 21.9
1442.5, 21.9
1446.2, 21.9
1450, 21.9
1453.8, 21.9
1457.5, 21.9
1461.2, 21.9
1465, 21.9
1468.8, 21.9
1472.5, 21.9
1476.2, 21.9
1480, 21.9
1483.8, 21.9
1487.5, 21.9
1491.2, 21.9
1495, 21.9
1498.8, 21.9
1502.5, 21.9
1506.2, 21.9
1510, 21.9
1513.8, 21.9
1517.5, 21.9
1521.2, 21.9
1525, 21.9
1528.8, 21.9
1532.5, 21.9
1536.2, 21.9
1540, 21.9
1543.8, 21.9
1547.5, 21.9
1551.2, 21.9
1555, 21.9
1558.8, 21.9
1562.5, 21.9
1566.2, 21.9
1570, 21.9
1573.8, 21.9
1577.5, 21.9
1581.2, 21.9
1585, 21.9
1588.8, 21.9
1592.5, 21.9
1596.2, 21.9
1600, 21.9
1603.8, 21.9
1607.5, 21.9
1611.2, 21.9
1615, 21.9
1618.8, 21.9
1622.5, 21.9
1626.2, 21.9
1630, 21.9
1633.8, 21.9
1637.5, 21.9
1641.2, 21.9
1645, 21.9
1648.8, 21.9
1652.5, 21.9
1656.2, 21.9
1660, 21.9
1663.8, 21.9
1667.5, 21.9
1671.2, 21.9
1675, 21.9
1678.8, 21.9
1682.5, 21.9
1686.2, 21.9
1690, 21.9
1693.8, 21.9
1697.5, 21.9
ENDTABLE
#RadioCtrl0 1    

#CheckBox0 0    



SPECIAL_PARSFILE Animator\STL\Shape_a8297e79-58c8-4b47-9c43-83d6ed422353.par
#BlueLink0 Animator: Shape File Link`Guard Rail: Repeatable Center Section` Environment: Props (1 of 2)` , 3D Object`Shape_a8297e79-58c8-4b47-9c43-83d6ed422353


LOG_ENTRY Used Dataset: Road: Animator Repeated Object; { Highway Intersection } Guard Rail - I-94
#Library : Road: Animator Repeated Object
#DataSet : Guard Rail - I-94
#Category: Highway Intersection
#FileID  : AniRep_c91014ff-8339-4ee6-b93a-5e0b6ee34064
#Product : TruckSim 2020.1
#VehCode Repeated Object

END
