PARSFILE
#FullDataName Road: Animator Repeated Object`Shrubbery`Japanese Environment
#RingCtrl0 1
#RingCtrl1 0
#DiagramOne0
*POINTS_TABLE
197.149614245, 12.6984995688
144.838050565, 16.2882478953
183.4425418, 9.672460598
254.5870333, 19.27970483
290.773, -11
187.747996809, 13.2967909566
181.952188321, -15.0484708532
165.804121362, -16.5675813066
210.167238386, 14.493373732
167.498359256, 15.9891022014
187.2756898, -10.601
194.9274631, -19.922
187.579544988, -15.6561150346
224.134, 9.967994668
297.924669203, 10.7764068548
151.587929749, 13.8950823443
160.421432376, -14.4408266718
221.883, 18.16919591
175.935708236, 18.3822677523
155.528078752, -15.3522929439
291.416782765, 12.2955173083
144.273365418, -8.97202903955
140.3365716, -15.734
229.9648667, -21.40341625
235.915634794, -15.4677638487
135.677500243, 12.3993538749
204.071028872, -19.9257427241
188.827, 7.5
296.547, 7.5
162.918084095, 11.8010624872
215.1560341, -10.99077049
162.677016981, 18.0831220585
250.8330333, 16.58739359
211.5506517, -10.516
236.929, -11
214.988580661, 17.4848306707
157.373540479, 17.1856849769
191.004892524, -17.175225488
176.7470535, -11.53230164
218.907, -9.918
141.463110973, 12.1002081811
136.4596696, -13.88701875
175.835496291, -15.9599371253
236.113, 18.98055914
183.4415418, -18.71409916
169.9113545, -15.42119566
133.385653605, -17.8453525822
191.494227887, -12.9217162184
247.2156642, -13.0280301
202.935224974, 10.6044797117
164.091447594, -13.5293603998
233.020670619, -14.8733666653
178.346379374, 14.493373732
172.4557356, -20.086
171.596500189, 8.51045985464
240.740575085, -15.7649624404
227.338, -17.81436121
247.1276642, -15.301
193.051473311, 16.2882478953
201.2032279, -10.516
182.106, 17.07819671
197.998, -11.02727332
239.293092998, -13.9817708902
166.534090801, 9.10875124238
294.1304886, -12.4297387162
206.9202279, 7.5
173.525037099, 14.493373732
194.25680888, 8.51045985464
177.8991593, 7.5
257.38661909, 21.3848615212
258.351607148, 16.3324854624
262.992833588, 20.8061983809
262.270073223, 16.96534364
ENDTABLE
#RadioCtrl0 1    

#CheckBox0 0    



SPECIAL_PARSFILE Animator\STL_Groups\ShpGrp_d1b2c5e4-954e-435e-89dd-9476004f0434.par
#BlueLink0 Animator: Shape Assembly`Shrub Set 1` Trees and Shrubs` , 3D Object`ShpGrp_d1b2c5e4-954e-435e-89dd-9476004f0434


LOG_ENTRY Used Dataset: Road: Animator Repeated Object; { Japanese Environment } Shrubbery
#Library : Road: Animator Repeated Object
#DataSet : Shrubbery
#Category: Japanese Environment
#FileID  : AniRep_a0f6b0ad-4d6a-4988-bd8f-6c8e9a737bdd
#Product : TruckSim 2020.1
#VehCode Repeated Object

END
