PARSFILE
#FullDataName Road: Animator Repeated Object`Concrete Barrier for 6-Lane Highway`Fences
#RingCtrl0 2
#RingCtrl1 0
#DiagramOne0
*POINTS_TABLE
3, 0
9.1, 0
15.2, 0
21.3, 0
27.4, 0
33.5, 0
39.6, 0
45.7, 0
51.8, 0
57.9, 0
64, 0
70.1, 0
76.2, 0
82.3, 0
88.8, 0
94.9, 0
101, 0
107.1, 0
113.2, 0
119.3, 0
125.4, 0
131.5, 0
137.6, 0
143.7, 0
149.8, 0
155.9, 0
162, 0
168.1, 0
174.6, 0
180.7, 0
186.8, 0
192.9, 0
199, 0
205.1, 0
211.2, 0
217.3, 0
223.4, 0
229.5, 0
235.6, 0
241.7, 0
247.8, 0
253.9, 0
260.4, 0
266.5, 0
272.6, 0
278.7, 0
284.8, 0
290.9, 0
297, 0
303.1, 0
309.2, 0
315.3, 0
321.4, 0
327.5, 0
333.6, 0
339.7, 0
346.2, 0
352.3, 0
358.4, 0
364.5, 0
370.6, 0
376.7, 0
382.8, 0
388.9, 0
395, 0
401.1, 0
407.2, 0
413.3, 0
419.4, 0
425.5, 0
432, 0
438.1, 0
444.2, 0
450.3, 0
456.4, 0
462.5, 0
468.6, 0
474.7, 0
480.8, 0
486.9, 0
493, 0
499.1, 0
505.2, 0
511.3, 0
517.8, 0
523.9, 0
530, 0
536.1, 0
542.2, 0
548.3, 0
554.4, 0
560.5, 0
566.6, 0
572.7, 0
578.8, 0
584.9, 0
591, 0
597.1, 0
603.6, 0
609.7, 0
615.8, 0
621.9, 0
628, 0
634.1, 0
640.2, 0
646.3, 0
652.4, 0
658.5, 0
664.6, 0
670.7, 0
676.8, 0
682.9, 0
689.4, 0
695.5, 0
701.6, 0
707.7, 0
713.8, 0
719.9, 0
726, 0
732.1, 0
738.2, 0
744.3, 0
750.4, 0
756.5, 0
762.6, 0
768.7, 0
775.2, 0
781.3, 0
787.4, 0
793.5, 0
799.6, 0
805.7, 0
811.8, 0
817.9, 0
824, 0
830.1, 0
836.2, 0
842.3, 0
848.4, 0
854.5, 0
861, 0
867.1, 0
873.2, 0
879.3, 0
885.4, 0
891.5, 0
897.6, 0
903.7, 0
909.8, 0
915.9, 0
922, 0
928.1, 0
934.2, 0
940.3, 0
946.8, 0
952.9, 0
959, 0
965.1, 0
971.2, 0
977.3, 0
983.4, 0
989.5, 0
995.6, 0
ENDTABLE
#RadioCtrl0 1    

#CheckBox0 0    



SPECIAL_PARSFILE Animator\STL\Shape_da35307a-7c17-410a-ad0b-74cd82554640.par
#BlueLink0 Animator: Shape File Link`Concrete Barrier` Environment: Props (1 of 2)` , 3D Object`Shape_da35307a-7c17-410a-ad0b-74cd82554640


LOG_ENTRY Used Dataset: Road: Animator Repeated Object; { Fences } Concrete Barrier for 6-Lane Highway
#Library : Road: Animator Repeated Object
#DataSet : Concrete Barrier for 6-Lane Highway
#Category: Fences
#FileID  : AniRep_b03c1bc4-b617-4b03-a81d-afe09f13b8b6
#Product : TruckSim 2020.1
#VehCode Repeated Object

END
