PARSFILE
#FullDataName Road: Animator Repeated Object`1000 Trees 500m x 500m Grid`Trees
#RingCtrl0 1
#RingCtrl1 0
#DiagramOne0
*POINTS_TABLE
-481.091, -149.638
-250.765, 23.851
339.752, -79.095
156.005, 48.162
131.704, -28.011
-487.442, 65.141
-17.456, 187.251
-203.211, -170.683
246.703, 71.862
-98.812, 128.667
56.427, 62.971
280.046, -27.517
102.767, 163.73
163.889, -108.75
-308.557, -93.701
-270.788, -164.114
439.465, -125.591
363.537, 166.015
474.108, -21.503
-132.877, -154.693
-55.206, -47.369
-275.769, 60.203
-483.445, -126.41
227.015, -71.09
385.663, 181.168
-346.979, 132.089
-363.076, 180.115
189.098, 66.941
-82.303, -47.986
177.773, -65.46
447.707, -107.066
273.991, 35.936
172.507, 114.967
197.906, 182.642
244.089, 187.607
199.466, -164.686
451.565, 64.786
-447.832, 51.217
-230.174, 181.938
291.222, -187.453
-336.31, 157.205
294.52, 200.975
-290.742, -52.571
-452.136, 87.347
254.069, 91.66
-467.775, -108.531
-415.322, 88.207
45.7, -184.526
-174.448, -33.485
233.337, -183.708
-309.296, 81.21
372.872, -41.203
227.015, -71.09
-215.915, 148.864
-153.628, -111.672
-192.505, 101.047
-294.405, -189.697
187.81, -162.086
242.864, -131.04
26.38, 174.701
35.465, 139.896
71.451, -108.947
163.383, -28.084
301.181, -149.462
-68.917, 118.593
-294.857, -152.596
-169.096, 188.882
175.679, 73.97
-274.114, -67.634
189.283, -65.473
-264.201, -83.93
-283.805, -147.581
-444.567, 61.341
414.464, 151.561
-24.293, -15.979
457.964, 135.525
48.712, 144.518
310.906, -191.407
-153.628, -111.672
-386.766, -167.658
-271.12, 67.151
-246.536, -133.74
363.653, -41.36
329.6, 194.971
-314.487, 36.271
-103.243, -44.124
462.704, 153.697
-399.21, 86.404
118.545, 196.838
-334.802, 191.327
22.578, -134.73
281.099, 84.178
437.806, -67.117
193.312, -165.29
-452.136, 87.347
-313.258, -189.477
-286.854, 178.773
365.097, -77.377
-111.701, 42.619
-19.603, 196.068
362.581, -169.959
-105.547, 56.528
-451.525, -167.009
138.005, -121.51
465.425, -134.711
167.836, 94.18
-313.258, 105.758
-134.872, -116.43
310.186, 111.756
-334.933, 27.129
449.652, 50.312
257.92, -192.585
167.562, 80.868
-86.888, 32.303
484.65, -112.446
-268.747, 103.004
-191.365, 42.069
-365.783, 64.262
-322.071, 23.984
-206.288, 167.581
-333.778, -133.165
-409.221, -16.428
92.862, 98.64
397.238, 152.263
-462.252, -169.598
-295.996, 84.718
145.697, 135.274
-226.423, 108.686
366.955, -72.62
-93.772, -58.237
149.262, 109.396
-131.849, -163.307
460.798, 103.033
-162.878, -54.485
-256.188, -134.266
171.224, 163.88
-313.258, -189.477
-223.897, -182.335
476.643, 122.69
-81.978, -85.161
282.243, 134.481
265.979, -110.02
-472.877, 66.012
-489.432, -87.423
-458.017, 71.878
158.267, 106.515
468.168, 179.802
306.483, -96.069
115.663, 129.695
-121.144, 48.753
471.202, 166.002
306.3, -87.568
-446.384, -129.579
334.395, 83.231
488.556, 18.292
20.487, -100.064
44.261, 166.368
-380.929, -63.935
453.939, -129.233
233.337, -183.708
-478.353, 74.477
-175.675, -45.712
-68.962, 165.572
-449.25, 129.923
-412.953, 72.588
159.439, -139.705
167.082, -38.162
74.533, 17.315
-48.183, 169.402
-106.618, -27.309
-49.337, 127.87
-493.37, 44.424
-394.275, 24.509
334.395, 83.231
174.465, -112.836
148.349, -69.201
104.396, -69.262
389.461, -97.691
146.25, -197.38
404.745, -19.685
-83.421, -148.104
57.795, 114.372
307.996, -19.262
19.081, 142.779
361.195, 117.924
418.62, -75.17
86.613, -190.153
309.412, -124.871
283.433, 42.648
321.203, 200.427
-385.443, -95.177
-232.687, -90.155
-211.036, -21.135
-27.031, 174.272
136.702, 120.189
-163.911, -24.394
394.558, 79.605
-438.285, 158.398
-86.502, -113.467
96.638, -54.068
28.392, -72.694
-286.68, -128.734
377.114, -94.692
-476.756, -95.403
297.879, -195.889
469.532, 78.447
244.028, 87.596
-277.824, 176.436
295.465, -46.88
207.423, 168.883
44.96, 35.065
462.704, 153.697
83.071, 167.291
-90.309, 70.088
-396.881, -67.851
363.734, 140.956
334.002, 60.564
-425.193, -48.34
14.365, -190.391
-435.315, -118.46
429.881, -27.348
-332.649, 78.067
-308.509, -61.368
440.629, -35.563
-342.089, 78.121
-85.607, 100.112
-416.456, 167.863
473.071, -184.589
-210.035, 68.703
-468.43, -160.404
-100.24, 110.334
-235.986, -85.666
-356.456, 203.414
-131.849, -163.307
-66.157, -44.566
-124.989, 79.998
-195.756, 134.637
344.633, -116.429
348.593, -51.431
-205.559, 96.949
-138.813, 79.868
-73.66, -186.58
-319.391, 80.386
-487.442, 65.141
422.399, 149.767
-485.096, 151.11
450.631, -202.745
306.483, -96.069
-140.92, -174.867
185.755, 128.12
-362.097, -63.087
326.993, -75.833
115.39, -97.564
-338.116, 134.804
26.38, 174.701
-25.578, -73.456
82.907, 144.915
-455.806, 29.685
-231.373, 15.079
-69.699, 70.181
332.083, 17.909
361.133, -197.74
-271.828, -104.589
387.679, -180.799
216.044, 136.241
122.688, -145.603
159.558, -57.859
-470.22, -127.715
57.498, -162.017
465.44, 185.605
201.887, 29.52
426.483, 31.578
229.203, 121.682
-26.25, 38.353
-167.317, 67.947
-447.047, 157.024
308.774, 86.35
318.008, -115.973
-333.291, -60.721
-218.448, -186.881
360.858, 37.139
416.841, 74.625
189.898, 143.894
-222.767, -16.147
-206.179, 203.784
55.163, -65.759
363.342, -120.848
-290.207, 65.721
-47.895, -96.819
183.385, -175.863
133.621, -141.795
240.798, 111.711
-427.389, 66.987
-268.239, -152.156
27.652197027, 77.826095858
-179.199, -104.517
-130.431, 158.496
373.068, 40.99
52.983, -155.934
-436.671, 169.87
341.703, -29.285
282.243, 134.481
365.536, 113.35
-487.442, 65.141
-403.696, 149.099
369.245, 200.113
-162.225, 204.473
-200.424, -202.777
-333.778, -133.165
-276.428, 170.471
-401.225, 143.881
-202.252, 200.134
213.665, -172.084
238.342, -150.727
176.534, -195.766
-494.549, -180.659
-260.101, -60.958
37.071, -185.508
382.316, -134.569
73.971, -158.649
-469.755, -154.2
464.221, 180.938
492.663, -197.104
-233.454, 163.696
263.625, -17.349
-293.584, 146.248
78.236, -172.697
-411.763, 64.565
-171.156, 201.309
-371.529, -31.339
70.723, -148.756
111.599, -109.3
-460.934, -111.948
115.162, 151.577
193.312, -165.29
-184.659, 35.974
202.127, 52.528
73.949, 31.027
447.848, -184.002
-415.01, -78.575
-19.134, -55.485
290.901, 128.155
-283.145, 124.102
-152.164, 146.183
-31.12, -143.768
-478.353, 74.477
189.463, 162.333
-348.97, -160.404
321.041, 15.789
65.626, -25.056
-479.093, -189.967
281.234, -155.747
-188.016, -119.422
326.533, 102.232
291.824, 193.557
-259.395, 100.472
-72.419, 163.244
-374.295, 65.609
-437.211, 42.917
-345.686, 186.295
371.015, 94.489
225.071, -35.526
349.762, 53.577
-379.157, -163.333
-162.225, 204.473
-241.531, 20.304
-57.263, -73.094
459.346, -177.508
-39.804, 31.644
473.018, -155.787
263.446, 49.442
-137.771, -97.068
396.39, -149.945
-278.661, 71.611
-323.425, 155.201
464.859, -186.732
189.864, -150.151
-147.098, 172.093
56.454, 134.005
-64.379, 124.888
494.013, 174.668
-195.501, 156.466
281.298, 103.697
113.248, 126.278
-191.365, 42.069
473.491, -79.143
35.636, 117.299
17.131, 173.859
416.841, 74.625
-240.531, -68.732
454.48, 80.669
474.199, 25.638
124.752, 37.95
-429.87, -83.804
105.534851892, 72.8641029586
252.522, -190.16
323.04, 151.99
-250.311, -51.661
-120.343, 57.737
384.696, 174.673
-25.906, -133.797
-49.365, 44.061
134.313, -78.097
-167.094, -151.421
245.976, 17.838
-13.855, -174.098
-80.466, 91.546
-262.32, 130.592
252.522, -190.16
131.22, 15.767
-72.171, 184.911
-159.562, 125.984
194.727, -48.314
253.183, 95.597
438.977, -26.752
-372.761, -103.433
-190.224, -200.043
3.291, -43.359
-158.144, -118.012
-407.078, -66.165
449.942, -174.506
396.067, 125.237
354.577, 24.515
59.515, 44.622
-300.253, -37.138
-403.696, 149.099
146.617, 18.784
-229.848, 130.112
200.51, -89.222
-39.23, -105.208
41.432, -160.965
-74.378, -32.604
492.592, -190.538
294.468, -33.502
-320.029, 38.515
139.456, 44.558
194.077, -204.594
292.119, 139.306
-342.496, 187.068
-211.962, -151.399
-352.898, -86.089
51.608, 172.841
438.899, -85.481
-113.926, 154.03
422.866, -141.961
387.679, -180.799
-215.511, -63.147
276.828, -20
232.776, -45.384
-384.499, 142.362
-239.257, 172.801
-202.279, 67.089
-298.011, -53.485
374.144, -155.53
382.52, -164.732
320.207, -159.411
-24.293, -15.979
-196.709, -141.621
232.426, 33.185
231.955, -32.972
-286.426, 115.751
-446.143, 119.172
434.777, 167.472
-37.782, -161.985
-462.16, -199.96
-325.614, 112.791
-342.215, -66.877
-28.217, -21.439
-374.768, -126.462
-335.832, -171.495
290.935, -169.99
-100.24, 110.334
-227.14, 46.055
265.119, 83.514
-487.884, -42.27
-324.056, -59.578
20.546, 92.579
176.106, -149.495
141.566, 106.562
-215.511, -63.147
377.413, 152.966
-133.805, -104.787
-159.207, -149.487
175.679, 73.97
-245.741, 160.023
-408.845, 183.521
150.386, 196.898
334.646, -161.941
-382.307, 67.724
-225.415, -60.273
460.241, -42.391
-147.444, 123.853
26.783, -141.968
-25.405, 154.51
47.688, 189.546
398.26, -163.235
382.299, 187.087
-243.408, 87.058
354.577, 24.515
-280.983, 190.477
468.01, -59.649
361.133, -197.74
149.28, -28.257
470.83, -70.377
221.726, -44.941
266.723, 187.373
391.772, 35.852
-198.429, -150.528
93.125, -21.927
-407.755, 79.565
416.539, 47.186
-224.757, -118.026
-68.917, 118.593
-289.782, -119.064
130.854, 45.935
222.608, -77.723
-317.882, -75.312
387.041, -53.511
-274.586, -185.247
-246.673, -100.98
222.608, -77.723
-200.424, -202.777
-172.85, 28.438
-475.311, -138.408
494.013, 174.668
131.294, -170.302
437.806, -67.117
-279.149, 129.584
-182.144, 114.055
-443.139, 175.809
70.723, -148.756
332.63, -67.892
198.524, -126.402
-70.026, -70.084
-342.508, 140.6
-45.149, -183.931
115.39, -97.564
-25.699, -116.931
260.077, -100.264
55.156, 22.595
145.697, 135.274
391.772, 35.852
-108.12, 98.671
-402.159, -156.349
402.425, 39.256
-250.311, -51.661
217.613, 187.86
131.22, 15.767
-121.176, 28.894
195.67, -53.705
16.075, 145.408
-189.117, 51.868
-420.14, -129.637
2.731, -56.809
259.092, -79.407
-192.24, 193.232
-277.538, -169.842
-100.036, 177.961
443.76, 134.859
388.019, -188.401
-147.317, 34.527
456.687, -78.29
-191.557, -185.516
161.54, -195.907
179.765, -41.373
-415.322, 88.207
358.694, 64.582
290.464, 83.962
409.113, -182.336
226.273, -24.578
439.465, -125.591
-132.771, 148.209
-172.85, 28.438
-215.945, -79.901
96.638, -54.068
-381.787, -40.561
478.595, 198.327
-389.279, 150.287
348.593, -51.431
199.146, 107.615
-420.863, -39.995
-486.798, 15.407
-43.13, -185.06
-492.932, -26.321
-49.337, 127.87
131.22, 15.767
259.092, -79.407
-393.06, -179.801
488.413, -57.815
349.782, -163.131
-141.472, -70.636
56.647, 146.624
-57.994, -130.589
-400.739, -196.417
-183.75, -175.272
-72.419, 163.244
-403.327, 63.499
492.035, 144.302
-127.657, 171.047
19.002, -78.956
351.622, 70.862
-301.141, 157.912
228.221, 170.729
-328.164, -37.089
327.858, 39.302
-432.644, 119.19
26.416, -177.502
434.697, 155.138
7.323, -184.289
85.035, -88.972
232.925, 44.232
-275.723, 136.485
412.294, -39.846
-232.034, -154.623
329.757, -183.305
463.746, -195.863
149.262, 109.396
-243.147, -190.947
276.326, 73.532
-471.566, 92.309
-136.259, 170.94
369.485, 30.576
474.108, -21.503
-299.317, -160.851
-178.365, 157.147
474.199, 25.638
177.78, 142.749
-226.734, -70.146
-493.516, 195.769
312.795, -165.03
-184.18, -143.419
-53.559, -148.66
452.422, 101.631
105.954, -53.118
-86.888, 32.303
-342.215, -66.877
-345.486, 182.249
-60.158, -163.093
339.752, -79.095
259.608, 65.281
-324.506, 87.681
-464.387, 64.645
-25.699, -116.931
492.663, -197.104
-422.795, -87.737
248.202, -35.971
-49.365, 44.061
-479.267, -30.831
-363.6, 51.422
-166.043, 161.236
6.76, -27.834
167.861, 29.05
430.005, 84.665
-307.764, -181.687
-239.811, -33.646
276.275, -151.78
343.072, -182.488
-44.868, -140.143
267.318, -102.884
69.576, 193.146
-303.439, -26.849
-389.586, 177.968
-64.478, 180.881
-168.964, -39.168
373.797, -45.436
371.015, 94.489
-206.384, -33.771
-371.529, -31.339
266.524, 111.403
-62.914, -113.251
-493.199, 114.805
358.694, 64.582
-415.729, -164.084
46.106, 16.93
81.516, -153.849
-350.788, -134.032
457.616, -90.874
-260.623, -157.334
-173.469, 148.246
281.093, -42.134
-150.264, 139.135
89.143, -157.38
-260.746, 190.465
-201.01, -30.777
247.944, 27.805
-393.935, 33.482
300.578, 157.309
389.47, 100.156
428.249, 136.308
152.668, 193.65
105.904, -172.66
-235.986, -85.666
-405.854, 163.697
-280.837, 153.439
-71.618, 103.869
157.541, 87.196
41.21, -176.982
48.966, -59.97
-153.343, -44.197
-160.011, 170.339
-108.12, 98.671
189.283, -65.473
-79.666, 168.977
-311.574, 121.38
-327.354, 140.554
-326.7, -146.629
-267.8, 115.557
240.916, -201.167
13.87, -138.445
252.357, 183.572
279.832, -64.523
-97.274, 36.767
-165.016, 18.005
74.131, -16.406
323.199, -153.211
273.991, 35.936
-479.229, 25.12
-161.422, 74.092
281.526, 154.491
493.029, -136.669
299.86, -182.959
94.042, 31.478
-19.929, -111.717
-443.334, -74.655
-333.002, -49.929
-19.989, -191.233
292.119, 139.306
-403.968, -42.68
378.63, 198.667
-212.292, 108.506
-316.513, 175.321
282.711, 33.114
256.59, 167.627
168.322, 46.491
-303.927, 195.811
422.368, 123.427
447.848, -184.002
-292.911, 204.387
214.356, -16.705
429.881, -27.348
-478.353, 74.477
-224.517, -99.435
-388.733, -161.793
-62.914, -113.251
360.856, -45.1
-68.37, 138.653
172.431, -131.827
-252.358, -167.963
-287.249, 16.155
-283.805, -147.581
483.703, 26.975
160.605, 186.57
-226.254, 78.31
149.363, 60.545
-98.923, -63.441
-16.474, 88.464
-261.281, -145.416
-127.154, -21.508
-168.964, -39.168
447.707, -107.066
274.504, 169.472
33.553, 35.925
164.06, -148.998
-316.296, 200.403
320.486, 178.272
-45.004, -133.522
115.786, -125.859
-397.924, 25.67
-345.538, 43.249
99.914, -124.61
223.289, -187.193
-256.817, 165.637
-488.861, -142.825
-45.618, 93.863
-84.22, 120.746
-167.679, 142.677
-129.723, -144.093
-369.441, -144.654
286.915, 46.335
275.902, -68.781
349.665, 109.678
-139.655, -128.571
128.219, -111.021
-411.763, 64.565
389.271, -36.302
-111.415, -121.975
443.207, -176.767
136.085, 67.004
-82.76, -70.986
-481.511, -80.438
105.647, -67.335
199.184, -121.508
361.133, -197.74
360.437, 175.566
345.048, -121.725
-336.844, -134.53
261.189, -74.007
-399.21, 86.404
-195.605, 172.266
385.459, -64.648
181.218, 456.323
-160.502, 447.515
-187.785, 357.857
78.467, 220.112
187.591, 376.51
135.668, 304.4
191.136, 218.913
157.608, 207.904
84.359, 306.22
-88.917, 309.748
-20.788, 449.488
196.697, 463.547
-64.202, 298.293
75.174, 354.206
143.969, 467.39
106.66, 273.731
88.3, 470.768
112.207, 213.972
104.861, 358.809
-43.35, 410.778
42.173, 206.808
-118.013, 465.545
-86.849, 485.827
-154.462, 216.494
127.423, 243.909
187.591, 376.51
131.75, 419.021
152.474, 432.312
75.644, 404.246
146.526, 405.039
17.957, 229.544
-133.622, 206.615
15.324, 308.211
84.359, 306.22
169.197, 265.867
155.715, 389.958
-94.743, 378.285
183.732, 267.382
201.899, 427.263
107.052, 337.912
56.065, 473.049
-181.796, 395.556
146.637, 318.53
-134.389, 469.885
-138.44, 463.615
68.669, 468.38
144.326, 256.822
104.995, 319.225
-65.841, 286.504
201.027, 397.07
-30.238, 325.788
103.582, 476.495
-179.275, 465.645
-182.774, 440.295
-21.353, 264.28
185.739, 417.74
-32.995, 444.355
139.807, 206.099
40.943, 244.825
180.333, 389.762
29.739, 371.284
129.04, 458.118
-202.229, 487.206
-45.828, 405.441
-88.69, 425.176
17.559, 315.762
33.471, 295.959
49.645, 453.074
-150.467, 240.306
-98.577, 273.159
166.023, 413.357
-45.423, 336.085
-66.411, 328.485
42.434, 486.344
89.157, 450.53
-174.621, 254.493
-60.403, 387.837
81.578, 229.878
-121.888, 417.285
156.656, 267.967
-91.811, 388.641
-200.815, 412.195
43.544, 391.086
-203.733, 319.161
104.993, 383.963
-163.157, 385.139
-93.74, 233.139
75.815, 382.176
196.697, 463.547
-126.91, 234.765
144.14, 486.226
112.779, 479.748
111.774, 333.845
193.057, 339.778
-128.394, 332.966
-155.278, 397.187
103.033, 222.863
37.377, 431.879
33.471, 295.959
-63.919, 400.091
198.898, 241.338
-73.613, 359.274
139.673, 439.048
-25.333, 205.824
165.017, 366.326
-47.014, 327.302
-106.23, 283.146
-200.037, 236.896
176.792, 485.42
162.941, 346.913
136.571, 403.473
-41.846, 224.232
-121.173, 406.258
-99.7, 357.4
121.883, 407.912
181.906, 244.694
-18.805, 352.855
-20.788, 449.488
-197.435, 447.675
45.242, 494.22
76.014, 294.506
-112.084, 383.043
-148.458, 469.108
49.785, 262.576
-100.545, 368.991
-16.661, 379.206
146.003, 391.382
-117.832, 404.264
47.159, 327.549
167.119, 231.395
-34.253, 221.185
-59.501, 471.242
182.591, 411.943
18.201, 391.035
202.398, 210.534
-193.249, 441.743
99.608, 303.414
-193.17, 397.135
118.979, 418.82
30.574, 439.673
185.066, 326.777
-34.253, 221.185
67.634, 422.74
201.404, 393.837
-163.157, 385.139
-81.917, 364.431
-182.515, 335.799
-48.031, 487.258
-168.241, 357.513
-97.705, 446.715
150.424, 237.162
100.054, 415.082
-88.917, 309.748
-147.704, 425.449
-135.768, 491.699
-40.663, 283.604
-181.448, 477.981
92.367, 337.27
-156.673, 261.439
-154.922, 422.23
-93.572, 465.884
-39.361, 465.833
-32.995, 444.355
-18.629, 466.848
159.415, 341.731
-75.71, 255.835
-179.889, 455.157
-140.57, 369.537
-40.055, 393.704
163.856, 330.298
66.759, 396.585
43.587, 435.758
-28.815, 492.851
201.639, 289.84
-49.053, 359.751
131.98, 404.238
132.614, 371.895
177.421, 379.623
-63.919, 400.091
120.05, 480.685
-42.995, 367.736
-117.082, 240.223
-64.619, 440.03
-174.237, 232.13
21.766, 442.306
-132.504, 298.462
167.204, 400.925
-64.619, 440.03
-18.629, 466.848
203.682, 414.572
-154.199, 317.279
-15.792, 404.848
168.917, 326.816
166.471, 317.416
-153.13, 396.616
133.123, 264.229
-18.629, 466.848
89.636, 247.393
193.169, 264.492
-94.743, 378.285
ENDTABLE
#RadioCtrl0 0    

#CheckBox0 0    



SPECIAL_PARSFILE Animator\STL\Shape_583e2b18-7098-44a4-a8ee-d955f6de34cd.par
#BlueLink0 Animator: Shape File Link`Pine: Summer` Environment: Trees` , 3D Object`Shape_583e2b18-7098-44a4-a8ee-d955f6de34cd


LOG_ENTRY Used Dataset: Road: Animator Repeated Object; { Trees } 1000 Trees 500m x 500m Grid
#Library : Road: Animator Repeated Object
#DataSet : 1000 Trees 500m x 500m Grid
#Category: Trees
#FileID  : AniRep_5a946ba4-77a1-4d23-8f74-4ded1f98413a
#Product : TruckSim 2020.1
#VehCode Repeated Object

END
