PARSFILE
#FullDataName Road: Animator Repeated Object`400 Trees 500m x 500m Grid`Trees
#RingCtrl0 1
#RingCtrl1 0
#DiagramOne0
*POINTS_TABLE
88.775, -178.641
166.933, 71.786
445.818, -116.626
-28.7454855405, -111.031279882
60.027, -104.022
-103.729, -106.695
-406.918, 177.108
-375.287, 82.886
489.52, 158.432
-224.516, 156.276
-173.639, -68.1
-290.133, 147.2
-119.104, 128.464
249.283, -157.635
231.573, 86.336
480.051, -162.381
-357.387, 29.526
-196.662, 172.82
316.744, 151.261
-137.688, 128.646
-55.77, 110.337
87.877, 198.691
-414.092, -22.188
-319.761, -204.499
-183.119, 49.396
364.974, 174.224
-444.299, 154.329
-174.973, -183.955
269.791, 19.251
-192.732, 103.548
316.465, -143.305
427.232, 157.297
-87.397, 183.293
-154.429, -17.812
-345.821, -200.319
494.252, 123.417
-125.77, -72.112
362.682, 116.963
187.637, 115.079
401.946, -54.312
-371.659, 189.963
-232.547, 67.946
-63.878, 44.685
-318.177, -75.513
175.271, -133.166
188.555, -141.776
273.388, 66.596
144.871, -53.016
-478.286, 74.917
87.998, -125.615
415.735, 66.588
415.327, 81.317
-409.709, -107.861
477.55, 61.683
-313.945, -82.263
309.96, -98.76
390.908, -147.217
-451.253, 72.401
288.902, -85.192
-17.906, 176.57
296.61, -38.46
-119.479, -25.389
-399.717, 23.189
231.573, 86.336
238.798, 195.206
461.105, 172.782
379.615, -67.69
356.04, 192.292
-131.086, 17.692
-78.941, -143.872
-1.968, -50.98
-393.889, 147.291
-195.47, 149.235
27.092, -120.751
-146.13, 162.754
108.981, -105.441
-320.208, -131.13
-45.507, 147.733
42.728, -59.011
173.898, -59.791
-55.437, -173.162
338.789, 116.911
53.263, 188.85
-121.893, -45.194
152.934, 159.393
258.061, 112.539
-307.524, 84.587
223.944, 65.887
-273.893, 71.965
282.11, -40.575
-383.998, 17.038
-118.452, -183.215
-350.735, -115.625
370.805, 53.275
-344.403, -133.727
487.624, -101.91
-141.519, 29.261
18.664, -144.303
-143.588, 77.463
-237.283, -201.437
-391.283, -50.909
-438.73, -21.507
-414.671, -75.426
-214.09, 39.942
-258.62, 45.87
221.094, -68.04
355.675, -87.962
292.494, -136.461
-480.204, -184.247
268.021, 122.546
-222.532, -126.963
36.59, -15.927
198.374, 167.169
-434.08, 195.099
-356.376, -145.46
65.967, -161.816
31.292, -138.947
126.071, -202.605
-285.06, -69.762
260.163, -50.095
-147.215, -128.993
-157.695, 72.499
415.422, -111.433
157.745, -118.185
72.509, 171.908
441.96, -166.827
265.092, -117.844
-348.182, 156.857
-213.651, 190.799
312.627, -107.995
-247.091, 62.484
299.792, 38.079
-329.524, -86.536
-293.783, 163.495
-339.917, -151.982
68.658, -52.459
-105.06, 154.556
212.869, 116.874
111.199, -115.454
-283.465, -195.024
448.391, -24.102
1.438, -151.265
-389.974, -185.111
-112.784, 104.384
4.485, -174.652
397.216, 179.238
-130.201, 146.105
-70.085, 80.338
-111.388, 71.398
275.808, 62.042
-118.557, -124.036
207.2, 63.552
-6.725, -114.3
169.4, -34.389
462.773, 39.801
-320.208, -131.13
356.442, -35.924
-53.875, -157.551
66.513, 75.223
-34.744, 92.908
-217.224, -49.816
412.838, 136.989
254.494, 143.644
-28.586, 67.052
-95.934, -46.816
28.0147508108, 52.0225402367
-193.752, -114.91
295.701, -173.879
-221.908, -102.17
-377.159, 53.803
72.432, -139.913
269.752, -183.582
338.701, 44.466
-354.808, 34.614
-376.346, 178.693
117.451, 56.326
-261.76, 24.383
171.71, -185.195
231.573, 86.336
235.887, -143.872
453.866, 105.58
93.146, -166.661
-475.455, 38.253
-298.016, 150.875
-411.647, -49.628
36.985, -202.452
-409.547, 101.395
-273.053, 183.418
-57.7, 186.813
-379.173, -183.536
-319.682, 169.77
-186.585, 78.025
-356.587, -122.91
90.621, 184
-458.993, -193.889
-329.524, -86.536
166.094, 61.801
-266.415, 150.274
-265.345, -133.693
-224.429, 31.925
-332.292, 93.328
-480.379, -153.128
-256.333, 106.655
52.7563922973, 126.137913018
-77.983, 24.033
-314.881, 202.159
385.223, 136.14
-64.129, -55.034
242.933, -109.16
184.893, -120.085
459.87, -125.544
394.69, 44.542
44.816, -121.489
-150.232, 91.175
431.402, 198.519
35.309, 192.874
-180.716, -143.308
437.477, 104.507
-340.06, 155.163
169.825, -199.235
327.774, -138.832
374.162, -63.862
-479.761, 17.256
-246.035, 146.15
-120.461, 194.7
471.776, 177.865
-33.495, 51.927
-440.789, 125.891
-260.501, -17.053
-198.738, -94.795
397.216, 179.238
300.244, 53.049
289.991, -159.049
494.269, -23.196
-274.035, -69.954
-294.29, 179.883
-449.463, -147.416
-378.293, 87.818
21.584, 190.943
415.327, 81.317
289.368, 151.667
94.96, -119.083
-344.127, -70.423
-393.906, 21.86
75.863, 24.102
159.765, 53.976
-33.406, -16.979
275.212, 172.217
-0.91, -17.164
-388.413, -126.698
-157.965, -30.896
-152.888, -136.602
379.818, 63.273
286.082, -152.926
469.138, 113.325
-188.741, 192.811
-58.866, -136.635
158.289, 204.282
360.975, -77.712
-300.636, 156.803
-226.182, 49.764
-418.286, -21.881
-146.853, 204.219
-168.286, 44.855
144.34, -191.341
403.137, 199.141
-114.654, 49.438
215.052, -57.642
438.127, 172.519
75.631, -148.186
-66.746, -110.573
-390.535, -19.809
-458.993, -193.889
95.43, -86.54
-484.812, -75.372
-102.634, 97.589
-435.338, -49.625
-276.019, 163.341
142.594, 104.841
155.392, -70.278
375.703, 189.145
80.267, 93.908
249.283, -157.635
207.011, 177.262
-73.007, 197.443
-58.866, -136.635
-270.6, 37.639
254.494, 143.644
456.332, 25.522
-360.271, 48.153
-228.703, -74.985
425.786, -63.339
427.897, 57.236
412.787, -168.12
117.483, -36.546
-287.75, 48.374
397.583, 149.264
-259.763, 89.415
-218.734, -174.125
297.786, -127.123
121.559, 431.739
-80.306, 369.264
174.438, 438.929
-163.285, 335.053
26.355, 251.163
52.729, 261.847
101.261, 252.663
132.559, 214.9
-115.576, 346.631
109.974, 332.838
-157.936, 215.243
-44.385, 355.527
112.2, 436.64
133.708, 359.668
-30.708, 416.252
-124.562, 212.119
148.587, 425.397
141.014, 287.086
66.602, 328.49
-180.816, 302.143
127.031, 480.684
-102.094, 209.064
-82.854, 314.295
-192.041, 248.023
-130.854, 468.998
41.873, 217.534
24.95, 351.632
39.102, 467.247
58.795, 239.57
-66.885, 358.262
-130.854, 289.409
45.688, 488.304
-21.637, 294.011
-43.886, 206.079
-188.04, 273.725
-156.426, 387.116
109.997, 364.617
-19.205, 397.374
27.762, 256.646
-124.562, 212.119
188.465, 390.325
57.7, 289.884
-185.243, 283.168
-87.687, 270.759
-201.838, 324.511
-40.477, 408.064
104.156, 293.227
-80.094, 235.544
-105.835, 491.362
20.218, 341.031
-52.661, 243.328
135.706, 403.463
-173.506, 306.004
80.499, 453.652
36.436, 262.485
-19.778, 205.578
29.701, 400.973
65.782, 445.925
-118.62, 377.168
44.14, 307.681
-124.829, 490.791
-19.534, 236.329
-77.001, 328.524
-71.291, 289.38
-145.346, 256.367
-15.238, 446.436
93.009, 472.017
123.844, 288.498
-146.552, 220.216
105.688, 288.192
68.542, 217.938
122.441, 360.911
-44.997, 270.271
-48.165, 386.043
92.028, 286.786
-45.901, 229.64
-106.965, 456.006
-165.696, 322.693
150.497, 240.42
129.333, 245.618
-40.948, 447.573
-171.01, 397.564
202.382, 464.966
-113.367, 344.14
110.388, 367.971
-91.89, 423.658
95.207, 261.253
64.75, 464.915
-80.705, 426.672
156.488, 347.403
-176.005, 437.162
-169.049, 331.154
-70.741, 410.854
-131.331, 360.871
124.064, 413.633
134.971, 267.498
-33.273, 380.012
109.974, 332.838
-50.598, 356.363
-38.668, 387.053
ENDTABLE
#RadioCtrl0 1    

#CheckBox0 0    



SPECIAL_PARSFILE Animator\STL\Shape_c5c952fb-420b-471d-8deb-6902ad2bff0a.par
#BlueLink0 Animator: Shape File Link`Elm: Summer, Small` Environment: Trees` , 3D Object`Shape_c5c952fb-420b-471d-8deb-6902ad2bff0a


LOG_ENTRY Used Dataset: Road: Animator Repeated Object; { Trees } 400 Trees 500m x 500m Grid
#Library : Road: Animator Repeated Object
#DataSet : 400 Trees 500m x 500m Grid
#Category: Trees
#FileID  : AniRep_ec5fdb52-31fb-4af6-8c7e-6946a724e5eb
#Product : TruckSim 2020.1
#VehCode Repeated Object

END
