PARSFILE
#FullDataName Road: Animator Repeated Object`Trees for Japanese Environment`Trees
#RingCtrl0 1
#RingCtrl1 0
#DiagramOne0
*POINTS_TABLE
34.156, -14.90175
40.075, -13.4745
53.378, -16.75425
55.619, -16.9485
65.567, -12.06975
71.811, -17.2725
79.078, -15.69975
85.11, -15.3795
93.918, -15.501
101.407, -13.89825
111.438, -15.441
118.793, -11.42775
125.747, -17.41125
136.378, -15.77925
144.865, -16.01025
152.047, -15.306
160.232, -14.90175
196.567, -12.06975
202.397, -17.2725
210.297, -15.69975
219.223, -15.3795
225.962, -15.501
235.666, -13.89825
245.044, -15.441
248.848, -11.42775
259.485, -17.41125
264.143, -15.77925
276.629, -16.01025
282.04, -15.306
292.293, -14.90175
296.415, -13.4745
305.018, -16.75425
315.777, -16.9485
323.079, -12.06975
330.401, -17.2725
340.039, -15.69975
346.277, -15.3795
353.832, -15.501
364.563, -13.89825
370.869, -15.441
377.924, -11.42775
384.477, -17.41125
391.642, -15.77925
399.611, -16.01025
409.541, -15.306
415.482, -16.01025
19.107, 8.516
27.56, 10.311
41.763, 8.205
41.14540108, 8.548
49.229, 10.468
55.843, 10.007
62.296, 7.449
67.116, 9.207
83.472, 8.515
86.582, 8.552
82.61944173, 10.304
95.97, 9.478
118.529, 8.713
126.078, 7.983
134.645, 6.994
142.076, 7.237
152.218, 10.393
157.269, 10.183
165.02, 7.734
192.276, 8.206
195.953, 6.734
203.638, 7.021
213.666, 7.77
222.7, 7.184
231.245, 9.13
236.763, 7.332
245.323, 7.914
252.764, 7.858
259.942, 9.353
268.081, 9.552
279.394, 7.037
285.47, 6.685
295.451, 7.806
301.797, 8.529
307.868, 9.594
316.192, 8.387
325.387, 10.103
332.709, 9.551
340.323, 8.552
348.47, 8.198
358.819, 8.77
368.862, 6.878
375.124, 7.106
384.704, 9.878
392.526, 7.824
396.444, 7.615
403.705, 7.816
416.849, 9.616
419.175, 9.96
ENDTABLE
#RadioCtrl0 1    

#CheckBox0 0    



SPECIAL_PARSFILE Animator\STL\Shape_1a39d9d9-075a-4dc7-af6b-c61b501859c4.par
#BlueLink0 Animator: Shape File Link`Small Tree: Summer` Environment: Trees` , 3D Object`Shape_1a39d9d9-075a-4dc7-af6b-c61b501859c4


LOG_ENTRY Used Dataset: Road: Animator Repeated Object; { Trees } Trees for Japanese Environment
#Library : Road: Animator Repeated Object
#DataSet : Trees for Japanese Environment
#Category: Trees
#FileID  : AniRep_ccf41114-4970-4609-a389-5ea7247dabb6
#Product : TruckSim 2020.1
#VehCode Repeated Object

END
