PARSFILE
#FullDataName Road: Animator Repeated Object`Trees for Scenic Mountain`Trees
#RingCtrl0 1
#RingCtrl1 0
#DiagramOne0
*POINTS_TABLE
2805.222, -14.204
1659.174, -13.616
1249.702, -12.238
992.297, -10.938
2189.289, -14.303
-0.431, -10.483
271.449, -11.647
1565.517, -12.989
2220.148, -14.81
1591.496, -10.98
532.228, -11.42
1194.722, -13.31
-4.25, -13.112
1531.639, -14.659
911.35, -10.884
917.586, -11.876
2157.466, -10.682
225.694, -10.604
1373.169, -11
1249.482, -13.357
1580.603, -13.171
2090.486, -10.563
2621.868, -14.348
815.451, -13.599
1576.008, -13.717
2897.643, -14.275
1711.947, -14.618
497.732, -10.519
1443.807, -14.088
1463.847, -13.223
2070.25, -11.074
2870.174, -13.814
1056.014, -12.667
1607.266, -14.274
1818.189, -11.072
2154.359, -14.011
2428.46, -14.836
1299.893, -13.828
485.96, -10.047
238.567, -13.103
562.044, -13.886
2212.605, -10.628
870.848, -12.341
254.081, -10.786
893.499, -10.02
83.804, -12.999
1277.497, -11.692
2737.332, -12.05
822.964, -13.035
947.399, -13.91
2129.307, -12.071
182.174, -13.354
1.042, -12.906
616.891, -11.693
242.72, -11.342
1930.06, -11.156
332.464, -14.065
2662.959, -11.69
1122.576, -11.893
1522.124, -13.41
801.88, -13.882
1692.231, -12.511
717.483, -12.816
977.466, -13.109
1319.938, -10.578
1283.198, -12.26
2207.993, -10.261
2460.652, -11.142
2392.343, -13.252
1101.881, -13.95
2483.266, -13.644
1004.81, -14.13
2366.952, -14.232
829.19, -11.469
2533.034, -13.529
1824.65, -13.305
2364.081, -11.735
908.214, -12.061
619.059, -14.317
2719.816, -10.221
2710.352, -10.561
2887.475, -11.948
2377.286, -12.277
646.43, -10.105
595.708, -14.44
2829.852, -11.703
2525.324, -10.996
903.603, -11.635
2109.414, -10.585
1972.107, -10.835
1738.27, -11.907
1289.67, -10.503
167.989, -11.902
1239.021, -10.218
1864.706, -14.876
2180.61, -13.965
2624.325, -13.75
1003.713, -14.799
2573.746, -14.59
640.102, -13.557
1794.291, -14.946
2886.829, -13.919
2821.319, -10.754
2915.783, -14.894
1332.382, -14.578
166.755, -14.488
1617.369, -14.25
1609.044, -14.189
319.073, -12.165
2508.684, -14.497
1298.51, -13.595
504.29, -13.824
2152.433, -10.874
2303.705, -12.173
2155.718, -12.716
539.023, -11.698
1707.182, -10.329
402.806, -11.752
385.584, -14.991
151.433, -10.597
2151.273, -11.022
1214.567, -12.861
844.099, -11.658
2878.987, -14.127
2163.25, -14.291
2431.392, -14.454
1485.932, -12.615
1404.89, -13.97
964.381, -10.369
1260.475, -14.862
1699.949, -10.402
1075.278, -12.401
2665.671, -14.135
2772.03, -10.915
2089.68, -12.302
4.158, -12.677
1059.015, -10.017
2143.718, -11.771
178.077, -10.129
297.046, -14.847
2736.432, -10.045
703.147, -11.552
988.521, -11.087
2686.576, -13.615
1208.285, -10.547
661.623, -13.61
634.382, -11.536
585.021, -10.653
2317.399, -13.981
2453.352, -10.081
1162.232, 13.767
288.535, 12.803
2011.439, 14.789
2027.766, 11.437
1637.001, 11.257
2107.545, 14.395
1071, 13.079
2161.045, 12.019
1802.801, 10.678
-46.71, 12.969
2912.99, 11.808
2630.917, 10.559
2734.973, 10.423
2477.203, 11.553
1763.732, 10.921
1819.952, 12.522
699.831, 11.725
552.451, 10.653
2209.212, 13.721
792.022, 13.524
618.481, 10.388
486.13, 13.627
2736.306, 10.799
670.634, 14.658
790.041, 10.307
2780.709, 12.346
2800.247, 11.474
2340.174, 12.886
563.971, 11.476
1215.541, 12.498
1190.042, 12.42
152.544, 14.575
759.565, 13.203
181.514, 13.416
1143.215, 12.213
754.62, 10.314
16.555, 13.597
2376.719, 13.139
190.906, 14.138
2611.644, 13.235
665.792, 11.553
2917.275, 11.863
203.965, 10.804
624.567, 13.176
1746.427, 13.406
1069.302, 12.802
2208.319, 14.91
1739.074, 13.602
947.049, 14.31
2290.891, 14.7
-25.854, 11.419
791.023, 12.701
2115.573, 12.501
284.301, 13.299
1453.247, 13.837
118.586, 10.698
2918.458, 13.662
2699.489, 12.825
2035.34, 10.551
935.888, 13.477
2428.111, 13.156
2509.079, 13.735
94.006, 13.187
164.677, 13.878
464.839, 13.531
2100.708, 12.454
1882.805, 10.936
2096.213, 11.47
2924.876, 12.663
2482.6, 12.639
290.054, 10.444
96.103, 11.43
2383.777, 11.05
1857.967, 10.595
2413.785, 11.922
409.995, 12.622
10.054, 14.668
22.267, 10.449
1431.39, 11.033
1514.424, 10.552
364.688, 12.241
935.104, 14.823
58.118, 14.426
1827.694, 11.336
867.677, 13
40.97, 10.818
559.294, 14.981
2286.671, 12.993
468.006, 12.057
1139.596, 12.351
433.764, 10.676
2272.344, 11.968
1248.547, 13.763
1012.045, 13.195
1163.956, 11.016
1578.282, 12.096
1868.579, 13.283
171.353, 10.099
863.117, 13.149
37.338, 12.541
1996.63, 10.365
2323.124, 12.464
611.535, 13.735
1091.909, 14.775
804.122, 10.687
2546.467, 12.08
1258.019, 12.865
897.68, 14.627
809.127, 11.915
62.579, 11.278
1110.235, 12.786
26.959, 14.876
2901.427, 11.904
599.753, 12.041
-11.878, 10.655
2519.407, 11.721
1891.924, 11.641
1223.14, 10.126
564.415, 10.155
2685.107, 10.67
2341.388, 14.443
1770.366, 10.594
361.804, 12.161
1538.619, 12.49
2774.312, 11.957
127.624, 14.398
2210.305, 13.942
2638.306, 14.356
1085.962, 12.909
1768.75, 14.108
770.935, 10.201
1464.466, 14.58
2204.709, 13.071
1924.502, 12.91
1097.938, 12.286
1924.532, 14.014
-38.318, 13.042
1907.847, 11.22
550.138, 11.99
1591.771, 12.034
2049.186, 11.394
1526.786, 14.784
1721.496, 13.65
2735.273, 13.945
1409.417, 12.722
2691.898, 11.086
1061.406, 10.169
1649.874, 11.476
2255.944, 13.13
2426.634, 14.186
ENDTABLE
#RadioCtrl0 0    

#CheckBox0 0    



SPECIAL_PARSFILE Animator\STL\Shape_583e2b18-7098-44a4-a8ee-d955f6de34cd.par
#BlueLink0 Animator: Shape File Link`Pine: Summer` Environment: Trees` , 3D Object`Shape_583e2b18-7098-44a4-a8ee-d955f6de34cd


LOG_ENTRY Used Dataset: Road: Animator Repeated Object; { Trees } Trees for Scenic Mountain
#Library : Road: Animator Repeated Object
#DataSet : Trees for Scenic Mountain
#Category: Trees
#FileID  : AniRep_1308b2ad-4997-4885-bfe7-bac4761f38c1
#Product : TruckSim 2020.1
#VehCode Repeated Object

END
