PARSFILE
#FullDataName Road: Animator Repeated Object`Cones on U at 1 m, 12 foot wide lane`Cones
#RingCtrl0 1
#RingCtrl1 0
#DiagramOne0
*POINTS_TABLE
700, -1.8288
700, 1.8288
701, -1.8288
701, 1.8288
702, -1.8288
702, 1.8288
703, -1.8288
703, 1.8288
704, -1.8288
704, 1.8288
705, -1.8288
705, 1.8288
706, -1.8288
706, 1.8288
707, -1.8288
707, 1.8288
708, -1.8288
708, 1.8288
709, -1.8288
709, 1.8288
710, -1.8288
710, 1.8288
711, -1.8288
711, 1.8288
712, -1.8288
712, 1.8288
713, -1.8288
713, 1.8288
714, -1.8288
714, 1.8288
715, -1.8288
715, 1.8288
716, -1.8288
716, 1.8288
717, -1.8288
717, 1.8288
718, -1.8288
718, 1.8288
719, -1.8288
719, 1.8288
720, -1.8288
720, 1.8288
721, -1.8288
721, 1.8288
722, -1.8288
722, 1.8288
723, -1.8288
723, 1.8288
724, -1.8288
724, 1.8288
725, -1.8288
725, 1.8288
726, -1.8288
726, 1.8288
727, -1.8288
727, 1.8288
728, -1.8288
728, 1.8288
729, -1.8288
729, 1.8288
730, -1.8288
730, 1.8288
731, -1.8288
731, 1.8288
732, -1.8288
732, 1.8288
733, -1.8288
733, 1.8288
734, -1.8288
734, 1.8288
735, -1.8288
735, 1.8288
736, -1.8288
736, 1.8288
737, -1.8288
737, 1.8288
738, -1.8288
738, 1.8288
739, -1.8288
739, 1.8288
740, -1.8288
740, 1.8288
741, -1.8288
741, 1.8288
742, -1.8288
742, 1.8288
743, -1.8288
743, 1.8288
744, -1.8288
744, 1.8288
745, -1.8288
745, 1.8288
746, -1.8288
746, 1.8288
747, -1.8288
747, 1.8288
748, -1.8288
748, 1.8288
749, -1.8288
749, 1.8288
750, -1.8288
750, 1.8288
751, -1.8288
751, 1.8288
752, -1.8288
752, 1.8288
753, -1.8288
753, 1.8288
754, -1.8288
754, 1.8288
755, -1.8288
755, 1.8288
756, -1.8288
756, 1.8288
757, -1.8288
757, 1.8288
758, -1.8288
758, 1.8288
759, -1.8288
759, 1.8288
760, -1.8288
760, 1.8288
761, -1.8288
761, 1.8288
762, -1.8288
762, 1.8288
763, -1.8288
763, 1.8288
764, -1.8288
764, 1.8288
765, -1.8288
765, 1.8288
766, -1.8288
767, 1.8288
767, -1.8288
768, 1.8288
768, -1.8288
769, 1.8288
769, -1.8288
770, 1.8288
770, -1.8288
771, 1.8288
771, -1.8288
772, 1.8288
772, -1.8288
773, 1.8288
773, -1.8288
774, 1.8288
774, -1.8288
775, 1.8288
775, -1.8288
776, 1.8288
776, -1.8288
777, 1.8288
777, -1.8288
778, 1.8288
778, -1.8288
779, 1.8288
779, -1.8288
780, 1.8288
780, -1.8288
781, 1.8288
781, -1.8288
782, 1.8288
782, -1.8288
783, 1.8288
783, -1.8288
784, 1.8288
784, -1.8288
785, 1.8288
785, -1.8288
786, 1.8288
787, -1.8288
787, 1.8288
788, -1.8288
788, 1.8288
789, -1.8288
789, 1.8288
790, -1.8288
790, 1.8288
791, -1.8288
791, 1.8288
792, -1.8288
792, 1.8288
793, -1.8288
793, 1.8288
794, -1.8288
794, 1.8288
795, -1.8288
795, 1.8288
796, -1.8288
796, 1.8288
797, -1.8288
797, 1.8288
798, -1.8288
798, 1.8288
799, -1.8288
799, 1.8288
800, -1.8288
800, 1.8288
801, -1.8288
801, 1.8288
802, -1.8288
802, 1.8288
803, -1.8288
803, 1.8288
804, -1.8288
804, 1.8288
805, -1.8288
805, 1.8288
806, -1.8288
806, 1.8288
807, -1.8288
807, 1.8288
808, -1.8288
808, 1.8288
809, -1.8288
809, 1.8288
810, -1.8288
810, 1.8288
811, -1.8288
811, 1.8288
812, -1.8288
812, 1.8288
813, -1.8288
813, 1.8288
814, -1.8288
814, 1.8288
815, -1.8288
815, 1.8288
816, -1.8288
816, 1.8288
817, -1.8288
817, 1.8288
818, -1.8288
818, 1.8288
819, -1.8288
819, 1.8288
820, -1.8288
820, 1.8288
821, -1.8288
821, 1.8288
822, -1.8288
822, 1.8288
823, -1.8288
823, 1.8288
824, -1.8288
824, 1.8288
825, -1.8288
825, 1.8288
826, -1.8288
826, 1.8288
827, -1.8288
827, 1.8288
828, -1.8288
828, 1.8288
829, -1.8288
829, 1.8288
830, -1.8288
830, 1.8288
831, -1.8288
831, 1.8288
832, -1.8288
832, 1.8288
833, -1.8288
833, 1.8288
834, -1.8288
834, 1.8288
835, -1.8288
835, 1.8288
836, -1.8288
836, 1.8288
837, -1.8288
837, 1.8288
838, -1.8288
838, 1.8288
839, -1.8288
839, 1.8288
840, -1.8288
840, 1.8288
841, -1.8288
841, 1.8288
842, -1.8288
842, 1.8288
843, -1.8288
843, 1.8288
844, -1.8288
844, 1.8288
845, -1.8288
845, 1.8288
ENDTABLE
#RadioCtrl0 0    

#CheckBox0 0    



SPECIAL_PARSFILE Animator\STL\Shape_32190d8a-f4db-40d7-9575-ea8b67af8941.par
#BlueLink0 Animator: Shape File Link`Traffic Cone` Environment: Props (2 of 2)` , 3D Object`Shape_32190d8a-f4db-40d7-9575-ea8b67af8941


LOG_ENTRY Used Dataset: Road: Animator Repeated Object; { Cones } Cones on U at 1 m, 12 foot wide lane
#Library : Road: Animator Repeated Object
#DataSet : Cones on U at 1 m, 12 foot wide lane
#Category: Cones
#FileID  : AniRep_98d1cf8f-715c-45a9-abcb-de08845cc1fd
#Product : TruckSim 2020.1
#VehCode Repeated Object

END
