PARSFILE
#FullDataName Road: Animator Repeated Object`Trees (-100, 2000)`Trees
#RingCtrl0 1
#RingCtrl1 0
#DiagramOne0
*POINTS_TABLE
-52.2, -27.6
-9.1, 34.95
67, -30.9
110.6, 24
156, -32.85
203, 33
248.3, -36
293.7, 28.35
336.7, -31.35
381.6, 27.45
418.2, 35.55
475.9, -30.75
552.3, 36.45
595.5, -24.75
642.8, 35.1
688.5, -24.45
733.8, 28.5
777.3, -26.7
820.6, 35.85
867.2, -31.8
900.5, -33
962.4, 32.1
1038.4, -22.8
1083.6, 34.2
1128.7, -32.1
1172.4, 22.8
1217.1, -28.95
1262.4, 24.9
1307, -34.65
1350.5, 31.95
1397.8, -28.65
1447.8, -27.6
1490.9, 34.95
1567, -30.9
1610.6, 24
1656, -32.85
1703, 33
1748.3, -36
1793.7, 28.35
1836.7, -31.35
1881.6, 27.45
1918.2, 35.55
1975.9, -30.75
-73.8, 43.55
-19.1, -37.75
75.3, 40.45
104.5, -29.75
167.8, 44.1
198.5, -31.45
250.8, 34.5
286.3, -30.7
333.6, 40.85
374.2, -38.8
415.5, -40
472.4, 39.1
546.4, -27.8
599.6, 37.2
639.7, -36.1
688.4, 29.8
725.1, -37.95
768.4, 34.9
820, -43.65
865.5, 36.95
902.8, -36.65
961.8, -36.6
999.9, 38.95
1091, -38.9
1116.6, 32
1170, -39.85
1228, 38
1261.3, -39
1318.7, 36.35
1350.7, -34.35
1403.6, 36.45
1424.2, 43.55
1485.9, -38.75
1571.3, 46.45
1620.5, -33.75
1667.8, 41.1
1704.5, -30.45
1753.8, 36.5
1794.3, -34.7
1838.6, 43.85
1879.2, -38.8
1918.5, -41
1969.4, 38.1
ENDTABLE
#RadioCtrl0 0    

#CheckBox0 0    



SPECIAL_PARSFILE Animator\STL\Shape_51952d1e-d92f-427c-bfd9-9de7455efbc9.par
#BlueLink0 Animator: Shape File Link`Oak: Summer` Environment: Trees` , 3D Object`Shape_51952d1e-d92f-427c-bfd9-9de7455efbc9


LOG_ENTRY Used Dataset: Road: Animator Repeated Object; { Trees } Trees (-100, 2000)
#Library : Road: Animator Repeated Object
#DataSet : Trees (-100, 2000)
#Category: Trees
#FileID  : AniRep_a31b6e5d-1f36-4505-8623-9008d792a20a
#Product : TruckSim 2020.1
#VehCode Repeated Object

END
