PARSFILE
#FullDataName Road: Animator Repeated Object`100 Trees 500m x 500m Grid`Trees
#RingCtrl0 1
#RingCtrl1 0
#DiagramOne0
*POINTS_TABLE
72.819, -74.456
-426.074, 153.008
-215.324, 200.503
207.29, 54.407
-227.893, -193.111
186.505, -145.623
78.617, 71.66
-304.64, 111.904
-284.041, 81.14
-264.302, -73.911
391.802, 82.151
42.392, 136.515
461.188, -129.713
50.341, -32.275
151.35, 78.728
428.162, -86.882
-17.242, 113.988
-319.526, 19.373
139.061, -145.79
153.75, 63.606
-236.348, 115.936
-280.987, -83.52
404.617, 115.522
-182.73, 21.159
-470.018, 96.782
-5.102, -55.308
179.419, -70.351
-96.501, -124.06
481.309, 22.248
-45.42, -157.5
90.985, -63.334
-250.527, -185.28
279.702, 32.936
-342.401, -67.371
-156.695, -188.338
-455.301, 168.877
-81.978, -50.234
-212.489, 186.193
-424.352, -90.188
435.234, -110.004
-441.527, -42.82
-113.677, -119.377
-254.727, 107.659
-249.268, -176.534
313.739, 95.122
-246.318, -139.975
363.443, 157.234
230.52, -80.749
-277.735, 44.251
-37.673, -47.857
-166.88, 124.414
-422.74, 181.479
-29.647, 61.097
191.595, 25.28
257.879, -88.276
-112.731, -57.168
5.415, -117.268
114.758, -175.996
-27.418, -53.283
-193.058, -56.536
321.438, 173.55
301.831, 109.426
-68.428, 27.292
-397.196, -105.832
290.299, 140.278
342.571, -84.848
268.054, -200.348
-432.357, -110.985
299.871, -195.547
-131.245, 63.86
-128.14, 90.051
-491.26, -170.566
5.049, -105.204
99.297, 116.096
451.066, -135.79
-107.532, 24.036
-323.336, -20.83
-337.095, 47.54
-105.91, 28.559
268.946, -80.144
147.446, 225.35
176.31, 312.624
26.732, 298.042
112.987, 254.16
119.281, 320.346
-58.11, 459.291
77.519, 284.173
201.795, 284.731
110.303, 349.526
96.429, 434.352
171.498, 471.884
-104.423, 251.087
-56.896, 224.639
32.929, 391.207
-27.652, 379.168
-18.243, 282.768
-143.684, 389.694
-204.258, 476.907
176.31, 312.624
-89.141, 428.71
ENDTABLE
#RadioCtrl0 1    

#CheckBox0 0    



SPECIAL_PARSFILE Animator\STL\Shape_51952d1e-d92f-427c-bfd9-9de7455efbc9.par
#BlueLink0 Animator: Shape File Link`Oak: Summer` Environment: Trees` , 3D Object`Shape_51952d1e-d92f-427c-bfd9-9de7455efbc9


LOG_ENTRY Used Dataset: Road: Animator Repeated Object; { Trees } 100 Trees 500m x 500m Grid
#Library : Road: Animator Repeated Object
#DataSet : 100 Trees 500m x 500m Grid
#Category: Trees
#FileID  : AniRep_64c138d9-6dbd-409c-a541-a681c2c5c30a
#Product : TruckSim 2020.1
#VehCode Repeated Object

END
