PARSFILE
#FullDataName Road: Animator Repeated Object`Trees for Warehouse`Trees
#RingCtrl0 1
#RingCtrl1 0
#DiagramOne0
*POINTS_TABLE
18.2, 23.7
43.0181058496, 22.1766666667
89.7880222841, 22.8537037037
197.748164763, 85.04
242.8, 23.4
272.4, 15.2
65.4101529903, 22.2140490798
79.069123783, 22.2140490798
30.1611961057, 21.877607362
7.02742392443, 23.8308444444
98.0625939576, 83.12
107.948766269, 81.2
117.423014734, 85.04
128.95688243, 82.16
139.254978588, 84.08
145.433836282, 82.16
169.325419368, 84.08
231.52592016, 33.048
159.851170903, 81.2
237.292854008, 33.5653333333
223.58984701, 23.2233742331
225.792906815, 17.5038650307
252.670236439, 26.9242331288
243.417385257, 18.513190184
235.045757997, 17.5038650307
257.516968011, 15.4852147239
263.244923505, 21.2047239264
56.1573018081, 21.5411656442
56.1573018081, 24.2326993865
75.5442280946, 25.2420245399
84.8556817161, 26.7668323992
51.3105702364, 25.9149079755
41.6171070932, 25.9149079755
26.6363004172, 25.5784662577
153.672313209, 84.56
89.0002693389, 85.04
86.9325844656, 29.0118715991
176.328124755, 81.2
184.154677835, 84.08
191.569307068, 81.2
224.924207679, 27.9489362617
229.072211774, 25.4266356189
84.748097003, 77.893006135
74.8756174511, 74.0765644172
76.2306301035, 43.7079407407
87.7644978, 64.1081185185
80.7617924128, 62.5388740741
87.7644978, 49.461837037
84.8810308758, 38.4771259259
73.3471631793, 34.8155555556
207.634337074, 85.816
216.696661693, 85.2986666667
222.463595541, 77.5386666667
220.40397631, 72.8826666667
222.051671695, 36.152
228.642453236, 57.88
222.551457414, 52.6090797546
226.170910158, 46.4986666667
229.878224775, 41.8426666667
226.170910158, 67.192
223.785517358, 59.7649079755
81.9975639517, 54.1695703704
81.5856401054, 44.2310222222
82.409487798, 69.8620148148
223.374164044, 43.693006135
10.2931470494, 37.7711263804
16.874800084, 44.009595092
34.1516392997, 68.9634699387
24.6905130625, 73.6423214724
27.5699862652, 57.5262773006
27.9813395798, 42.4499779141
49.3717119422, 42.4499779141
48.9603586275, 60.6455116564
47.7262986835, 64.2846184049
42.7900589076, 57.5262773006
39.910585705, 55.4467877301
44.0241188516, 77.2814282209
61.3009580673, 68.9634699387
60.478251438, 51.8076809816
38.676525761, 40.8903607362
55.1306583474, 38.8108711656
58.4214848647, 76.2416834356
62.1236646967, 84.0397693252
43.6127655369, 85.0795141104
34.9743459291, 85.0795141104
15.2293868253, 80.9205349693
11.1158536787, 61.1653840491
8.23638047612, 55.9666601227
27.9813395798, 53.8871705521
17.2861533986, 60.6455116564
15.64074014, 68.9634699387
225.019577302, 85.5993865031
234.069350225, 85.5993865031
248.466716238, 85.5993865031
256.693782531, 86.6391312883
268.211675342, 87.159003681
279.318214837, 87.6788760736
276.438741635, 76.2416834356
267.388968712, 75.2019386503
251.346189441, 73.1224490798
256.693782531, 67.9237251534
266.566262083, 64.2846184049
265.743555454, 58.5660220859
261.630022307, 54.9269153374
252.16889607, 53.3672981595
246.409949665, 54.9269153374
241.062356574, 66.3641079755
239.005590001, 73.6423214724
239.416943315, 51.8076809816
243.941829777, 48.1685742331
259.573255734, 39.8506159509
269.034381971, 41.4102331288
268.623028656, 59.6057668712
276.438741635, 32.0525300613
250.523482811, 40.3704883436
245.99859635, 39.8506159509
245.587243035, 65.3243631902
264.098142195, 77.8013006135
258.750549104, 76.2416834356
67.2557332163, 62.9115546178
68.0854281471, 52.2398182634
67.6705806817, 44.2360159976
66.8408857509, 37.2993873672
67.2557332163, 86.3893745974
76.3823774547, 89.057308686
98.3692931198, 93.7243656152
108.740479754, 88.2870177365
103.347462704, 89.3744873123
114.133496804, 90.461956888
130.727395419, 93.7243656152
140.268887123, 91.0056916759
152.714311084, 90.461956888
156.033090807, 90.461956888
163.500345184, 90.461956888
173.041836888, 91.5494264637
179.264548869, 92.0931612516
188.806040572, 92.6368960395
195.443600019, 93.7243656152
199.177227207, 94.811835191
211.207803703, 94.811835191
214.941430891, 94.2681004031
208.303871445, 93.1806308274
203.325701861, 91.5494264637
136.535259935, 88.2870177365
125.749225835, 89.3744873123
122.015598646, 93.7243656152
229.46109218, 93.1806308274
86.7535640891, 93.1806308274
ENDTABLE
#RadioCtrl0 0    

#CheckBox0 0    



SPECIAL_PARSFILE Animator\STL\Shape_583e2b18-7098-44a4-a8ee-d955f6de34cd.par
#BlueLink0 Animator: Shape File Link`Pine: Summer` Environment: Trees` , 3D Object`Shape_583e2b18-7098-44a4-a8ee-d955f6de34cd


LOG_ENTRY Used Dataset: Road: Animator Repeated Object; { Trees } Trees for Warehouse
#Library : Road: Animator Repeated Object
#DataSet : Trees for Warehouse
#Category: Trees
#FileID  : AniRep_ff43fe0b-1e05-4613-b438-426e16babc2c
#Product : TruckSim 2020.1
#VehCode Repeated Object

END
