PARSFILE
#FullDataName Road: Animator Repeated Object`Concrete Barrier`Highway Intersection
#RingCtrl0 2
#RingCtrl1 0
#DiagramOne0
*POINTS_TABLE
7, 7.5
13, 7.5
19, 7.5
25, 7.5
31, 7.5
37, 7.5
43, 7.5
49, 7.5
55, 7.5
61, 7.5
67, 7.5
73, 7.5
79, 7.5
85, 7.5
91, 7.5
97, 7.5
103, 7.5
109, 7.5
115, 7.5
121, 7.5
127, 7.5
133, 7.5
139, 7.5
145, 7.5
151, 7.5
157, 7.5
163, 7.5
169, 7.5
175, 7.5
181, 7.5
187, 7.5
193, 7.5
199, 7.5
205, 7.5
211, 7.5
217, 7.5
223, 7.5
229, 7.5
235, 7.5
241, 7.5
247, 7.5
253, 7.5
259, 7.5
265, 7.5
271, 7.5
277, 7.5
283, 7.5
289, 7.5
295, 7.5
301, 7.5
307, 7.5
313, 7.5
319, 7.5
325, 7.5
331, 7.5
337, 7.5
343, 7.5
349, 7.5
355, 7.5
361, 7.5
367, 7.5
373, 7.5
379, 7.5
385, 7.5
391, 7.5
397, 7.5
403, 7.5
409, 7.5
415, 7.5
421, 7.5
427, 7.5
433, 7.5
439, 7.5
445, 7.5
451, 7.5
457, 7.5
463, 7.5
469, 7.5
475, 7.5
481, 7.5
487, 7.5
493, 7.5
499, 7.5
505, 7.5
511, 7.5
517, 7.5
523, 7.5
529, 7.5
535, 7.5
541, 7.5
547, 7.5
553, 7.5
559, 7.5
565, 7.5
571, 7.5
577, 7.5
583, 7.5
589, 7.5
595, 7.5
601, 7.5
607, 7.5
613, 7.5
619, 7.5
625, 7.5
631, 7.5
637, 7.5
643, 7.5
649, 7.5
655, 7.5
661, 7.5
667, 7.5
673, 7.5
679, 7.5
685, 7.5
691, 7.5
697, 7.5
703, 7.5
709, 7.5
715, 7.5
721, 7.5
727, 7.5
733, 7.5
739, 7.5
745, 7.5
751, 7.5
757, 7.5
763, 7.5
769, 7.5
775, 7.5
781, 7.5
787, 7.5
793, 7.5
799, 7.5
805, 7.5
811, 7.5
817, 7.5
823, 7.5
829, 7.5
835, 7.5
841, 7.5
847, 7.5
853, 7.5
859, 7.5
865, 7.5
871, 7.5
877, 7.5
883, 7.5
889, 7.5
895, 7.5
901, 7.5
907, 7.5
913, 7.5
919, 7.5
925, 7.5
931, 7.5
937, 7.5
943, 7.5
949, 7.5
955, 7.5
961, 7.5
967, 7.5
973, 7.5
979, 7.5
985, 7.5
991, 7.5
997, 7.5
1003, 7.5
1009, 7.5
1015, 7.5
1021, 7.5
1027, 7.5
1033, 7.5
1039, 7.5
1045, 7.5
1051, 7.5
1057, 7.5
1063, 7.5
1069, 7.5
1075, 7.5
1081, 7.5
1087, 7.5
1093, 7.5
1099, 7.5
1105, 7.5
1111, 7.5
1117, 7.5
1123, 7.5
1129, 7.5
1135, 7.5
1141, 7.5
1147, 7.5
1153, 7.5
1159, 7.5
1165, 7.5
1171, 7.5
1177, 7.5
1183, 7.5
1189, 7.5
1195, 7.5
1201, 7.5
1207, 7.5
1213, 7.5
1219, 7.5
1225, 7.5
1231, 7.5
1237, 7.5
1243, 7.5
1249, 7.5
1255, 7.5
1261, 7.5
1267, 7.5
1273, 7.5
1279, 7.5
1285, 7.5
1291, 7.5
1297, 7.5
1303, 7.5
1309, 7.5
1315, 7.5
1321, 7.5
1327, 7.5
1333, 7.5
1339, 7.5
1345, 7.5
1351, 7.5
1357, 7.5
1363, 7.5
1369, 7.5
1375, 7.5
1381, 7.5
1387, 7.5
1393, 7.5
1399, 7.5
1405, 7.5
1411, 7.5
1417, 7.5
1423, 7.5
1429, 7.5
1435, 7.5
1441, 7.5
1447, 7.5
1453, 7.5
1459, 7.5
1465, 7.5
1471, 7.5
1477, 7.5
1483, 7.5
1489, 7.5
1495, 7.5
1501, 7.5
1507, 7.5
1513, 7.5
1519, 7.5
1525, 7.5
1531, 7.5
1537, 7.5
1543, 7.5
1549, 7.5
1555, 7.5
1561, 7.5
1567, 7.5
1573, 7.5
1579, 7.5
1585, 7.5
1591, 7.5
1597, 7.5
1603, 7.5
1609, 7.5
1615, 7.5
1621, 7.5
1627, 7.5
1633, 7.5
1639, 7.5
1645, 7.5
1651, 7.5
1657, 7.5
1663, 7.5
1669, 7.5
1675, 7.5
1681, 7.5
1687, 7.5
1693, 7.5
1699, 7.5
1705, 7.5
1711, 7.5
1717, 7.5
1723, 7.5
1729, 7.5
ENDTABLE
#RadioCtrl0 0    

#CheckBox0 0    



SPECIAL_PARSFILE Animator\STL\Shape_da35307a-7c17-410a-ad0b-74cd82554640.par
#BlueLink0 Animator: Shape File Link`Concrete Barrier` Environment: Props (1 of 2)` , 3D Object`Shape_da35307a-7c17-410a-ad0b-74cd82554640


#EMBEDDED_NOTES
#The 7.5m loation splits the concrete separator for I-94 near exit 172.
#END_EMBEDDED_NOTES

LOG_ENTRY Used Dataset: Road: Animator Repeated Object; { Highway Intersection } Concrete Barrier
#Library : Road: Animator Repeated Object
#DataSet : Concrete Barrier
#Category: Highway Intersection
#FileID  : AniRep_65a465de-24c4-494f-bc91-bfde10ba54f9
#Product : TruckSim 2020.1
#VehCode Repeated Object

END
