PARSFILE
#FullDataName Road: X-Y-Z Coordinates of Edges`X-Y-Z Edges, Looped Road`
#RingCtrl0 0
#RingCtrl1 0
#RingCtrl2 1
SET_IPATH_FOR_ID 0
DEFINE_XY_TABLES 1
ITAB_XY = NTAB_XY
XY_TABLE_ID = ITAB_XY
SET_IROAD_DZ_FOR_ID 0
ROAD_N_DZ = ROAD_N_DZ + 1 ! increment count for the road
IDZ_ROAD = ROAD_N_DZ ! set index for the new ID
RD_DZ_ID = ROAD_DZ_ID ! Specify the user ID
set_description RD_DZ_ID ROAD_DZ_ID for: X-Y-Z Edges, Looped Road

SET_DESCRIPTION PATH_ID X-Y-Z Edges, Looped Road
SET_DESCRIPTION XY_TABLE_ID X-Y-Z Edges, Looped Road
IPATHSEG = 1
PATH_ID_DM = PATH_ID
SEGMENT_TYPE = 1
XY_SEGMENT_ID = XY_TABLE_ID

#RadioCtrl0 0    
#RadioCtrl1 0    

#CheckBox0 1    
OPT_PATH_LOOP 1

*3D_XLabel Global Z coordinate (m)
*3D_YLabel Global X coordinate (m)
*3D_ZLabel Global Y coordinate (m)

#DiagramTwo0
*3D_DATA 3, 281 ! columns x rows
*Lane1_CARPET 2D_LINEAR
0, 1, 2, 3
-54.277, 154.002, -0.194, 0
-51.138, 155.758, -0.191, 3.5968
-47.559, 157.371, -0.185, 7.5225
-43.74, 158.766, -0.178, 11.5883
-39.879, 159.866, -0.17, 15.6029
-36.176, 160.597, -0.163, 19.3774
-32.617, 160.94, -0.157, 22.9529
-29.071, 160.946, -0.15, 26.4989
-25.557, 160.641, -0.144, 30.0261
-22.093, 160.055, -0.138, 33.5393
-18.7, 159.215, -0.134, 37.0347
-15.372, 158.113, -0.132, 40.5404
-12.094, 156.732, -0.132, 44.0975
-8.878, 155.081, -0.132, 47.7125
-5.731, 153.172, -0.133, 51.3932
-2.663, 151.016, -0.134, 55.143
0.341, 148.574, -0.137, 59.0144
3.288, 145.838, -0.142, 63.0357
6.155, 142.867, -0.145, 67.1644
8.917, 139.719, -0.148, 71.3523
11.551, 136.453, -0.148, 75.5481
13.989, 133.038, -0.14, 79.7441
16.246, 129.437, -0.127, 83.9939
18.425, 125.693, -0.114, 88.3258
20.63, 121.852, -0.105, 92.7548
22.962, 117.957, -0.103, 97.2945
25.451, 113.906, -0.107, 102.049
28.028, 109.669, -0.114, 107.0082
30.65, 105.401, -0.127, 112.0172
33.274, 101.256, -0.15, 116.923
35.859, 97.39, -0.185, 121.5736
38.352, 93.771, -0.236, 125.9682
40.781, 90.298, -0.298, 130.2063
43.226, 87.014, -0.371, 134.3005
45.761, 83.967, -0.45, 138.2642
48.465, 81.201, -0.533, 142.1323
51.189, 78.741, -0.623, 145.8027
53.878, 76.556, -0.722, 149.2675
56.761, 74.61, -0.826, 152.7458
60.06, 72.868, -0.929, 156.4765
64.003, 71.293, -1.025, 160.7224
68.467, 70.224, -1.128, 165.3126
72.838, 69.849, -1.24, 169.6997
76.597, 69.906, -1.343, 173.4591
79.231, 70.132, -1.418, 176.1028
80.224, 70.265, -1.448, 177.1047
81.499, 70.59, -1.491, 178.4204
84.763, 71.381, -1.601, 181.7789
89.168, 72.361, -1.749, 186.2916
93.872, 73.253, -1.906, 191.0794
98.029, 73.779, -2.043, 195.2696
101.706, 73.979, -2.163, 198.952
105.468, 74.036, -2.283, 202.7144
109.211, 73.893, -2.402, 206.4602
112.834, 73.497, -2.516, 210.1047
116.233, 72.79, -2.62, 213.5765
119.351, 71.81, -2.71, 216.8449
122.256, 70.595, -2.789, 219.9937
125.035, 69.087, -2.864, 223.1555
127.774, 67.234, -2.94, 226.4624
130.56, 64.978, -3.025, 230.0473
133.482, 62.216, -3.122, 234.0681
136.479, 58.984, -3.226, 238.4758
139.422, 55.44, -3.332, 243.0825
142.184, 51.74, -3.437, 247.6997
144.632, 48.043, -3.537, 252.1337
146.733, 44.414, -3.628, 256.327
148.575, 40.747, -3.714, 260.4306
150.208, 36.945, -3.798, 264.5685
151.682, 32.911, -3.883, 268.8634
153.048, 28.547, -3.974, 273.4361
154.341, 23.909, -4.074, 278.251
155.526, 19.062, -4.178, 283.2408
156.552, 13.922, -4.285, 288.4822
157.37, 8.405, -4.388, 294.0595
157.929, 2.428, -4.483, 300.0626
158.243, -3.963, -4.572, 306.4613
158.323, -10.539, -4.659, 313.0378
158.115, -17.109, -4.74, 319.611
157.564, -23.483, -4.813, 326.0088
156.618, -29.47, -4.875, 332.0701
155.45, -34.733, -4.923, 337.4611
154.255, -39.277, -4.957, 342.1596
153.016, -43.412, -4.984, 346.4763
151.711, -47.451, -5.011, 350.7209
150.321, -51.706, -5.041, 355.1972
148.831, -56.121, -5.075, 359.8568
147.255, -60.487, -5.109, 364.4985
145.615, -64.89, -5.145, 369.1971
143.932, -69.417, -5.181, 374.0268
142.231, -74.157, -5.218, 379.0627
140.478, -79.207, -5.259, 384.4084
138.658, -84.513, -5.304, 390.0178
136.821, -89.922, -5.348, 395.7302
135.013, -95.285, -5.389, 401.3898
133.281, -100.452, -5.42, 406.8394
131.695, -105.276, -5.445, 411.9174
130.221, -109.857, -5.466, 416.7297
128.758, -114.417, -5.479, 421.5186
127.209, -119.174, -5.484, 426.5215
125.473, -124.354, -5.476, 431.9846
123.475, -129.565, -5.455, 437.5655
121.259, -134.301, -5.423, 442.7943
118.899, -138.615, -5.381, 447.7117
116.469, -142.554, -5.331, 452.3399
114.042, -146.17, -5.275, 456.6949
111.577, -149.395, -5.213, 460.7541
109.024, -152.197, -5.145, 464.5447
106.446, -154.675, -5.07, 468.1205
103.907, -156.928, -4.987, 471.515
101.469, -159.059, -4.898, 474.7531
98.928, -161.037, -4.802, 477.9732
96.071, -162.786, -4.7, 481.323
92.95, -164.327, -4.59, 484.8038
89.62, -165.682, -4.474, 488.3989
86.131, -166.874, -4.352, 492.0859
82.444, -167.689, -4.217, 495.8619
78.581, -168.067, -4.068, 499.7433
74.699, -168.258, -3.917, 503.63
70.95, -168.517, -3.772, 507.388
67.49, -169.092, -3.646, 510.8954
64.276, -170, -3.537, 514.2352
61.209, -171.075, -3.441, 517.4852
58.346, -172.289, -3.354, 520.5949
55.749, -173.623, -3.277, 523.5145
53.479, -175.05, -3.206, 526.1958
51.422, -176.522, -3.145, 528.7252
49.369, -178.137, -3.094, 531.3373
47.243, -180.089, -3.05, 534.2235
44.964, -182.57, -3.011, 537.5924
42.45, -185.774, -2.974, 541.6649
40.104, -189.168, -2.94, 545.7908
38.21, -192.145, -2.912, 549.3192
36.525, -194.783, -2.887, 552.4495
34.803, -197.161, -2.861, 555.3855
32.799, -199.355, -2.832, 558.3569
30.521, -201.328, -2.801, 561.3706
28.132, -203.03, -2.769, 564.3039
25.62, -204.513, -2.736, 567.221
22.979, -205.835, -2.701, 570.1743
20.196, -207.051, -2.666, 573.2114
17.126, -208.017, -2.63, 576.4298
13.761, -208.589, -2.594, 579.8431
10.284, -208.824, -2.556, 583.328
6.89, -208.778, -2.515, 586.7223
3.763, -208.507, -2.468, 589.861
0.752, -207.833, -2.416, 592.9466
-2.362, -206.683, -2.356, 596.2661
-5.478, -205.271, -2.294, 599.6871
-8.5, -203.81, -2.232, 603.0437
-11.328, -202.514, -2.172, 606.1546
-14.066, -201.297, -2.114, 609.1509
-16.945, -200.093, -2.056, 612.2715
-20.06, -199.153, -1.999, 615.5252
-23.507, -198.725, -1.946, 618.9987
-27.382, -199.059, -1.898, 622.888
-30.838, -199.891, -1.856, 626.4428
-33.259, -200.81, -1.818, 629.0323
-35.086, -201.837, -1.784, 631.1282
-36.763, -202.996, -1.754, 633.1667
-38.733, -204.307, -1.725, 635.5331
-40.905, -206.11, -1.699, 638.3559
-42.936, -208.546, -1.678, 641.5275
-44.874, -211.338, -1.659, 644.9262
-46.769, -214.205, -1.638, 648.3629
-48.668, -216.867, -1.614, 651.6328
-50.629, -219.231, -1.586, 654.7043
-52.673, -221.366, -1.554, 657.66
-54.804, -223.242, -1.522, 660.4991
-57.026, -224.831, -1.488, 663.2308
-59.344, -226.106, -1.457, 665.8763
-61.712, -227.046, -1.427, 668.4241
-64.128, -227.669, -1.397, 670.9191
-66.659, -228.008, -1.367, 673.4727
-69.371, -228.092, -1.336, 676.186
-72.332, -227.952, -1.304, 679.1503
-75.467, -227.331, -1.268, 682.3462
-78.59, -226.095, -1.232, 685.7049
-81.593, -224.47, -1.194, 689.1194
-84.37, -222.685, -1.155, 692.4206
-86.813, -220.962, -1.116, 695.4101
-89.284, -219.089, -1.077, 698.5107
-92.073, -216.828, -1.037, 702.1011
-94.967, -214.373, -0.997, 705.8961
-97.752, -211.915, -0.956, 709.6107
-100.217, -209.647, -0.916, 712.9603
-102.596, -207.363, -0.879, 716.2582
-105.215, -204.765, -0.844, 719.9472
-107.997, -201.915, -0.807, 723.93
-110.863, -198.871, -0.769, 728.1109
-113.735, -195.694, -0.725, 732.3936
-116.772, -191.92, -0.675, 737.2378
-120.047, -187.317, -0.618, 742.887
-123.354, -182.288, -0.56, 748.9059
-126.488, -177.238, -0.502, 754.8493
-129.243, -172.571, -0.449, 760.2688
-131.567, -168.324, -0.401, 765.1101
-133.595, -164.226, -0.355, 769.6824
-135.408, -160.224, -0.312, 774.0759
-137.088, -156.263, -0.27, 778.3785
-138.715, -152.289, -0.228, 782.6727
-140.279, -148.31, -0.188, 786.948
-141.727, -144.365, -0.149, 791.1503
-143.072, -140.438, -0.111, 795.3013
-144.33, -136.511, -0.074, 799.4249
-145.516, -132.572, -0.038, 803.5385
-146.61, -128.78, -0.003, 807.4852
-147.603, -125.144, 0.029, 811.2544
-148.523, -121.425, 0.062, 815.0855
-149.398, -117.381, 0.097, 819.223
-150.256, -112.771, 0.137, 823.9122
-151.135, -107.328, 0.184, 829.4257
-152.017, -101.217, 0.237, 835.6
-152.844, -94.832, 0.292, 842.0384
-153.557, -88.571, 0.345, 848.3398
-154.098, -82.832, 0.393, 854.1043
-154.463, -77.816, 0.435, 859.1336
-154.69, -73.26, 0.471, 863.6952
-154.786, -68.859, 0.505, 868.0972
-154.757, -64.31, 0.541, 872.6463
-154.609, -59.308, 0.58, 877.6505
-154.356, -53.738, 0.625, 883.2263
-153.992, -47.803, 0.674, 889.1724
-153.499, -41.675, 0.724, 895.3202
-152.856, -35.528, 0.771, 901.5008
-152.044, -29.535, 0.811, 907.5485
-150.998, -23.633, 0.846, 913.5425
-149.732, -17.707, 0.878, 919.6022
-148.341, -11.849, 0.905, 925.6231
-146.924, -6.154, 0.927, 931.4917
-145.577, -0.71, 0.942, 937.0999
-144.234, 4.624, 0.948, 942.6004
-142.832, 9.913, 0.946, 948.072
-141.468, 14.936, 0.939, 953.277
-140.241, 19.478, 0.931, 957.9818
-139.25, 23.321, 0.925, 961.9505
-138.585, 26.24, 0.921, 964.9443
-138.181, 28.382, 0.918, 967.124
-137.901, 30.081, 0.913, 968.846
-137.612, 31.673, 0.907, 970.464
-137.179, 33.489, 0.899, 972.3309
-136.693, 35.27, 0.893, 974.177
-136.245, 36.792, 0.888, 975.7636
-135.696, 38.448, 0.88, 977.5082
-134.91, 40.633, 0.863, 979.8303
-133.748, 43.741, 0.829, 983.1484
-132.17, 47.932, 0.777, 987.6266
-130.267, 52.944, 0.707, 992.9877
-128.101, 58.536, 0.63, 998.9846
-125.733, 64.466, 0.549, 1005.3699
-123.225, 70.494, 0.475, 1011.8988
-120.642, 76.358, 0.402, 1018.3065
-118.035, 81.842, 0.327, 1024.3786
-115.436, 86.777, 0.254, 1029.9562
-112.882, 90.992, 0.185, 1034.8846
-110.408, 94.316, 0.126, 1039.0282
-108.191, 96.997, 0.077, 1042.5071
-106.272, 99.474, 0.036, 1045.6405
-104.48, 101.862, 0.001, 1048.6261
-102.643, 104.277, -0.032, 1051.6604
-100.59, 106.833, -0.062, 1054.9388
-98.285, 109.564, -0.094, 1058.5125
-95.842, 112.392, -0.123, 1062.2496
-93.315, 115.269, -0.15, 1066.0788
-90.758, 118.148, -0.172, 1069.9294
-88.223, 120.981, -0.188, 1073.7309
-85.681, 123.801, -0.195, 1077.5275
-83.095, 126.641, -0.197, 1081.3685
-80.512, 129.45, -0.194, 1085.1846
-77.977, 132.175, -0.19, 1088.9064
-75.535, 134.768, -0.187, 1092.4683
-73.145, 137.329, -0.183, 1095.9712
-70.779, 139.894, -0.177, 1099.4608
-68.495, 142.307, -0.172, 1102.7834
-66.356, 144.416, -0.167, 1105.7872
-64.422, 146.066, -0.166, 1108.3294
-62.664, 147.479, -0.169, 1110.5849
-60.916, 148.98, -0.176, 1112.8889
-59.032, 150.567, -0.185, 1115.3523
-56.868, 152.241, -0.191, 1118.0882
-54.277, 154.002, -0.194, 1121.221
ENDTABLE

*3D_XLabel Global Z coordinate (m)
*3D_YLabel Global X coordinate (m)
*3D_ZLabel Global Y coordinate (m)

#DiagramTwo1
*3D_DATA 3, 281 ! columns x rows
*Lane2_CARPET 2D_LINEAR
0, 1, 2, 3
-54.453, 145.191, -0.379, 0
-56.483, 143.68, -0.379, 0
-58.315, 142.153, -0.368, 0
-60.129, 140.525, -0.364, 0
-62.105, 138.713, -0.362, 0
-64.212, 136.719, -0.363, 0
-66.329, 134.598, -0.365, 0
-68.504, 132.348, -0.369, 0
-70.784, 129.968, -0.376, 0
-73.218, 127.455, -0.389, 0
-75.917, 124.72, -0.41, 0
-78.85, 121.764, -0.441, 0
-81.849, 118.722, -0.474, 0
-84.742, 115.727, -0.501, 0
-87.361, 112.912, -0.516, 0
-89.728, 110.25, -0.518, 0
-91.958, 107.654, -0.513, 0
-94.015, 105.163, -0.501, 0
-95.863, 102.816, -0.481, 0
-97.468, 100.652, -0.456, 0
-98.739, 98.848, -0.425, 0
-99.745, 97.324, -0.389, 0
-100.692, 95.742, -0.346, 0
-101.784, 93.762, -0.292, 0
-103.228, 91.044, -0.227, 0
-105.27, 86.893, -0.139, 0
-107.828, 81.321, -0.032, 0
-110.62, 75.051, 0.082, 0
-113.362, 68.803, 0.187, 0
-115.771, 63.301, 0.267, 0
-117.836, 58.556, 0.318, 0
-119.744, 54.088, 0.348, 0
-121.514, 49.877, 0.368, 0
-123.162, 45.903, 0.386, 0
-124.705, 42.147, 0.411, 0
-126.158, 38.621, 0.444, 0
-127.51, 35.338, 0.481, 0
-128.738, 32.279, 0.518, 0
-129.821, 29.426, 0.552, 0
-130.737, 26.757, 0.582, 0
-131.388, 24.745, 0.605, 0
-131.802, 23.468, 0.625, 0
-132.148, 22.321, 0.641, 0
-132.593, 20.7, 0.655, 0
-133.306, 17.998, 0.668, 0
-134.368, 13.917, 0.682, 0
-135.667, 8.862, 0.696, 0
-137.08, 3.28, 0.707, 0
-138.487, -2.383, 0.711, 0
-139.767, -7.68, 0.705, 0
-140.945, -12.507, 0.687, 0
-142.102, -17.165, 0.659, 0
-143.2, -21.804, 0.625, 0
-144.198, -26.576, 0.585, 0
-145.059, -31.633, 0.543, 0
-145.784, -37.189, 0.496, 0
-146.402, -43.142, 0.442, 0
-146.905, -49.17, 0.386, 0
-147.289, -54.954, 0.331, 0
-147.548, -60.172, 0.284, 0
-147.672, -64.384, 0.246, 0
-147.68, -67.773, 0.215, 0
-147.608, -70.951, 0.187, 0
-147.491, -74.529, 0.156, 0
-147.366, -79.12, 0.118, 0
-147.024, -84.916, 0.068, 0
-146.332, -91.361, 0.011, 0
-145.439, -97.946, -0.048, 0
-144.492, -104.162, -0.104, 0
-143.638, -109.499, -0.152, 0
-142.93, -113.668, -0.189, 0
-142.271, -117.01, -0.219, 0
-141.58, -119.957, -0.246, 0
-140.776, -122.943, -0.273, 0
-139.777, -126.4, -0.305, 0
-138.567, -130.423, -0.342, 0
-137.202, -134.722, -0.381, 0
-135.705, -139.159, -0.422, 0
-134.098, -143.591, -0.463, 0
-132.406, -147.879, -0.505, 0
-130.66, -151.994, -0.547, 0
-128.845, -156.029, -0.588, 0
-126.913, -160.028, -0.631, 0
-124.817, -164.036, -0.675, 0
-122.507, -168.095, -0.722, 0
-119.895, -172.423, -0.774, 0
-117.012, -176.987, -0.829, 0
-113.993, -181.467, -0.886, 0
-110.975, -185.541, -0.94, 0
-108.092, -188.887, -0.988, 0
-105.455, -191.622, -1.029, 0
-103.028, -194.124, -1.064, 0
-100.723, -196.463, -1.097, 0
-98.453, -198.704, -1.129, 0
-96.132, -200.916, -1.163, 0
-93.761, -203.064, -1.199, 0
-91.398, -205.102, -1.235, 0
-89.04, -207.082, -1.271, 0
-86.687, -209.06, -1.308, 0
-84.334, -211.086, -1.346, 0
-81.881, -212.99, -1.387, 0
-79.297, -214.574, -1.429, 0
-76.686, -215.84, -1.472, 0
-74.151, -216.797, -1.513, 0
-71.799, -217.449, -1.549, 0
-69.647, -217.76, -1.58, 0
-67.624, -217.727, -1.607, 0
-65.706, -217.405, -1.633, 0
-63.863, -216.844, -1.657, 0
-62.071, -216.102, -1.683, 0
-60.445, -215.294, -1.708, 0
-59.003, -214.381, -1.73, 0
-57.571, -213.194, -1.754, 0
-55.974, -211.556, -1.781, 0
-54.038, -209.298, -1.817, 0
-51.704, -206.296, -1.864, 0
-49.086, -202.817, -1.92, 0
-46.264, -199.263, -1.98, 0
-43.32, -196.04, -2.037, 0
-40.335, -193.551, -2.086, 0
-37.456, -191.808, -2.124, 0
-34.703, -190.499, -2.156, 0
-31.965, -189.541, -2.184, 0
-29.13, -188.853, -2.212, 0
-26.087, -188.355, -2.242, 0
-22.709, -188.327, -2.276, 0
-19.065, -188.976, -2.311, 0
-15.341, -190.098, -2.346, 0
-11.721, -191.492, -2.38, 0
-8.392, -192.957, -2.41, 0
-5.364, -194.371, -2.438, 0
-2.496, -195.698, -2.461, 0
0.253, -196.859, -2.484, 0
2.926, -197.775, -2.508, 0
5.562, -198.368, -2.535, 0
8.139, -198.6, -2.564, 0
10.628, -198.521, -2.596, 0
13.066, -198.192, -2.63, 0
15.489, -197.67, -2.664, 0
17.931, -197.02, -2.7, 0
20.485, -195.996, -2.736, 0
23.135, -194.444, -2.774, 0
25.76, -192.555, -2.813, 0
28.238, -190.513, -2.853, 0
30.448, -188.508, -2.895, 0
32.221, -186.629, -2.935, 0
33.638, -184.752, -2.976, 0
34.951, -182.74, -3.018, 0
36.413, -180.456, -3.064, 0
38.274, -177.762, -3.116, 0
40.572, -174.772, -3.174, 0
43.137, -171.782, -3.237, 0
45.909, -168.932, -3.304, 0
48.828, -166.356, -3.375, 0
51.83, -164.19, -3.449, 0
54.946, -162.446, -3.526, 0
58.219, -161.034, -3.607, 0
61.602, -159.935, -3.691, 0
65.048, -159.135, -3.78, 0
68.512, -158.615, -3.874, 0
72.102, -158.279, -3.974, 0
75.867, -157.962, -4.08, 0
79.669, -157.552, -4.191, 0
83.374, -156.933, -4.304, 0
86.844, -155.99, -4.419, 0
90.1, -154.67, -4.541, 0
93.231, -153.05, -4.67, 0
96.209, -151.209, -4.798, 0
99.004, -149.226, -4.918, 0
101.588, -147.183, -5.022, 0
103.889, -145.095, -5.106, 0
105.926, -142.91, -5.177, 0
107.806, -140.602, -5.238, 0
109.638, -138.147, -5.293, 0
111.527, -135.519, -5.344, 0
113.503, -132.348, -5.396, 0
115.473, -128.467, -5.443, 0
117.363, -124.152, -5.485, 0
119.101, -119.679, -5.518, 0
120.612, -115.323, -5.541, 0
121.805, -111.639, -5.552, 0
122.77, -108.603, -5.552, 0
123.706, -105.628, -5.545, 0
124.816, -102.129, -5.529, 0
126.299, -97.518, -5.507, 0
128.375, -91.266, -5.474, 0
130.925, -83.797, -5.429, 0
133.645, -75.949, -5.379, 0
136.229, -68.56, -5.332, 0
138.373, -62.47, -5.293, 0
139.95, -58.023, -5.268, 0
141.165, -54.66, -5.249, 0
142.206, -51.864, -5.234, 0
143.262, -49.118, -5.218, 0
144.519, -45.904, -5.197, 0
145.896, -42.17, -5.173, 0
147.16, -38.211, -5.151, 0
148.283, -34.026, -5.125, 0
149.233, -29.621, -5.091, 0
149.98, -24.995, -5.047, 0
150.541, -19.919, -4.988, 0
150.939, -14.392, -4.918, 0
151.145, -8.757, -4.841, 0
151.128, -3.36, -4.761, 0
150.861, 1.455, -4.684, 0
150.449, 5.609, -4.61, 0
149.977, 9.377, -4.536, 0
149.384, 12.943, -4.462, 0
148.605, 16.491, -4.383, 0
147.58, 20.206, -4.299, 0
146.257, 24.214, -4.206, 0
144.679, 28.39, -4.106, 0
142.921, 32.548, -4.004, 0
141.057, 36.499, -3.903, 0
139.162, 40.055, -3.81, 0
137.249, 43.189, -3.726, 0
135.265, 46.027, -3.647, 0
133.197, 48.609, -3.571, 0
131.028, 50.974, -3.495, 0
128.743, 53.163, -3.415, 0
126.34, 55.196, -3.331, 0
123.828, 57.048, -3.247, 0
121.213, 58.686, -3.16, 0
118.497, 60.078, -3.07, 0
115.684, 61.194, -2.975, 0
112.806, 62.023, -2.875, 0
109.859, 62.587, -2.769, 0
106.796, 62.9, -2.66, 0
103.575, 62.974, -2.551, 0
100.149, 62.821, -2.444, 0
96.448, 62.282, -2.342, 0
92.502, 61.347, -2.242, 0
88.417, 60.257, -2.141, 0
84.296, 59.254, -2.038, 0
80.246, 58.579, -1.928, 0
76.215, 58.288, -1.81, 0
72.144, 58.311, -1.684, 0
68.116, 58.695, -1.556, 0
64.212, 59.487, -1.431, 0
60.519, 60.734, -1.313, 0
57.023, 62.366, -1.201, 0
53.658, 64.268, -1.091, 0
50.426, 66.422, -0.987, 0
47.329, 68.808, -0.889, 0
44.37, 71.408, -0.798, 0
41.59, 74.212, -0.716, 0
38.989, 77.232, -0.638, 0
36.503, 80.483, -0.568, 0
34.07, 83.981, -0.507, 0
31.63, 87.74, -0.456, 0
29.177, 91.8, -0.418, 0
26.752, 96.153, -0.39, 0
24.363, 100.736, -0.371, 0
22.017, 105.492, -0.359, 0
19.722, 110.359, -0.351, 0
17.428, 115.174, -0.349, 0
15.075, 119.755, -0.354, 0
12.659, 124.017, -0.365, 0
10.17, 127.877, -0.377, 0
7.604, 131.25, -0.389, 0
4.964, 134.26, -0.402, 0
2.304, 137.066, -0.419, 0
-0.315, 139.631, -0.436, 0
-2.832, 141.922, -0.45, 0
-5.185, 143.902, -0.46, 0
-7.518, 145.656, -0.463, 0
-10.015, 147.27, -0.463, 0
-12.675, 148.71, -0.459, 0
-15.497, 149.943, -0.454, 0
-18.478, 150.935, -0.447, 0
-21.701, 151.713, -0.437, 0
-25.166, 152.302, -0.423, 0
-28.751, 152.657, -0.409, 0
-32.334, 152.736, -0.396, 0
-35.793, 152.494, -0.386, 0
-39.206, 151.894, -0.383, 0
-42.653, 150.966, -0.382, 0
-46.019, 149.765, -0.383, 0
-49.187, 148.347, -0.383, 0
-52.042, 146.769, -0.379, 0
-54.453, 145.191, -0.379, 0
ENDTABLE

SEGMENT_XY_TABLE
-54.2770, 154.0020, 0.0000
-51.1380, 155.7580, 3.5968
-47.5590, 157.3710, 7.5225
-43.7400, 158.7660, 11.5883
-39.8790, 159.8660, 15.6029
-36.1760, 160.5970, 19.3774
-32.6170, 160.9400, 22.9529
-29.0710, 160.9460, 26.4989
-25.5570, 160.6410, 30.0261
-22.0930, 160.0550, 33.5393
-18.7000, 159.2150, 37.0347
-15.3720, 158.1130, 40.5404
-12.0940, 156.7320, 44.0975
-8.8780, 155.0810, 47.7125
-5.7310, 153.1720, 51.3932
-2.6630, 151.0160, 55.1430
0.3410, 148.5740, 59.0144
3.2880, 145.8380, 63.0357
6.1550, 142.8670, 67.1644
8.9170, 139.7190, 71.3523
11.5510, 136.4530, 75.5481
13.9890, 133.0380, 79.7441
16.2460, 129.4370, 83.9939
18.4250, 125.6930, 88.3258
20.6300, 121.8520, 92.7548
22.9620, 117.9570, 97.2945
25.4510, 113.9060, 102.0490
28.0280, 109.6690, 107.0082
30.6500, 105.4010, 112.0172
33.2740, 101.2560, 116.9230
35.8590, 97.3900, 121.5736
38.3520, 93.7710, 125.9682
40.7810, 90.2980, 130.2063
43.2260, 87.0140, 134.3005
45.7610, 83.9670, 138.2642
48.4650, 81.2010, 142.1323
51.1890, 78.7410, 145.8027
53.8780, 76.5560, 149.2675
56.7610, 74.6100, 152.7458
60.0600, 72.8680, 156.4765
64.0030, 71.2930, 160.7224
68.4670, 70.2240, 165.3126
72.8380, 69.8490, 169.6997
76.5970, 69.9060, 173.4591
79.2310, 70.1320, 176.1028
80.2240, 70.2650, 177.1047
81.4990, 70.5900, 178.4204
84.7630, 71.3810, 181.7789
89.1680, 72.3610, 186.2916
93.8720, 73.2530, 191.0794
98.0290, 73.7790, 195.2696
101.7060, 73.9790, 198.9520
105.4680, 74.0360, 202.7144
109.2110, 73.8930, 206.4602
112.8340, 73.4970, 210.1047
116.2330, 72.7900, 213.5765
119.3510, 71.8100, 216.8449
122.2560, 70.5950, 219.9937
125.0350, 69.0870, 223.1555
127.7740, 67.2340, 226.4624
130.5600, 64.9780, 230.0473
133.4820, 62.2160, 234.0681
136.4790, 58.9840, 238.4758
139.4220, 55.4400, 243.0825
142.1840, 51.7400, 247.6997
144.6320, 48.0430, 252.1337
146.7330, 44.4140, 256.3270
148.5750, 40.7470, 260.4306
150.2080, 36.9450, 264.5685
151.6820, 32.9110, 268.8634
153.0480, 28.5470, 273.4361
154.3410, 23.9090, 278.2510
155.5260, 19.0620, 283.2408
156.5520, 13.9220, 288.4822
157.3700, 8.4050, 294.0595
157.9290, 2.4280, 300.0626
158.2430, -3.9630, 306.4613
158.3230, -10.5390, 313.0378
158.1150, -17.1090, 319.6110
157.5640, -23.4830, 326.0088
156.6180, -29.4700, 332.0701
155.4500, -34.7330, 337.4611
154.2550, -39.2770, 342.1596
153.0160, -43.4120, 346.4763
151.7110, -47.4510, 350.7209
150.3210, -51.7060, 355.1972
148.8310, -56.1210, 359.8568
147.2550, -60.4870, 364.4985
145.6150, -64.8900, 369.1971
143.9320, -69.4170, 374.0268
142.2310, -74.1570, 379.0627
140.4780, -79.2070, 384.4084
138.6580, -84.5130, 390.0178
136.8210, -89.9220, 395.7302
135.0130, -95.2850, 401.3898
133.2810, -100.4520, 406.8394
131.6950, -105.2760, 411.9174
130.2210, -109.8570, 416.7297
128.7580, -114.4170, 421.5186
127.2090, -119.1740, 426.5215
125.4730, -124.3540, 431.9846
123.4750, -129.5650, 437.5655
121.2590, -134.3010, 442.7943
118.8990, -138.6150, 447.7117
116.4690, -142.5540, 452.3399
114.0420, -146.1700, 456.6949
111.5770, -149.3950, 460.7541
109.0240, -152.1970, 464.5447
106.4460, -154.6750, 468.1205
103.9070, -156.9280, 471.5150
101.4690, -159.0590, 474.7531
98.9280, -161.0370, 477.9732
96.0710, -162.7860, 481.3230
92.9500, -164.3270, 484.8038
89.6200, -165.6820, 488.3989
86.1310, -166.8740, 492.0859
82.4440, -167.6890, 495.8619
78.5810, -168.0670, 499.7433
74.6990, -168.2580, 503.6300
70.9500, -168.5170, 507.3880
67.4900, -169.0920, 510.8954
64.2760, -170.0000, 514.2352
61.2090, -171.0750, 517.4852
58.3460, -172.2890, 520.5949
55.7490, -173.6230, 523.5145
53.4790, -175.0500, 526.1958
51.4220, -176.5220, 528.7252
49.3690, -178.1370, 531.3373
47.2430, -180.0890, 534.2235
44.9640, -182.5700, 537.5924
42.4500, -185.7740, 541.6649
40.1040, -189.1680, 545.7908
38.2100, -192.1450, 549.3192
36.5250, -194.7830, 552.4495
34.8030, -197.1610, 555.3855
32.7990, -199.3550, 558.3569
30.5210, -201.3280, 561.3706
28.1320, -203.0300, 564.3039
25.6200, -204.5130, 567.2210
22.9790, -205.8350, 570.1743
20.1960, -207.0510, 573.2114
17.1260, -208.0170, 576.4298
13.7610, -208.5890, 579.8431
10.2840, -208.8240, 583.3280
6.8900, -208.7780, 586.7223
3.7630, -208.5070, 589.8610
0.7520, -207.8330, 592.9466
-2.3620, -206.6830, 596.2661
-5.4780, -205.2710, 599.6871
-8.5000, -203.8100, 603.0437
-11.3280, -202.5140, 606.1546
-14.0660, -201.2970, 609.1509
-16.9450, -200.0930, 612.2715
-20.0600, -199.1530, 615.5252
-23.5070, -198.7250, 618.9987
-27.3820, -199.0590, 622.8880
-30.8380, -199.8910, 626.4428
-33.2590, -200.8100, 629.0323
-35.0860, -201.8370, 631.1282
-36.7630, -202.9960, 633.1667
-38.7330, -204.3070, 635.5331
-40.9050, -206.1100, 638.3559
-42.9360, -208.5460, 641.5275
-44.8740, -211.3380, 644.9262
-46.7690, -214.2050, 648.3629
-48.6680, -216.8670, 651.6328
-50.6290, -219.2310, 654.7043
-52.6730, -221.3660, 657.6600
-54.8040, -223.2420, 660.4991
-57.0260, -224.8310, 663.2308
-59.3440, -226.1060, 665.8763
-61.7120, -227.0460, 668.4241
-64.1280, -227.6690, 670.9191
-66.6590, -228.0080, 673.4727
-69.3710, -228.0920, 676.1860
-72.3320, -227.9520, 679.1503
-75.4670, -227.3310, 682.3462
-78.5900, -226.0950, 685.7049
-81.5930, -224.4700, 689.1194
-84.3700, -222.6850, 692.4206
-86.8130, -220.9620, 695.4101
-89.2840, -219.0890, 698.5107
-92.0730, -216.8280, 702.1011
-94.9670, -214.3730, 705.8961
-97.7520, -211.9150, 709.6107
-100.2170, -209.6470, 712.9603
-102.5960, -207.3630, 716.2582
-105.2150, -204.7650, 719.9472
-107.9970, -201.9150, 723.9300
-110.8630, -198.8710, 728.1109
-113.7350, -195.6940, 732.3936
-116.7720, -191.9200, 737.2378
-120.0470, -187.3170, 742.8870
-123.3540, -182.2880, 748.9059
-126.4880, -177.2380, 754.8493
-129.2430, -172.5710, 760.2688
-131.5670, -168.3240, 765.1101
-133.5950, -164.2260, 769.6824
-135.4080, -160.2240, 774.0759
-137.0880, -156.2630, 778.3785
-138.7150, -152.2890, 782.6727
-140.2790, -148.3100, 786.9480
-141.7270, -144.3650, 791.1503
-143.0720, -140.4380, 795.3013
-144.3300, -136.5110, 799.4249
-145.5160, -132.5720, 803.5385
-146.6100, -128.7800, 807.4852
-147.6030, -125.1440, 811.2544
-148.5230, -121.4250, 815.0855
-149.3980, -117.3810, 819.2230
-150.2560, -112.7710, 823.9122
-151.1350, -107.3280, 829.4257
-152.0170, -101.2170, 835.6000
-152.8440, -94.8320, 842.0384
-153.5570, -88.5710, 848.3398
-154.0980, -82.8320, 854.1043
-154.4630, -77.8160, 859.1336
-154.6900, -73.2600, 863.6952
-154.7860, -68.8590, 868.0972
-154.7570, -64.3100, 872.6463
-154.6090, -59.3080, 877.6505
-154.3560, -53.7380, 883.2263
-153.9920, -47.8030, 889.1724
-153.4990, -41.6750, 895.3202
-152.8560, -35.5280, 901.5008
-152.0440, -29.5350, 907.5485
-150.9980, -23.6330, 913.5425
-149.7320, -17.7070, 919.6022
-148.3410, -11.8490, 925.6231
-146.9240, -6.1540, 931.4917
-145.5770, -0.7100, 937.0999
-144.2340, 4.6240, 942.6004
-142.8320, 9.9130, 948.0720
-141.4680, 14.9360, 953.2770
-140.2410, 19.4780, 957.9818
-139.2500, 23.3210, 961.9505
-138.5850, 26.2400, 964.9443
-138.1810, 28.3820, 967.1240
-137.9010, 30.0810, 968.8460
-137.6120, 31.6730, 970.4640
-137.1790, 33.4890, 972.3309
-136.6930, 35.2700, 974.1770
-136.2450, 36.7920, 975.7636
-135.6960, 38.4480, 977.5082
-134.9100, 40.6330, 979.8303
-133.7480, 43.7410, 983.1484
-132.1700, 47.9320, 987.6266
-130.2670, 52.9440, 992.9877
-128.1010, 58.5360, 998.9846
-125.7330, 64.4660, 1005.3699
-123.2250, 70.4940, 1011.8988
-120.6420, 76.3580, 1018.3065
-118.0350, 81.8420, 1024.3786
-115.4360, 86.7770, 1029.9562
-112.8820, 90.9920, 1034.8846
-110.4080, 94.3160, 1039.0282
-108.1910, 96.9970, 1042.5071
-106.2720, 99.4740, 1045.6405
-104.4800, 101.8620, 1048.6261
-102.6430, 104.2770, 1051.6604
-100.5900, 106.8330, 1054.9388
-98.2850, 109.5640, 1058.5125
-95.8420, 112.3920, 1062.2496
-93.3150, 115.2690, 1066.0788
-90.7580, 118.1480, 1069.9294
-88.2230, 120.9810, 1073.7309
-85.6810, 123.8010, 1077.5275
-83.0950, 126.6410, 1081.3685
-80.5120, 129.4500, 1085.1846
-77.9770, 132.1750, 1088.9064
-75.5350, 134.7680, 1092.4683
-73.1450, 137.3290, 1095.9712
-70.7790, 139.8940, 1099.4608
-68.4950, 142.3070, 1102.7834
-66.3560, 144.4160, 1105.7872
-64.4220, 146.0660, 1108.3294
-62.6640, 147.4790, 1110.5849
-60.9160, 148.9800, 1112.8889
-59.0320, 150.5670, 1115.3523
-56.8680, 152.2410, 1118.0882
-54.2770, 154.0020, 1121.2210
ENDTABLE

ROAD_ZS_TABLE SPLINE_FLAT
0.0000, -0.1940
3.5968, -0.1910
7.5225, -0.1850
11.5883, -0.1780
15.6029, -0.1700
19.3774, -0.1630
22.9529, -0.1570
26.4989, -0.1500
30.0261, -0.1440
33.5393, -0.1380
37.0347, -0.1340
40.5404, -0.1320
44.0975, -0.1320
47.7125, -0.1320
51.3932, -0.1330
55.1430, -0.1340
59.0144, -0.1370
63.0357, -0.1420
67.1644, -0.1450
71.3523, -0.1480
75.5481, -0.1480
79.7441, -0.1400
83.9939, -0.1270
88.3258, -0.1140
92.7548, -0.1050
97.2945, -0.1030
102.0490, -0.1070
107.0082, -0.1140
112.0172, -0.1270
116.9230, -0.1500
121.5736, -0.1850
125.9682, -0.2360
130.2063, -0.2980
134.3005, -0.3710
138.2642, -0.4500
142.1323, -0.5330
145.8027, -0.6230
149.2675, -0.7220
152.7458, -0.8260
156.4765, -0.9290
160.7224, -1.0250
165.3126, -1.1280
169.6997, -1.2400
173.4591, -1.3430
176.1028, -1.4180
177.1047, -1.4480
178.4204, -1.4910
181.7789, -1.6010
186.2916, -1.7490
191.0794, -1.9060
195.2696, -2.0430
198.9520, -2.1630
202.7144, -2.2830
206.4602, -2.4020
210.1047, -2.5160
213.5765, -2.6200
216.8449, -2.7100
219.9937, -2.7890
223.1555, -2.8640
226.4624, -2.9400
230.0473, -3.0250
234.0681, -3.1220
238.4758, -3.2260
243.0825, -3.3320
247.6997, -3.4370
252.1337, -3.5370
256.3270, -3.6280
260.4306, -3.7140
264.5685, -3.7980
268.8634, -3.8830
273.4361, -3.9740
278.2510, -4.0740
283.2408, -4.1780
288.4822, -4.2850
294.0595, -4.3880
300.0626, -4.4830
306.4613, -4.5720
313.0378, -4.6590
319.6110, -4.7400
326.0088, -4.8130
332.0701, -4.8750
337.4611, -4.9230
342.1596, -4.9570
346.4763, -4.9840
350.7209, -5.0110
355.1972, -5.0410
359.8568, -5.0750
364.4985, -5.1090
369.1971, -5.1450
374.0268, -5.1810
379.0627, -5.2180
384.4084, -5.2590
390.0178, -5.3040
395.7302, -5.3480
401.3898, -5.3890
406.8394, -5.4200
411.9174, -5.4450
416.7297, -5.4660
421.5186, -5.4790
426.5215, -5.4840
431.9846, -5.4760
437.5655, -5.4550
442.7943, -5.4230
447.7117, -5.3810
452.3399, -5.3310
456.6949, -5.2750
460.7541, -5.2130
464.5447, -5.1450
468.1205, -5.0700
471.5150, -4.9870
474.7531, -4.8980
477.9732, -4.8020
481.3230, -4.7000
484.8038, -4.5900
488.3989, -4.4740
492.0859, -4.3520
495.8619, -4.2170
499.7433, -4.0680
503.6300, -3.9170
507.3880, -3.7720
510.8954, -3.6460
514.2352, -3.5370
517.4852, -3.4410
520.5949, -3.3540
523.5145, -3.2770
526.1958, -3.2060
528.7252, -3.1450
531.3373, -3.0940
534.2235, -3.0500
537.5924, -3.0110
541.6649, -2.9740
545.7908, -2.9400
549.3192, -2.9120
552.4495, -2.8870
555.3855, -2.8610
558.3569, -2.8320
561.3706, -2.8010
564.3039, -2.7690
567.2210, -2.7360
570.1743, -2.7010
573.2114, -2.6660
576.4298, -2.6300
579.8431, -2.5940
583.3280, -2.5560
586.7223, -2.5150
589.8610, -2.4680
592.9466, -2.4160
596.2661, -2.3560
599.6871, -2.2940
603.0437, -2.2320
606.1546, -2.1720
609.1509, -2.1140
612.2715, -2.0560
615.5252, -1.9990
618.9987, -1.9460
622.8880, -1.8980
626.4428, -1.8560
629.0323, -1.8180
631.1282, -1.7840
633.1667, -1.7540
635.5331, -1.7250
638.3559, -1.6990
641.5275, -1.6780
644.9262, -1.6590
648.3629, -1.6380
651.6328, -1.6140
654.7043, -1.5860
657.6600, -1.5540
660.4991, -1.5220
663.2308, -1.4880
665.8763, -1.4570
668.4241, -1.4270
670.9191, -1.3970
673.4727, -1.3670
676.1860, -1.3360
679.1503, -1.3040
682.3462, -1.2680
685.7049, -1.2320
689.1194, -1.1940
692.4206, -1.1550
695.4101, -1.1160
698.5107, -1.0770
702.1011, -1.0370
705.8961, -0.9970
709.6107, -0.9560
712.9603, -0.9160
716.2582, -0.8790
719.9472, -0.8440
723.9300, -0.8070
728.1109, -0.7690
732.3936, -0.7250
737.2378, -0.6750
742.8870, -0.6180
748.9059, -0.5600
754.8493, -0.5020
760.2688, -0.4490
765.1101, -0.4010
769.6824, -0.3550
774.0759, -0.3120
778.3785, -0.2700
782.6727, -0.2280
786.9480, -0.1880
791.1503, -0.1490
795.3013, -0.1110
799.4249, -0.0740
803.5385, -0.0380
807.4852, -0.0030
811.2544, 0.0290
815.0855, 0.0620
819.2230, 0.0970
823.9122, 0.1370
829.4257, 0.1840
835.6000, 0.2370
842.0384, 0.2920
848.3398, 0.3450
854.1043, 0.3930
859.1336, 0.4350
863.6952, 0.4710
868.0972, 0.5050
872.6463, 0.5410
877.6505, 0.5800
883.2263, 0.6250
889.1724, 0.6740
895.3202, 0.7240
901.5008, 0.7710
907.5485, 0.8110
913.5425, 0.8460
919.6022, 0.8780
925.6231, 0.9050
931.4917, 0.9270
937.0999, 0.9420
942.6004, 0.9480
948.0720, 0.9460
953.2770, 0.9390
957.9818, 0.9310
961.9505, 0.9250
964.9443, 0.9210
967.1240, 0.9180
968.8460, 0.9130
970.4640, 0.9070
972.3309, 0.8990
974.1770, 0.8930
975.7636, 0.8880
977.5082, 0.8800
979.8303, 0.8630
983.1484, 0.8290
987.6266, 0.7770
992.9877, 0.7070
998.9846, 0.6300
1005.3699, 0.5490
1011.8988, 0.4750
1018.3065, 0.4020
1024.3786, 0.3270
1029.9562, 0.2540
1034.8846, 0.1850
1039.0282, 0.1260
1042.5071, 0.0770
1045.6405, 0.0360
1048.6261, 0.0010
1051.6604, -0.0320
1054.9388, -0.0620
1058.5125, -0.0940
1062.2496, -0.1230
1066.0788, -0.1500
1069.9294, -0.1720
1073.7309, -0.1880
1077.5275, -0.1950
1081.3685, -0.1970
1085.1846, -0.1940
1088.9064, -0.1900
1092.4683, -0.1870
1095.9712, -0.1830
1099.4608, -0.1770
1102.7834, -0.1720
1105.7872, -0.1670
1108.3294, -0.1660
1110.5849, -0.1690
1112.8889, -0.1760
1115.3523, -0.1850
1118.0882, -0.1910
1121.2210, -0.1940
ENDTABLE

IDZ_ROAD 1
*3D_DATA 2, 281 ! columns x rows
ROAD_DZ_CARPET VAR_WIDTH
0, 0, 1
0.0000,-0.1873,0.0
3.5968,-0.1920,0.0
7.5225,-0.1976,0.0
11.5883,-0.2044,0.0
15.6029,-0.2141,0.0
19.3774,-0.2253,0.0
22.9529,-0.2394,0.0
26.4989,-0.2566,0.0
30.0261,-0.2734,0.0
33.5393,-0.2907,0.0
37.0347,-0.3054,0.0
40.5404,-0.3159,0.0
44.0975,-0.3223,0.0
47.7125,-0.3273,0.0
51.3932,-0.3300,0.0
55.1430,-0.3283,0.0
59.0144,-0.3194,0.0
63.0357,-0.3013,0.0
67.1644,-0.2817,0.0
71.3523,-0.2612,0.0
75.5481,-0.2467,0.0
79.7441,-0.2431,0.0
83.9939,-0.2453,0.0
88.3258,-0.2478,0.0
92.7548,-0.2480,0.0
97.2945,-0.2462,0.0
102.0490,-0.2440,0.0
107.0082,-0.2444,0.0
112.0172,-0.2426,0.0
116.9230,-0.2373,0.0
121.5736,-0.2281,0.0
125.9682,-0.2110,0.0
130.2063,-0.1954,0.0
134.3005,-0.1830,0.0
138.2642,-0.1799,0.0
142.1323,-0.1852,0.0
145.8027,-0.1842,0.0
149.2675,-0.1832,0.0
152.7458,-0.1944,0.0
156.4765,-0.2260,0.0
160.7224,-0.2927,0.0
165.3126,-0.3805,0.0
169.6997,-0.4515,0.0
173.4591,-0.4932,0.0
176.1028,-0.5134,0.0
177.1047,-0.5414,0.0
178.4204,-0.5467,0.0
181.7789,-0.5143,0.0
186.2916,-0.4679,0.0
191.0794,-0.4160,0.0
195.2696,-0.3710,0.0
198.9520,-0.3416,0.0
202.7144,-0.3278,0.0
206.4602,-0.3149,0.0
210.1047,-0.2970,0.0
213.5765,-0.2757,0.0
216.8449,-0.2587,0.0
219.9937,-0.2447,0.0
223.1555,-0.2325,0.0
226.4624,-0.2246,0.0
230.0473,-0.2169,0.0
234.0681,-0.2096,0.0
238.4758,-0.2073,0.0
243.0825,-0.2030,0.0
247.6997,-0.1942,0.0
252.1337,-0.1838,0.0
256.3270,-0.1766,0.0
260.4306,-0.1733,0.0
264.5685,-0.1735,0.0
268.8634,-0.1768,0.0
273.4361,-0.1819,0.0
278.2510,-0.1836,0.0
283.2408,-0.1829,0.0
288.4822,-0.1823,0.0
294.0595,-0.1839,0.0
300.0626,-0.1926,0.0
306.4613,-0.2011,0.0
313.0378,-0.2054,0.0
319.6110,-0.2070,0.0
326.0088,-0.2061,0.0
332.0701,-0.2018,0.0
337.4611,-0.1945,0.0
342.1596,-0.1887,0.0
346.4763,-0.1841,0.0
350.7209,-0.1815,0.0
355.1972,-0.1783,0.0
359.8568,-0.1682,0.0
364.4985,-0.1579,0.0
369.1971,-0.1466,0.0
374.0268,-0.1399,0.0
379.0627,-0.1337,0.0
384.4084,-0.1251,0.0
390.0178,-0.1140,0.0
395.7302,-0.1033,0.0
401.3898,-0.0935,0.0
406.8394,-0.0897,0.0
411.9174,-0.0878,0.0
416.7297,-0.0836,0.0
421.5186,-0.0716,0.0
426.5215,-0.0491,0.0
431.9846,-0.0266,0.0
437.5655,-0.0068,0.0
442.7943,0.0080,0.0
447.7117,0.0228,0.0
452.3399,0.0382,0.0
456.6949,0.0555,0.0
460.7541,0.0686,0.0
464.5447,0.0800,0.0
468.1205,0.0961,0.0
471.5150,0.1187,0.0
474.7531,0.1347,0.0
477.9732,0.1265,0.0
481.3230,0.1108,0.0
484.8038,0.0961,0.0
488.3989,0.0804,0.0
492.0859,0.0487,0.0
495.8619,-0.0089,0.0
499.7433,-0.0691,0.0
503.6300,-0.1133,0.0
507.3880,-0.1376,0.0
510.8954,-0.1400,0.0
514.2352,-0.1427,0.0
517.4852,-0.1472,0.0
520.5949,-0.1486,0.0
523.5145,-0.1469,0.0
526.1958,-0.1511,0.0
528.7252,-0.1564,0.0
531.3373,-0.1534,0.0
534.2235,-0.1389,0.0
537.5924,-0.1148,0.0
541.6649,-0.0781,0.0
545.7908,-0.0344,0.0
549.3192,-0.0004,0.0
552.4495,0.0177,0.0
555.3855,0.0208,0.0
558.3569,0.0152,0.0
561.3706,0.0084,0.0
564.3039,0.0011,0.0
567.2210,-0.0054,0.0
570.1743,-0.0100,0.0
573.2114,-0.0142,0.0
576.4298,-0.0228,0.0
579.8431,-0.0287,0.0
583.3280,-0.0319,0.0
586.7223,-0.0405,0.0
589.8610,-0.0646,0.0
592.9466,-0.0999,0.0
596.2661,-0.1392,0.0
599.6871,-0.1775,0.0
603.0437,-0.2146,0.0
606.1546,-0.2485,0.0
609.1509,-0.2802,0.0
612.2715,-0.3063,0.0
615.5252,-0.3220,0.0
618.9987,-0.3233,0.0
622.8880,-0.3152,0.0
626.4428,-0.3099,0.0
629.0323,-0.3067,0.0
631.1282,-0.3028,0.0
633.1667,-0.3024,0.0
635.5331,-0.2947,0.0
638.3559,-0.2665,0.0
641.5275,-0.2311,0.0
644.9262,-0.2007,0.0
648.3629,-0.1798,0.0
651.6328,-0.1699,0.0
654.7043,-0.1693,0.0
657.6600,-0.1724,0.0
660.4991,-0.1784,0.0
663.2308,-0.1897,0.0
665.8763,-0.2017,0.0
668.4241,-0.2160,0.0
670.9191,-0.2305,0.0
673.4727,-0.2418,0.0
676.1860,-0.2490,0.0
679.1503,-0.2560,0.0
682.3462,-0.2706,0.0
685.7049,-0.2797,0.0
689.1194,-0.2804,0.0
692.4206,-0.2787,0.0
695.4101,-0.2811,0.0
698.5107,-0.2829,0.0
702.1011,-0.2810,0.0
705.8961,-0.2775,0.0
709.6107,-0.2771,0.0
712.9603,-0.2808,0.0
716.2582,-0.2827,0.0
719.9472,-0.2804,0.0
723.9300,-0.2790,0.0
728.1109,-0.2767,0.0
732.3936,-0.2796,0.0
737.2378,-0.2825,0.0
742.8870,-0.2831,0.0
748.9059,-0.2801,0.0
754.8493,-0.2791,0.0
760.2688,-0.2787,0.0
765.1101,-0.2809,0.0
769.6824,-0.2851,0.0
774.0759,-0.2877,0.0
778.3785,-0.2906,0.0
782.6727,-0.2934,0.0
786.9480,-0.2952,0.0
791.1503,-0.2982,0.0
795.3013,-0.3013,0.0
799.4249,-0.3035,0.0
803.5385,-0.3048,0.0
807.4852,-0.3059,0.0
811.2544,-0.3057,0.0
815.0855,-0.3068,0.0
819.2230,-0.3069,0.0
823.9122,-0.3074,0.0
829.4257,-0.3069,0.0
835.6000,-0.3059,0.0
842.0384,-0.3046,0.0
848.3398,-0.3030,0.0
854.1043,-0.3020,0.0
859.1336,-0.3026,0.0
863.6952,-0.3018,0.0
868.0972,-0.2991,0.0
872.6463,-0.2955,0.0
877.6505,-0.2906,0.0
883.2263,-0.2861,0.0
889.1724,-0.2800,0.0
895.3202,-0.2747,0.0
901.5008,-0.2682,0.0
907.5485,-0.2599,0.0
913.5425,-0.2480,0.0
919.6022,-0.2347,0.0
925.6231,-0.2245,0.0
931.4917,-0.2229,0.0
937.0999,-0.2311,0.0
942.6004,-0.2407,0.0
948.0720,-0.2484,0.0
953.2770,-0.2547,0.0
957.9818,-0.2619,0.0
961.9505,-0.2780,0.0
964.9443,-0.3156,0.0
967.1240,-0.3392,0.0
968.8460,-0.3531,0.0
970.4640,-0.3616,0.0
972.3309,-0.3707,0.0
974.1770,-0.3831,0.0
975.7636,-0.3932,0.0
977.5082,-0.4016,0.0
979.8303,-0.4072,0.0
983.1484,-0.4034,0.0
987.6266,-0.3831,0.0
992.9877,-0.3379,0.0
998.9846,-0.2887,0.0
1005.3699,-0.2556,0.0
1011.8988,-0.2570,0.0
1018.3065,-0.2741,0.0
1024.3786,-0.2909,0.0
1029.9562,-0.3039,0.0
1034.8846,-0.3096,0.0
1039.0282,-0.3172,0.0
1042.5071,-0.3371,0.0
1045.6405,-0.3719,0.0
1048.6261,-0.4051,0.0
1051.6604,-0.4193,0.0
1054.9388,-0.4196,0.0
1058.5125,-0.4091,0.0
1062.2496,-0.3915,0.0
1066.0788,-0.3672,0.0
1069.9294,-0.3376,0.0
1073.7309,-0.3027,0.0
1077.5275,-0.2698,0.0
1081.3685,-0.2385,0.0
1085.1846,-0.2141,0.0
1088.9064,-0.1983,0.0
1092.4683,-0.1885,0.0
1095.9712,-0.1854,0.0
1099.4608,-0.1874,0.0
1102.7834,-0.1907,0.0
1105.7872,-0.1956,0.0
1108.3294,-0.1984,0.0
1110.5849,-0.1993,0.0
1112.8889,-0.2030,0.0
1115.3523,-0.1940,0.0
1118.0882,-0.1880,0.0
1121.2210,-0.1873,0.0
ENDDATA
0, 0, 1
0.0000,-7.4193,0.0
3.5968,-7.5687,0.0
7.5225,-7.6884,0.0
11.5883,-7.8246,0.0
15.6029,-7.9842,0.0
19.3774,-8.1341,0.0
22.9529,-8.2165,0.0
26.4989,-8.2816,0.0
30.0261,-8.2632,0.0
33.5393,-8.1638,0.0
37.0347,-8.0046,0.0
40.5404,-7.7972,0.0
44.0975,-7.5859,0.0
47.7125,-7.4111,0.0
51.3932,-7.2823,0.0
55.1430,-7.2018,0.0
59.0144,-7.1337,0.0
63.0357,-7.0205,0.0
67.1644,-6.8483,0.0
71.3523,-6.6361,0.0
75.5481,-6.4142,0.0
79.7441,-6.1756,0.0
83.9939,-5.9544,0.0
88.3258,-5.8428,0.0
92.7548,-5.9086,0.0
97.2945,-6.2245,0.0
102.0490,-6.7340,0.0
107.0082,-7.2607,0.0
112.0172,-7.7402,0.0
116.9230,-8.1799,0.0
121.5736,-8.5909,0.0
125.9682,-8.8900,0.0
130.2063,-9.0794,0.0
134.3005,-9.2645,0.0
138.2642,-9.5015,0.0
142.1323,-9.8055,0.0
145.8027,-10.0103,0.0
149.2675,-10.1363,0.0
152.7458,-10.3397,0.0
156.4765,-10.6755,0.0
160.7224,-11.1211,0.0
165.3126,-11.3769,0.0
169.6997,-11.5482,0.0
173.4591,-11.5648,0.0
176.1028,-11.5883,0.0
177.1047,-11.5373,0.0
178.4204,-11.6752,0.0
181.7789,-11.6734,0.0
186.2916,-11.5206,0.0
191.0794,-11.3002,0.0
195.2696,-11.1643,0.0
198.9520,-11.0780,0.0
202.7144,-11.1033,0.0
206.4602,-11.1862,0.0
210.1047,-11.2810,0.0
213.5765,-11.2991,0.0
216.8449,-11.2430,0.0
219.9937,-11.1887,0.0
223.1555,-11.0291,0.0
226.4624,-10.7613,0.0
230.0473,-10.4299,0.0
234.0681,-10.0123,0.0
238.4758,-9.5914,0.0
243.0825,-9.2309,0.0
247.6997,-8.9889,0.0
252.1337,-8.8452,0.0
256.3270,-8.7454,0.0
260.4306,-8.6452,0.0
264.5685,-8.4835,0.0
268.8634,-8.2332,0.0
273.4361,-7.9059,0.0
278.2510,-7.5962,0.0
283.2408,-7.3652,0.0
288.4822,-7.2317,0.0
294.0595,-7.2150,0.0
300.0626,-7.1324,0.0
306.4613,-7.1157,0.0
313.0378,-7.2409,0.0
319.6110,-7.3533,0.0
326.0088,-7.3724,0.0
332.0701,-7.2689,0.0
337.4611,-7.1570,0.0
342.1596,-7.1293,0.0
346.4763,-7.1606,0.0
350.7209,-7.2886,0.0
355.1972,-7.5256,0.0
359.8568,-7.6956,0.0
364.4985,-7.7077,0.0
369.1971,-7.6353,0.0
374.0268,-7.5510,0.0
379.0627,-7.5132,0.0
384.4084,-7.5231,0.0
390.0178,-7.5412,0.0
395.7302,-7.5588,0.0
401.3898,-7.5664,0.0
406.8394,-7.5453,0.0
411.9174,-7.5088,0.0
416.7297,-7.4840,0.0
421.5186,-7.4707,0.0
426.5215,-7.4955,0.0
431.9846,-7.6351,0.0
437.5655,-7.7708,0.0
442.7943,-7.8000,0.0
447.7117,-7.8979,0.0
452.3399,-8.1301,0.0
456.6949,-8.3679,0.0
460.7541,-8.5690,0.0
464.5447,-8.7273,0.0
468.1205,-8.9165,0.0
471.5150,-9.1693,0.0
474.7531,-9.5313,0.0
477.9732,-9.8019,0.0
481.3230,-9.9555,0.0
484.8038,-10.0271,0.0
488.3989,-10.1237,0.0
492.0859,-10.3186,0.0
495.8619,-10.4561,0.0
499.7433,-10.3437,0.0
503.6300,-10.1649,0.0
507.3880,-10.0885,0.0
510.8954,-10.2340,0.0
514.2352,-10.3991,0.0
517.4852,-10.4119,0.0
520.5949,-10.2776,0.0
523.5145,-10.0021,0.0
526.1958,-9.6813,0.0
528.7252,-9.3562,0.0
531.3373,-8.9367,0.0
534.2235,-8.5480,0.0
537.5924,-8.2427,0.0
541.6649,-7.9686,0.0
545.7908,-7.8351,0.0
549.3192,-8.2890,0.0
552.4495,-8.9825,0.0
555.3855,-9.4905,0.0
558.3569,-9.7574,0.0
561.3706,-9.9111,0.0
564.3039,-9.9450,0.0
567.2210,-9.9493,0.0
570.1743,-10.0764,0.0
573.2114,-10.3243,0.0
576.4298,-10.4623,0.0
579.8431,-10.3980,0.0
583.3280,-10.2870,0.0
586.7223,-10.2577,0.0
589.8610,-10.3108,0.0
592.9466,-10.3139,0.0
596.2661,-10.1595,0.0
599.6871,-9.9862,0.0
603.0437,-9.8836,0.0
606.1546,-9.9024,0.0
609.1509,-9.9193,0.0
612.2715,-9.9066,0.0
615.5252,-10.0696,0.0
618.9987,-10.3933,0.0
622.8880,-10.3544,0.0
626.4428,-10.1527,0.0
629.0323,-9.9330,0.0
631.1282,-9.8075,0.0
633.1667,-9.5893,0.0
635.5331,-9.1195,0.0
638.3559,-8.5061,0.0
641.5275,-8.3589,0.0
644.9262,-8.5050,0.0
648.3629,-8.7660,0.0
651.6328,-9.0164,0.0
654.7043,-9.1944,0.0
657.6600,-9.4784,0.0
660.4991,-9.8466,0.0
663.2308,-10.1416,0.0
665.8763,-10.2986,0.0
668.4241,-10.3884,0.0
670.9191,-10.3870,0.0
673.4727,-10.3369,0.0
676.1860,-10.3387,0.0
679.1503,-10.4732,0.0
682.3462,-10.5044,0.0
685.7049,-10.2962,0.0
689.1194,-9.9538,0.0
692.4206,-9.6059,0.0
695.4101,-9.4057,0.0
698.5107,-9.3574,0.0
702.1011,-9.4024,0.0
705.8961,-9.3958,0.0
709.6107,-9.3112,0.0
712.9603,-9.2147,0.0
716.2582,-9.1272,0.0
719.9472,-9.0644,0.0
723.9300,-9.0087,0.0
728.1109,-8.9318,0.0
732.3936,-8.8043,0.0
737.2378,-8.5739,0.0
742.8870,-8.3529,0.0
748.9059,-8.2241,0.0
754.8493,-8.1469,0.0
760.2688,-8.0824,0.0
765.1101,-7.9928,0.0
769.6824,-7.8726,0.0
774.0759,-7.7396,0.0
778.3785,-7.6164,0.0
782.6727,-7.5318,0.0
786.9480,-7.4823,0.0
791.1503,-7.4361,0.0
795.3013,-7.3894,0.0
799.4249,-7.3353,0.0
803.5385,-7.2751,0.0
807.4852,-7.2301,0.0
811.2544,-7.1723,0.0
815.0855,-7.0948,0.0
819.2230,-7.0642,0.0
823.9122,-7.0724,0.0
829.4257,-7.0600,0.0
835.6000,-6.9964,0.0
842.0384,-6.9200,0.0
848.3398,-6.8859,0.0
854.1043,-6.9411,0.0
859.1336,-7.0631,0.0
863.6952,-7.1537,0.0
868.0972,-7.1296,0.0
872.6463,-7.0861,0.0
877.6505,-7.0956,0.0
883.2263,-7.1326,0.0
889.1724,-7.1767,0.0
895.3202,-7.2110,0.0
901.5008,-7.2279,0.0
907.5485,-7.2387,0.0
913.5425,-7.2591,0.0
919.6022,-7.3004,0.0
925.6231,-7.3366,0.0
931.4917,-7.3148,0.0
937.0999,-7.2848,0.0
942.6004,-7.2673,0.0
948.0720,-7.2045,0.0
953.2770,-7.1308,0.0
957.9818,-7.0843,0.0
961.9505,-7.1161,0.0
964.9443,-7.3480,0.0
967.1240,-7.6595,0.0
968.8460,-7.9559,0.0
970.4640,-8.1781,0.0
972.3309,-8.3741,0.0
974.1770,-8.5447,0.0
975.7636,-8.6741,0.0
977.5082,-8.7674,0.0
979.8303,-8.8652,0.0
983.1484,-8.9728,0.0
987.6266,-9.1069,0.0
992.9877,-9.2635,0.0
998.9846,-9.4363,0.0
1005.3699,-9.6020,0.0
1011.8988,-9.7135,0.0
1018.3065,-9.7035,0.0
1024.3786,-9.5457,0.0
1029.9562,-9.2219,0.0
1034.8846,-8.7366,0.0
1039.0282,-8.0573,0.0
1042.5071,-7.3039,0.0
1045.6405,-6.7620,0.0
1048.6261,-6.4648,0.0
1051.6604,-6.3263,0.0
1054.9388,-6.2005,0.0
1058.5125,-6.0956,0.0
1062.2496,-6.0337,0.0
1066.0788,-6.0157,0.0
1069.9294,-6.0550,0.0
1073.7309,-6.1580,0.0
1077.5275,-6.3002,0.0
1081.3685,-6.4537,0.0
1085.1846,-6.5965,0.0
1088.9064,-6.7032,0.0
1092.4683,-6.7517,0.0
1095.9712,-6.8002,0.0
1099.4608,-6.8947,0.0
1102.7834,-7.0078,0.0
1105.7872,-7.0764,0.0
1108.3294,-6.9965,0.0
1110.5849,-6.8757,0.0
1112.8889,-6.9129,0.0
1115.3523,-7.0517,0.0
1118.0882,-7.2291,0.0
1121.2210,-7.4193,0.0
ENDCOLS
ENDTABLE

#EMBEDDED_NOTES
#This screen allows you to input the X-Y-Z coordinates of the road edges to define your road surface.
#
#Datasets from this library define three parts of a road:
#
#1. Horizontal geometry
#2. Elevation of a reference line vs S (station)
#3. Elevation vs S-L grid for IDZ_ROAD = 1
#END_EMBEDDED_NOTES

LOG_ENTRY Used Dataset: Road: X-Y-Z Coordinates of Edges; X-Y-Z Edges, Looped Road
#Library : Road: X-Y-Z Coordinates of Edges
#DataSet : X-Y-Z Edges, Looped Road
#Category: 
#FileID  : RdEdges_9e194675-be3c-429c-8e7e-4bb37c684c36
#Product : TruckSim 2020.1
#VehCode X-Y-Z Coordinates of Edges

END
