PARSFILE
#FullDataName Road: Off-Center Elevation Map, S-L Grid`Handling Course Curbing`Handling Course
#CheckBox0 0    

SET_IROAD_DZ_FOR_ID 0
ROAD_N_DZ = ROAD_N_DZ + 1 ! increment count for the road
IDZ_ROAD = ROAD_N_DZ ! set index for the new ID
RD_DZ_ID = ROAD_DZ_ID ! Specify the user ID
set_description RD_DZ_ID ROAD_DZ_ID for: Handling Course Curbing
set_description ROAD_DZ_ID Handling Course Curbing
#RingCtrl0 CARPET
#RingCtrl3 1
#RadioCtrl0 0    
#RadioCtrl1 0    

*3D_XLabel Lateral coordinate (m)
*3D_YLabel Station (m)
*3D_ZLabel Incremental elevation (m)

#DiagramTwo0
*3D_DATA 10, 597 ! columns x rows
ROAD_DZ_CARPET 2D_LINEAR
0, -10, -8.42, -8.32, -7.42, -7.32, 0, 0.1, 1, 1.1, 2
0, 0, 0, 0, 0, 0, 0, 0, 0, 0, 0
207.667, 0, 0, 0, 0, 0, 0, 0, 0, 0, 0
209.667, 0, 0, 0.1, 0.1, 0, 0, 0, 0, 0, 0
237.19, 0, 0, 0.1, 0.1, 0, 0, 0, 0, 0, 0
239.19, 0, 0, 0, 0, 0, 0, 0, 0, 0, 0
264.912, 0, 0, 0, 0, 0, 0, 0, 0, 0, 0
265.012, 0, 0, 0.05, 0.05, 0, 0, 0, 0, 0, 0
265.112, 0, 0, 0, 0, 0, 0, 0, 0, 0, 0
266.012, 0, 0, 0.05, 0.05, 0, 0, 0, 0, 0, 0
266.112, 0, 0, 0, 0, 0, 0, 0, 0, 0, 0
267.012, 0, 0, 0.05, 0.05, 0, 0, 0, 0, 0, 0
267.112, 0, 0, 0, 0, 0, 0, 0, 0, 0, 0
268.012, 0, 0, 0.05, 0.05, 0, 0, 0, 0, 0, 0
268.112, 0, 0, 0, 0, 0, 0, 0, 0, 0, 0
269.012, 0, 0, 0.05, 0.05, 0, 0, 0, 0, 0, 0
269.112, 0, 0, 0, 0, 0, 0, 0, 0, 0, 0
270.012, 0, 0, 0.05, 0.05, 0, 0, 0, 0, 0, 0
270.112, 0, 0, 0, 0, 0, 0, 0, 0, 0, 0
271.012, 0, 0, 0.05, 0.05, 0, 0, 0, 0, 0, 0
271.112, 0, 0, 0, 0, 0, 0, 0, 0, 0, 0
272.012, 0, 0, 0.05, 0.05, 0, 0, 0, 0, 0, 0
272.112, 0, 0, 0, 0, 0, 0, 0, 0, 0, 0
273.012, 0, 0, 0.05, 0.05, 0, 0, 0, 0, 0, 0
273.112, 0, 0, 0, 0, 0, 0, 0, 0, 0, 0
274.012, 0, 0, 0.05, 0.05, 0, 0, 0, 0, 0, 0
274.112, 0, 0, 0, 0, 0, 0, 0, 0, 0, 0
275.012, 0, 0, 0.05, 0.05, 0, 0, 0, 0, 0, 0
275.112, 0, 0, 0, 0, 0, 0, 0, 0, 0, 0
276.012, 0, 0, 0.05, 0.05, 0, 0, 0, 0, 0, 0
276.112, 0, 0, 0, 0, 0, 0, 0, 0, 0, 0
277.012, 0, 0, 0.05, 0.05, 0, 0, 0, 0, 0, 0
277.112, 0, 0, 0, 0, 0, 0, 0, 0, 0, 0
278.012, 0, 0, 0.05, 0.05, 0, 0, 0, 0, 0, 0
278.112, 0, 0, 0, 0, 0, 0, 0, 0, 0, 0
279.012, 0, 0, 0.05, 0.05, 0, 0, 0, 0, 0, 0
279.112, 0, 0, 0, 0, 0, 0, 0, 0, 0, 0
280.012, 0, 0, 0.05, 0.05, 0, 0, 0, 0, 0, 0
280.112, 0, 0, 0, 0, 0, 0, 0, 0, 0, 0
281.012, 0, 0, 0.05, 0.05, 0, 0, 0, 0, 0, 0
281.112, 0, 0, 0, 0, 0, 0, 0, 0, 0, 0
282.012, 0, 0, 0.05, 0.05, 0, 0, 0, 0, 0, 0
282.112, 0, 0, 0, 0, 0, 0, 0, 0, 0, 0
283.012, 0, 0, 0.05, 0.05, 0, 0, 0, 0, 0, 0
283.112, 0, 0, 0, 0, 0, 0, 0, 0, 0, 0
284.012, 0, 0, 0.05, 0.05, 0, 0, 0, 0, 0, 0
284.112, 0, 0, 0, 0, 0, 0, 0, 0, 0, 0
285.012, 0, 0, 0.05, 0.05, 0, 0, 0, 0, 0, 0
285.112, 0, 0, 0, 0, 0, 0, 0, 0, 0, 0
286.012, 0, 0, 0.05, 0.05, 0, 0, 0, 0, 0, 0
286.112, 0, 0, 0, 0, 0, 0, 0, 0, 0, 0
287.012, 0, 0, 0.05, 0.05, 0, 0, 0, 0, 0, 0
287.112, 0, 0, 0, 0, 0, 0, 0, 0, 0, 0
354.609, 0, 0, 0, 0, 0, 0, 0, 0, 0, 0
354.709, 0, 0, 0, 0, 0, 0, 0.05, 0.05, 0, 0
355.609, 0, 0, 0, 0, 0, 0, 0, 0, 0, 0
355.709, 0, 0, 0, 0, 0, 0, 0.05, 0.05, 0, 0
356.609, 0, 0, 0, 0, 0, 0, 0, 0, 0, 0
356.709, 0, 0, 0, 0, 0, 0, 0.05, 0.05, 0, 0
357.609, 0, 0, 0, 0, 0, 0, 0, 0, 0, 0
357.709, 0, 0, 0, 0, 0, 0, 0.05, 0.05, 0, 0
358.609, 0, 0, 0, 0, 0, 0, 0, 0, 0, 0
358.709, 0, 0, 0, 0, 0, 0, 0.05, 0.05, 0, 0
359.609, 0, 0, 0, 0, 0, 0, 0, 0, 0, 0
359.709, 0, 0, 0, 0, 0, 0, 0.05, 0.05, 0, 0
360.609, 0, 0, 0, 0, 0, 0, 0, 0, 0, 0
360.709, 0, 0, 0, 0, 0, 0, 0.05, 0.05, 0, 0
361.609, 0, 0, 0, 0, 0, 0, 0, 0, 0, 0
361.709, 0, 0, 0, 0, 0, 0, 0.05, 0.05, 0, 0
362.609, 0, 0, 0, 0, 0, 0, 0, 0, 0, 0
362.709, 0, 0, 0, 0, 0, 0, 0.05, 0.05, 0, 0
363.609, 0, 0, 0, 0, 0, 0, 0, 0, 0, 0
363.709, 0, 0, 0, 0, 0, 0, 0.05, 0.05, 0, 0
364.609, 0, 0, 0, 0, 0, 0, 0, 0, 0, 0
364.709, 0, 0, 0, 0, 0, 0, 0.05, 0.05, 0, 0
365.609, 0, 0, 0, 0, 0, 0, 0, 0, 0, 0
365.709, 0, 0, 0, 0, 0, 0, 0.05, 0.05, 0, 0
366.609, 0, 0, 0, 0, 0, 0, 0, 0, 0, 0
366.709, 0, 0, 0, 0, 0, 0, 0.05, 0.05, 0, 0
367.609, 0, 0, 0, 0, 0, 0, 0, 0, 0, 0
367.709, 0, 0, 0, 0, 0, 0, 0.05, 0.05, 0, 0
368.609, 0, 0, 0, 0, 0, 0, 0, 0, 0, 0
368.709, 0, 0, 0, 0, 0, 0, 0.05, 0.05, 0, 0
369.609, 0, 0, 0, 0, 0, 0, 0, 0, 0, 0
369.709, 0, 0, 0, 0, 0, 0, 0.05, 0.05, 0, 0
370.609, 0, 0, 0, 0, 0, 0, 0, 0, 0, 0
370.709, 0, 0, 0, 0, 0, 0, 0.05, 0.05, 0, 0
371.609, 0, 0, 0, 0, 0, 0, 0, 0, 0, 0
371.709, 0, 0, 0, 0, 0, 0, 0.05, 0.05, 0, 0
372.609, 0, 0, 0, 0, 0, 0, 0, 0, 0, 0
372.709, 0, 0, 0, 0, 0, 0, 0.05, 0.05, 0, 0
373.609, 0, 0, 0, 0, 0, 0, 0, 0, 0, 0
373.709, 0, 0, 0, 0, 0, 0, 0.05, 0.05, 0, 0
374.609, 0, 0, 0, 0, 0, 0, 0, 0, 0, 0
374.709, 0, 0, 0, 0, 0, 0, 0.05, 0.05, 0, 0
375.609, 0, 0, 0, 0, 0, 0, 0, 0, 0, 0
375.709, 0, 0, 0, 0, 0, 0, 0.05, 0.05, 0, 0
376.609, 0, 0, 0, 0, 0, 0, 0, 0, 0, 0
376.709, 0, 0, 0, 0, 0, 0, 0.05, 0.05, 0, 0
377.609, 0, 0, 0, 0, 0, 0, 0, 0, 0, 0
377.709, 0, 0, 0, 0, 0, 0, 0.05, 0.05, 0, 0
378.609, 0, 0, 0, 0, 0, 0, 0, 0, 0, 0
378.709, 0, 0, 0, 0, 0, 0, 0.05, 0.05, 0, 0
379.609, 0, 0, 0, 0, 0, 0, 0, 0, 0, 0
379.709, 0, 0, 0, 0, 0, 0, 0.05, 0.05, 0, 0
380.609, 0, 0, 0, 0, 0, 0, 0, 0, 0, 0
380.709, 0, 0, 0, 0, 0, 0, 0.05, 0.05, 0, 0
381.609, 0, 0, 0, 0, 0, 0, 0, 0, 0, 0
381.709, 0, 0, 0, 0, 0, 0, 0.05, 0.05, 0, 0
382.609, 0, 0, 0, 0, 0, 0, 0, 0, 0, 0
382.709, 0, 0, 0, 0, 0, 0, 0.05, 0.05, 0, 0
383.609, 0, 0, 0, 0, 0, 0, 0, 0, 0, 0
383.709, 0, 0, 0, 0, 0, 0, 0.05, 0.05, 0, 0
384.609, 0, 0, 0, 0, 0, 0, 0, 0, 0, 0
384.709, 0, 0, 0, 0, 0, 0, 0.05, 0.05, 0, 0
419.698, 0, 0, 0, 0, 0, 0, 0, 0, 0, 0
421.698, 0, 0, 0.1, 0.1, 0, 0, 0, 0, 0, 0
444.383, 0, 0, 0.1, 0.1, 0, 0, 0, 0, 0, 0
446.383, 0, 0, 0, 0, 0, 0, 0, 0, 0, 0
524.68, 0, 0, 0, 0, 0, 0, 0, 0, 0, 0
526.68, 0, 0, 0, 0, 0, 0, 0.1, 0.1, 0, 0
555.57, 0, 0, 0, 0, 0, 0, 0.1, 0.1, 0, 0
557.57, 0, 0, 0, 0, 0, 0, 0, 0, 0, 0
613.083, 0, 0, 0, 0, 0, 0, 0, 0, 0, 0
615.083, 0, 0, 0.02, 0.02, 0, 0, 0, 0, 0, 0
641.371, 0, 0, 0.02, 0.02, 0, 0, 0, 0, 0, 0
643.371, 0, 0, 0, 0, 0, 0, 0, 0, 0, 0
656.205, 0, 0, 0, 0, 0, 0, 0, 0, 0, 0
656.305, 0, 0, 0, 0, 0, 0, 0.05, 0.05, 0, 0
657.205, 0, 0, 0, 0, 0, 0, 0, 0, 0, 0
657.305, 0, 0, 0, 0, 0, 0, 0.05, 0.05, 0, 0
658.205, 0, 0, 0, 0, 0, 0, 0, 0, 0, 0
658.305, 0, 0, 0, 0, 0, 0, 0.05, 0.05, 0, 0
659.205, 0, 0, 0, 0, 0, 0, 0, 0, 0, 0
659.305, 0, 0, 0, 0, 0, 0, 0.05, 0.05, 0, 0
660.205, 0, 0, 0, 0, 0, 0, 0, 0, 0, 0
660.305, 0, 0, 0, 0, 0, 0, 0.05, 0.05, 0, 0
661.205, 0, 0, 0, 0, 0, 0, 0, 0, 0, 0
661.305, 0, 0, 0, 0, 0, 0, 0.05, 0.05, 0, 0
662.205, 0, 0, 0, 0, 0, 0, 0, 0, 0, 0
662.305, 0, 0, 0, 0, 0, 0, 0.05, 0.05, 0, 0
663.205, 0, 0, 0, 0, 0, 0, 0, 0, 0, 0
663.305, 0, 0, 0, 0, 0, 0, 0.05, 0.05, 0, 0
664.205, 0, 0, 0, 0, 0, 0, 0, 0, 0, 0
664.305, 0, 0, 0, 0, 0, 0, 0.05, 0.05, 0, 0
665.205, 0, 0, 0, 0, 0, 0, 0, 0, 0, 0
665.305, 0, 0, 0, 0, 0, 0, 0.05, 0.05, 0, 0
666.205, 0, 0, 0, 0, 0, 0, 0, 0, 0, 0
666.305, 0, 0, 0, 0, 0, 0, 0.05, 0.05, 0, 0
667.205, 0, 0, 0, 0, 0, 0, 0, 0, 0, 0
667.305, 0, 0, 0, 0, 0, 0, 0.05, 0.05, 0, 0
668.205, 0, 0, 0, 0, 0, 0, 0, 0, 0, 0
668.305, 0, 0, 0, 0, 0, 0, 0.05, 0.05, 0, 0
669.205, 0, 0, 0, 0, 0, 0, 0, 0, 0, 0
669.305, 0, 0, 0, 0, 0, 0, 0.05, 0.05, 0, 0
670.205, 0, 0, 0, 0, 0, 0, 0, 0, 0, 0
670.305, 0, 0, 0, 0, 0, 0, 0.05, 0.05, 0, 0
671.205, 0, 0, 0, 0, 0, 0, 0, 0, 0, 0
671.305, 0, 0, 0, 0, 0, 0, 0.05, 0.05, 0, 0
672.205, 0, 0, 0, 0, 0, 0, 0, 0, 0, 0
672.305, 0, 0, 0, 0, 0, 0, 0.05, 0.05, 0, 0
673.205, 0, 0, 0, 0, 0, 0, 0, 0, 0, 0
673.305, 0, 0, 0, 0, 0, 0, 0.05, 0.05, 0, 0
674.205, 0, 0, 0, 0, 0, 0, 0, 0, 0, 0
674.305, 0, 0, 0, 0, 0, 0, 0.05, 0.05, 0, 0
675.205, 0, 0, 0, 0, 0, 0, 0, 0, 0, 0
675.305, 0, 0, 0, 0, 0, 0, 0.05, 0.05, 0, 0
676.205, 0, 0, 0, 0, 0, 0, 0, 0, 0, 0
676.305, 0, 0, 0, 0, 0, 0, 0.05, 0.05, 0, 0
677.205, 0, 0, 0, 0, 0, 0, 0, 0, 0, 0
677.305, 0, 0, 0, 0, 0, 0, 0.05, 0.05, 0, 0
678.205, 0, 0, 0, 0, 0, 0, 0, 0, 0, 0
678.305, 0, 0, 0, 0, 0, 0, 0.05, 0.05, 0, 0
679.205, 0, 0, 0, 0, 0, 0, 0, 0, 0, 0
679.305, 0, 0, 0, 0, 0, 0, 0.05, 0.05, 0, 0
680.205, 0, 0, 0, 0, 0, 0, 0, 0, 0, 0
680.305, 0, 0, 0, 0, 0, 0, 0.05, 0.05, 0, 0
681.205, 0, 0, 0, 0, 0, 0, 0, 0, 0, 0
681.305, 0, 0, 0, 0, 0, 0, 0.05, 0.05, 0, 0
682.205, 0, 0, 0, 0, 0, 0, 0, 0, 0, 0
682.305, 0, 0, 0, 0, 0, 0, 0.05, 0.05, 0, 0
683.205, 0, 0, 0, 0, 0, 0, 0, 0, 0, 0
683.305, 0, 0, 0, 0, 0, 0, 0.05, 0.05, 0, 0
684.205, 0, 0, 0, 0, 0, 0, 0, 0, 0, 0
684.305, 0, 0, 0, 0, 0, 0, 0.05, 0.05, 0, 0
685.205, 0, 0, 0, 0, 0, 0, 0, 0, 0, 0
685.305, 0, 0, 0, 0, 0, 0, 0.05, 0.05, 0, 0
686.205, 0, 0, 0, 0, 0, 0, 0, 0, 0, 0
686.305, 0, 0, 0, 0, 0, 0, 0.05, 0.05, 0, 0
687.205, 0, 0, 0, 0, 0, 0, 0, 0, 0, 0
687.305, 0, 0, 0, 0, 0, 0, 0.05, 0.05, 0, 0
688.205, 0, 0, 0, 0, 0, 0, 0, 0, 0, 0
688.305, 0, 0, 0, 0, 0, 0, 0.05, 0.05, 0, 0
689.205, 0, 0, 0, 0, 0, 0, 0, 0, 0, 0
689.305, 0, 0, 0, 0, 0, 0, 0.05, 0.05, 0, 0
690.205, 0, 0, 0, 0, 0, 0, 0, 0, 0, 0
690.305, 0, 0, 0, 0, 0, 0, 0.05, 0.05, 0, 0
691.205, 0, 0, 0, 0, 0, 0, 0, 0, 0, 0
691.305, 0, 0, 0, 0, 0, 0, 0.05, 0.05, 0, 0
692.205, 0, 0, 0, 0, 0, 0, 0, 0, 0, 0
692.305, 0, 0, 0, 0, 0, 0, 0.05, 0.05, 0, 0
693.205, 0, 0, 0, 0, 0, 0, 0, 0, 0, 0
693.305, 0, 0, 0, 0, 0, 0, 0.05, 0.05, 0, 0
694.205, 0, 0, 0, 0, 0, 0, 0, 0, 0, 0
694.305, 0, 0, 0, 0, 0, 0, 0.05, 0.05, 0, 0
695.205, 0, 0, 0, 0, 0, 0, 0, 0, 0, 0
695.305, 0, 0, 0, 0, 0, 0, 0.05, 0.05, 0, 0
696.205, 0, 0, 0, 0, 0, 0, 0, 0, 0, 0
696.305, 0, 0, 0, 0, 0, 0, 0.05, 0.05, 0, 0
725.909, 0, 0, 0, 0, 0, 0, 0, 0, 0, 0
727.909, 0, 0, 0.1, 0.1, 0, 0, 0, 0, 0, 0
759.818, 0, 0, 0.1, 0.1, 0, 0, 0, 0, 0, 0
761.818, 0, 0, 0, 0, 0, 0, 0, 0, 0, 0
801.935, 0, 0, 0, 0, 0, 0, 0, 0, 0, 0
802.035, 0, 0, 0.05, 0.05, 0, 0, 0, 0, 0, 0
802.935, 0, 0, 0, 0, 0, 0, 0, 0, 0, 0
803.035, 0, 0, 0.05, 0.05, 0, 0, 0, 0, 0, 0
803.935, 0, 0, 0, 0, 0, 0, 0, 0, 0, 0
804.035, 0, 0, 0.05, 0.05, 0, 0, 0, 0, 0, 0
804.935, 0, 0, 0, 0, 0, 0, 0, 0, 0, 0
805.035, 0, 0, 0.05, 0.05, 0, 0, 0, 0, 0, 0
805.935, 0, 0, 0, 0, 0, 0, 0, 0, 0, 0
806.035, 0, 0, 0.05, 0.05, 0, 0, 0, 0, 0, 0
806.935, 0, 0, 0, 0, 0, 0, 0, 0, 0, 0
807.035, 0, 0, 0.05, 0.05, 0, 0, 0, 0, 0, 0
807.935, 0, 0, 0, 0, 0, 0, 0, 0, 0, 0
808.035, 0, 0, 0.05, 0.05, 0, 0, 0, 0, 0, 0
808.935, 0, 0, 0, 0, 0, 0, 0, 0, 0, 0
809.035, 0, 0, 0.05, 0.05, 0, 0, 0, 0, 0, 0
809.935, 0, 0, 0, 0, 0, 0, 0, 0, 0, 0
810.035, 0, 0, 0.05, 0.05, 0, 0, 0, 0, 0, 0
810.935, 0, 0, 0, 0, 0, 0, 0, 0, 0, 0
811.035, 0, 0, 0.05, 0.05, 0, 0, 0, 0, 0, 0
811.935, 0, 0, 0, 0, 0, 0, 0, 0, 0, 0
812.035, 0, 0, 0.05, 0.05, 0, 0, 0, 0, 0, 0
812.935, 0, 0, 0, 0, 0, 0, 0, 0, 0, 0
813.035, 0, 0, 0.05, 0.05, 0, 0, 0, 0, 0, 0
813.935, 0, 0, 0, 0, 0, 0, 0, 0, 0, 0
814.035, 0, 0, 0.05, 0.05, 0, 0, 0, 0, 0, 0
814.935, 0, 0, 0, 0, 0, 0, 0, 0, 0, 0
815.035, 0, 0, 0.05, 0.05, 0, 0, 0, 0, 0, 0
815.935, 0, 0, 0, 0, 0, 0, 0, 0, 0, 0
816.035, 0, 0, 0.05, 0.05, 0, 0, 0, 0, 0, 0
816.935, 0, 0, 0, 0, 0, 0, 0, 0, 0, 0
817.035, 0, 0, 0.05, 0.05, 0, 0, 0, 0, 0, 0
817.935, 0, 0, 0, 0, 0, 0, 0, 0, 0, 0
818.035, 0, 0, 0, 0, 0, 0, 0, 0, 0, 0
881.9, 0, 0, 0, 0, 0, 0, 0, 0, 0, 0
882, 0, 0, 0, 0, 0, 0, 0.05, 0.05, 0, 0
882.9, 0, 0, 0, 0, 0, 0, 0, 0, 0, 0
883, 0, 0, 0, 0, 0, 0, 0.05, 0.05, 0, 0
883.9, 0, 0, 0, 0, 0, 0, 0, 0, 0, 0
884, 0, 0, 0, 0, 0, 0, 0.05, 0.05, 0, 0
884.9, 0, 0, 0, 0, 0, 0, 0, 0, 0, 0
885, 0, 0, 0, 0, 0, 0, 0.05, 0.05, 0, 0
885.9, 0, 0, 0, 0, 0, 0, 0, 0, 0, 0
886, 0, 0, 0, 0, 0, 0, 0.05, 0.05, 0, 0
886.9, 0, 0, 0, 0, 0, 0, 0, 0, 0, 0
887, 0, 0, 0, 0, 0, 0, 0.05, 0.05, 0, 0
887.9, 0, 0, 0, 0, 0, 0, 0, 0, 0, 0
888, 0, 0, 0, 0, 0, 0, 0.05, 0.05, 0, 0
888.9, 0, 0, 0, 0, 0, 0, 0, 0, 0, 0
889, 0, 0, 0, 0, 0, 0, 0.05, 0.05, 0, 0
889.9, 0, 0, 0, 0, 0, 0, 0, 0, 0, 0
890, 0, 0, 0, 0, 0, 0, 0.05, 0.05, 0, 0
890.9, 0, 0, 0, 0, 0, 0, 0, 0, 0, 0
891, 0, 0, 0, 0, 0, 0, 0.05, 0.05, 0, 0
891.9, 0, 0, 0, 0, 0, 0, 0, 0, 0, 0
892, 0, 0, 0, 0, 0, 0, 0.05, 0.05, 0, 0
892.9, 0, 0, 0, 0, 0, 0, 0, 0, 0, 0
893, 0, 0, 0, 0, 0, 0, 0.05, 0.05, 0, 0
893.9, 0, 0, 0, 0, 0, 0, 0, 0, 0, 0
894, 0, 0, 0, 0, 0, 0, 0.05, 0.05, 0, 0
894.9, 0, 0, 0, 0, 0, 0, 0, 0, 0, 0
895, 0, 0, 0, 0, 0, 0, 0.05, 0.05, 0, 0
895.9, 0, 0, 0, 0, 0, 0, 0, 0, 0, 0
896, 0, 0, 0, 0, 0, 0, 0.05, 0.05, 0, 0
896.9, 0, 0, 0, 0, 0, 0, 0, 0, 0, 0
897, 0, 0, 0, 0, 0, 0, 0.05, 0.05, 0, 0
897.9, 0, 0, 0, 0, 0, 0, 0, 0, 0, 0
898, 0, 0, 0, 0, 0, 0, 0.05, 0.05, 0, 0
898.9, 0, 0, 0, 0, 0, 0, 0, 0, 0, 0
899, 0, 0, 0, 0, 0, 0, 0.05, 0.05, 0, 0
899.9, 0, 0, 0, 0, 0, 0, 0, 0, 0, 0
900, 0, 0, 0, 0, 0, 0, 0.05, 0.05, 0, 0
900.1, 0, 0, 0, 0, 0, 0, 0, 0, 0, 0
1056.52, 0, 0, 0, 0, 0, 0, 0, 0, 0, 0
1056.62, 0, 0, 0.05, 0.05, 0, 0, 0, 0, 0, 0
1057.52, 0, 0, 0, 0, 0, 0, 0, 0, 0, 0
1057.62, 0, 0, 0.05, 0.05, 0, 0, 0, 0, 0, 0
1058.52, 0, 0, 0, 0, 0, 0, 0, 0, 0, 0
1058.62, 0, 0, 0.05, 0.05, 0, 0, 0, 0, 0, 0
1059.52, 0, 0, 0, 0, 0, 0, 0, 0, 0, 0
1059.62, 0, 0, 0.05, 0.05, 0, 0, 0, 0, 0, 0
1060.52, 0, 0, 0, 0, 0, 0, 0, 0, 0, 0
1060.62, 0, 0, 0.05, 0.05, 0, 0, 0, 0, 0, 0
1061.52, 0, 0, 0, 0, 0, 0, 0, 0, 0, 0
1061.62, 0, 0, 0.05, 0.05, 0, 0, 0, 0, 0, 0
1062.52, 0, 0, 0, 0, 0, 0, 0, 0, 0, 0
1062.62, 0, 0, 0.05, 0.05, 0, 0, 0, 0, 0, 0
1063.52, 0, 0, 0, 0, 0, 0, 0, 0, 0, 0
1063.62, 0, 0, 0.05, 0.05, 0, 0, 0, 0, 0, 0
1064.52, 0, 0, 0, 0, 0, 0, 0, 0, 0, 0
1064.62, 0, 0, 0.05, 0.05, 0, 0, 0, 0, 0, 0
1065.52, 0, 0, 0, 0, 0, 0, 0, 0, 0, 0
1065.62, 0, 0, 0.05, 0.05, 0, 0, 0, 0, 0, 0
1066.52, 0, 0, 0, 0, 0, 0, 0, 0, 0, 0
1066.62, 0, 0, 0.05, 0.05, 0, 0, 0, 0, 0, 0
1067.52, 0, 0, 0, 0, 0, 0, 0, 0, 0, 0
1067.62, 0, 0, 0.05, 0.05, 0, 0, 0, 0, 0, 0
1068.52, 0, 0, 0, 0, 0, 0, 0, 0, 0, 0
1068.62, 0, 0, 0.05, 0.05, 0, 0, 0, 0, 0, 0
1069.52, 0, 0, 0, 0, 0, 0, 0, 0, 0, 0
1069.62, 0, 0, 0.05, 0.05, 0, 0, 0, 0, 0, 0
1070.52, 0, 0, 0, 0, 0, 0, 0, 0, 0, 0
1070.62, 0, 0, 0.05, 0.05, 0, 0, 0, 0, 0, 0
1071.52, 0, 0, 0, 0, 0, 0, 0, 0, 0, 0
1071.62, 0, 0, 0.05, 0.05, 0, 0, 0, 0, 0, 0
1072.52, 0, 0, 0, 0, 0, 0, 0, 0, 0, 0
1072.62, 0, 0, 0.05, 0.05, 0, 0, 0, 0, 0, 0
1073.52, 0, 0, 0, 0, 0, 0, 0, 0, 0, 0
1073.62, 0, 0, 0.05, 0.05, 0, 0, 0, 0, 0, 0
1074.52, 0, 0, 0, 0, 0, 0, 0, 0, 0, 0
1074.62, 0, 0, 0.05, 0.05, 0, 0, 0, 0, 0, 0
1075.52, 0, 0, 0, 0, 0, 0, 0, 0, 0, 0
1075.62, 0, 0, 0.05, 0.05, 0, 0, 0, 0, 0, 0
1076.52, 0, 0, 0, 0, 0, 0, 0, 0, 0, 0
1076.62, 0, 0, 0.05, 0.05, 0, 0, 0, 0, 0, 0
1077.52, 0, 0, 0, 0, 0, 0, 0, 0, 0, 0
1077.62, 0, 0, 0.05, 0.05, 0, 0, 0, 0, 0, 0
1078.52, 0, 0, 0, 0, 0, 0, 0, 0, 0, 0
1078.62, 0, 0, 0.05, 0.05, 0, 0, 0, 0, 0, 0
1079.52, 0, 0, 0, 0, 0, 0, 0, 0, 0, 0
1079.62, 0, 0, 0.05, 0.05, 0, 0, 0, 0, 0, 0
1080.52, 0, 0, 0, 0, 0, 0, 0, 0, 0, 0
1080.62, 0, 0, 0.05, 0.05, 0, 0, 0, 0, 0, 0
1081.52, 0, 0, 0, 0, 0, 0, 0, 0, 0, 0
1081.62, 0, 0, 0.05, 0.05, 0, 0, 0, 0, 0, 0
1082.52, 0, 0, 0, 0, 0, 0, 0, 0, 0, 0
1082.62, 0, 0, 0.05, 0.05, 0, 0, 0, 0, 0, 0
1083.52, 0, 0, 0, 0, 0, 0, 0, 0, 0, 0
1083.62, 0, 0, 0.05, 0.05, 0, 0, 0, 0, 0, 0
1084.52, 0, 0, 0, 0, 0, 0, 0, 0, 0, 0
1084.62, 0, 0, 0.05, 0.05, 0, 0, 0, 0, 0, 0
1085.52, 0, 0, 0, 0, 0, 0, 0, 0, 0, 0
1085.62, 0, 0, 0.05, 0.05, 0, 0, 0, 0, 0, 0
1086.52, 0, 0, 0, 0, 0, 0, 0, 0, 0, 0
1086.62, 0, 0, 0.05, 0.05, 0, 0, 0, 0, 0, 0
1087.52, 0, 0, 0, 0, 0, 0, 0, 0, 0, 0
1087.62, 0, 0, 0.05, 0.05, 0, 0, 0, 0, 0, 0
1088.52, 0, 0, 0, 0, 0, 0, 0, 0, 0, 0
1088.62, 0, 0, 0.05, 0.05, 0, 0, 0, 0, 0, 0
1089.52, 0, 0, 0, 0, 0, 0, 0, 0, 0, 0
1089.62, 0, 0, 0.05, 0.05, 0, 0, 0, 0, 0, 0
1090.52, 0, 0, 0, 0, 0, 0, 0, 0, 0, 0
1090.62, 0, 0, 0.05, 0.05, 0, 0, 0, 0, 0, 0
1091.52, 0, 0, 0, 0, 0, 0, 0, 0, 0, 0
1091.62, 0, 0, 0.05, 0.05, 0, 0, 0, 0, 0, 0
1092.52, 0, 0, 0, 0, 0, 0, 0, 0, 0, 0
1092.62, 0, 0, 0.05, 0.05, 0, 0, 0, 0, 0, 0
1093.52, 0, 0, 0, 0, 0, 0, 0, 0, 0, 0
1119.8, 0, 0, 0, 0, 0, 0, 0, 0, 0, 0
1119.9, 0, 0, 0, 0, 0, 0, 0.05, 0.05, 0, 0
1120.8, 0, 0, 0, 0, 0, 0, 0, 0, 0, 0
1120.9, 0, 0, 0, 0, 0, 0, 0.05, 0.05, 0, 0
1121.8, 0, 0, 0, 0, 0, 0, 0, 0, 0, 0
1121.9, 0, 0, 0, 0, 0, 0, 0.05, 0.05, 0, 0
1122.8, 0, 0, 0, 0, 0, 0, 0, 0, 0, 0
1122.9, 0, 0, 0, 0, 0, 0, 0.05, 0.05, 0, 0
1123.8, 0, 0, 0, 0, 0, 0, 0, 0, 0, 0
1123.9, 0, 0, 0, 0, 0, 0, 0.05, 0.05, 0, 0
1124.8, 0, 0, 0, 0, 0, 0, 0, 0, 0, 0
1124.9, 0, 0, 0, 0, 0, 0, 0.05, 0.05, 0, 0
1125.8, 0, 0, 0, 0, 0, 0, 0, 0, 0, 0
1125.9, 0, 0, 0, 0, 0, 0, 0.05, 0.05, 0, 0
1126.8, 0, 0, 0, 0, 0, 0, 0, 0, 0, 0
1126.9, 0, 0, 0, 0, 0, 0, 0.05, 0.05, 0, 0
1127.8, 0, 0, 0, 0, 0, 0, 0, 0, 0, 0
1127.9, 0, 0, 0, 0, 0, 0, 0.05, 0.05, 0, 0
1128.8, 0, 0, 0, 0, 0, 0, 0, 0, 0, 0
1128.9, 0, 0, 0, 0, 0, 0, 0.05, 0.05, 0, 0
1129.8, 0, 0, 0, 0, 0, 0, 0, 0, 0, 0
1129.9, 0, 0, 0, 0, 0, 0, 0.05, 0.05, 0, 0
1130.8, 0, 0, 0, 0, 0, 0, 0, 0, 0, 0
1130.9, 0, 0, 0, 0, 0, 0, 0.05, 0.05, 0, 0
1131.8, 0, 0, 0, 0, 0, 0, 0, 0, 0, 0
1131.9, 0, 0, 0, 0, 0, 0, 0.05, 0.05, 0, 0
1132.8, 0, 0, 0, 0, 0, 0, 0, 0, 0, 0
1132.9, 0, 0, 0, 0, 0, 0, 0.05, 0.05, 0, 0
1133.8, 0, 0, 0, 0, 0, 0, 0, 0, 0, 0
1133.9, 0, 0, 0, 0, 0, 0, 0.05, 0.05, 0, 0
1134.8, 0, 0, 0, 0, 0, 0, 0, 0, 0, 0
1134.9, 0, 0, 0, 0, 0, 0, 0.05, 0.05, 0, 0
1135.8, 0, 0, 0, 0, 0, 0, 0, 0, 0, 0
1135.9, 0, 0, 0, 0, 0, 0, 0.05, 0.05, 0, 0
1136.8, 0, 0, 0, 0, 0, 0, 0, 0, 0, 0
1136.9, 0, 0, 0, 0, 0, 0, 0.05, 0.05, 0, 0
1137.8, 0, 0, 0, 0, 0, 0, 0, 0, 0, 0
1137.9, 0, 0, 0, 0, 0, 0, 0.05, 0.05, 0, 0
1138.8, 0, 0, 0, 0, 0, 0, 0, 0, 0, 0
1138.9, 0, 0, 0, 0, 0, 0, 0.05, 0.05, 0, 0
1139.8, 0, 0, 0, 0, 0, 0, 0, 0, 0, 0
1139.9, 0, 0, 0, 0, 0, 0, 0.05, 0.05, 0, 0
1140.8, 0, 0, 0, 0, 0, 0, 0, 0, 0, 0
1140.9, 0, 0, 0, 0, 0, 0, 0.05, 0.05, 0, 0
1141.8, 0, 0, 0, 0, 0, 0, 0, 0, 0, 0
1141.9, 0, 0, 0, 0, 0, 0, 0.05, 0.05, 0, 0
1142.8, 0, 0, 0, 0, 0, 0, 0, 0, 0, 0
1142.9, 0, 0, 0, 0, 0, 0, 0.05, 0.05, 0, 0
1143.8, 0, 0, 0, 0, 0, 0, 0, 0, 0, 0
1143.9, 0, 0, 0, 0, 0, 0, 0.05, 0.05, 0, 0
1144.8, 0, 0, 0, 0, 0, 0, 0, 0, 0, 0
1144.9, 0, 0, 0, 0, 0, 0, 0.05, 0.05, 0, 0
1145.8, 0, 0, 0, 0, 0, 0, 0, 0, 0, 0
1145.9, 0, 0, 0, 0, 0, 0, 0.05, 0.05, 0, 0
1146.8, 0, 0, 0, 0, 0, 0, 0, 0, 0, 0
1146.9, 0, 0, 0, 0, 0, 0, 0.05, 0.05, 0, 0
1147.8, 0, 0, 0, 0, 0, 0, 0, 0, 0, 0
1147.9, 0, 0, 0, 0, 0, 0, 0.05, 0.05, 0, 0
1148.8, 0, 0, 0, 0, 0, 0, 0, 0, 0, 0
1148.9, 0, 0, 0, 0, 0, 0, 0.05, 0.05, 0, 0
1149.8, 0, 0, 0, 0, 0, 0, 0, 0, 0, 0
1149.9, 0, 0, 0, 0, 0, 0, 0.05, 0.05, 0, 0
1150.8, 0, 0, 0, 0, 0, 0, 0, 0, 0, 0
1150.9, 0, 0, 0, 0, 0, 0, 0.05, 0.05, 0, 0
1151.8, 0, 0, 0, 0, 0, 0, 0, 0, 0, 0
1151.9, 0, 0, 0, 0, 0, 0, 0.05, 0.05, 0, 0
1152.8, 0, 0, 0, 0, 0, 0, 0, 0, 0, 0
1152.9, 0, 0, 0, 0, 0, 0, 0.05, 0.05, 0, 0
1153.8, 0, 0, 0, 0, 0, 0, 0, 0, 0, 0
1153.9, 0, 0, 0, 0, 0, 0, 0.05, 0.05, 0, 0
1154.8, 0, 0, 0, 0, 0, 0, 0, 0, 0, 0
1154.9, 0, 0, 0, 0, 0, 0, 0.05, 0.05, 0, 0
1155.8, 0, 0, 0, 0, 0, 0, 0, 0, 0, 0
1155.9, 0, 0, 0, 0, 0, 0, 0.05, 0.05, 0, 0
1156.8, 0, 0, 0, 0, 0, 0, 0, 0, 0, 0
1446.43, 0, 0, 0, 0, 0, 0, 0, 0, 0, 0
1448.43, 0, 0, 0.1, 0.1, 0, 0, 0, 0, 0, 0
1502.06, 0, 0, 0.1, 0.1, 0, 0, 0, 0, 0, 0
1504.06, 0, 0, 0, 0, 0, 0, 0, 0, 0, 0
1598.21, 0, 0, 0, 0, 0, 0, 0, 0, 0, 0
1598.31, 0, 0, 0.05, 0.05, 0, 0, 0, 0, 0, 0
1599.21, 0, 0, 0, 0, 0, 0, 0, 0, 0, 0
1599.31, 0, 0, 0.05, 0.05, 0, 0, 0, 0, 0, 0
1600.21, 0, 0, 0, 0, 0, 0, 0, 0, 0, 0
1600.31, 0, 0, 0.05, 0.05, 0, 0, 0, 0, 0, 0
1601.21, 0, 0, 0, 0, 0, 0, 0, 0, 0, 0
1601.31, 0, 0, 0.05, 0.05, 0, 0, 0, 0, 0, 0
1602.21, 0, 0, 0, 0, 0, 0, 0, 0, 0, 0
1602.31, 0, 0, 0.05, 0.05, 0, 0, 0, 0, 0, 0
1603.21, 0, 0, 0, 0, 0, 0, 0, 0, 0, 0
1603.31, 0, 0, 0.05, 0.05, 0, 0, 0, 0, 0, 0
1604.21, 0, 0, 0, 0, 0, 0, 0, 0, 0, 0
1604.31, 0, 0, 0.05, 0.05, 0, 0, 0, 0, 0, 0
1605.21, 0, 0, 0, 0, 0, 0, 0, 0, 0, 0
1605.31, 0, 0, 0.05, 0.05, 0, 0, 0, 0, 0, 0
1606.21, 0, 0, 0, 0, 0, 0, 0, 0, 0, 0
1606.31, 0, 0, 0.05, 0.05, 0, 0, 0, 0, 0, 0
1607.21, 0, 0, 0, 0, 0, 0, 0, 0, 0, 0
1607.31, 0, 0, 0.05, 0.05, 0, 0, 0, 0, 0, 0
1607.41, 0, 0, 0, 0, 0, 0, 0, 0, 0, 0
1791.87, 0, 0, 0, 0, 0, 0, 0, 0, 0, 0
1793.87, 0, 0, 0, 0, 0, 0, 0.1, 0.1, 0, 0
1807.69, 0, 0, 0, 0, 0, 0, 0.1, 0.1, 0, 0
1809.69, 0, 0, 0, 0, 0, 0, 0, 0, 0, 0
1822.22, 0, 0, 0, 0, 0, 0, 0, 0, 0, 0
1823.22, 0, 0, 0.1, 0.1, 0, 0, 0, 0, 0, 0
1842, 0, 0, 0.1, 0.1, 0, 0, 0, 0, 0, 0
1844, 0, 0, 0, 0, 0, 0, 0, 0, 0, 0
2033.72, 0, 0, 0, 0, 0, 0, 0, 0, 0, 0
2035.72, 0, 0, 0, 0, 0, 0, 0.1, 0.1, 0, 0
2057.54, 0, 0, 0, 0, 0, 0, 0.1, 0.1, 0, 0
2059.54, 0, 0, 0, 0, 0, 0, 0, 0, 0, 0
2213.56, 0, 0, 0, 0, 0, 0, 0, 0, 0, 0
2213.66, 0, 0, 0, 0, 0, 0, 0.05, 0.05, 0, 0
2214.56, 0, 0, 0, 0, 0, 0, 0, 0, 0, 0
2214.66, 0, 0, 0, 0, 0, 0, 0.05, 0.05, 0, 0
2215.56, 0, 0, 0, 0, 0, 0, 0, 0, 0, 0
2215.66, 0, 0, 0, 0, 0, 0, 0.05, 0.05, 0, 0
2216.56, 0, 0, 0, 0, 0, 0, 0, 0, 0, 0
2216.66, 0, 0, 0, 0, 0, 0, 0.05, 0.05, 0, 0
2217.56, 0, 0, 0, 0, 0, 0, 0, 0, 0, 0
2217.66, 0, 0, 0, 0, 0, 0, 0.05, 0.05, 0, 0
2218.56, 0, 0, 0, 0, 0, 0, 0, 0, 0, 0
2218.66, 0, 0, 0, 0, 0, 0, 0.05, 0.05, 0, 0
2219.56, 0, 0, 0, 0, 0, 0, 0, 0, 0, 0
2219.66, 0, 0, 0, 0, 0, 0, 0.05, 0.05, 0, 0
2220.56, 0, 0, 0, 0, 0, 0, 0, 0, 0, 0
2220.66, 0, 0, 0, 0, 0, 0, 0.05, 0.05, 0, 0
2221.56, 0, 0, 0, 0, 0, 0, 0, 0, 0, 0
2221.66, 0, 0, 0, 0, 0, 0, 0.05, 0.05, 0, 0
2222.56, 0, 0, 0, 0, 0, 0, 0, 0, 0, 0
2222.66, 0, 0, 0, 0, 0, 0, 0.05, 0.05, 0, 0
2223.56, 0, 0, 0, 0, 0, 0, 0, 0, 0, 0
2223.66, 0, 0, 0, 0, 0, 0, 0.05, 0.05, 0, 0
2224.56, 0, 0, 0, 0, 0, 0, 0, 0, 0, 0
2224.66, 0, 0, 0, 0, 0, 0, 0.05, 0.05, 0, 0
2225.56, 0, 0, 0, 0, 0, 0, 0, 0, 0, 0
2256.25, 0, 0, 0, 0, 0, 0, 0, 0, 0, 0
2256.35, 0, 0, 0.05, 0.05, 0, 0, 0, 0, 0, 0
2257.25, 0, 0, 0, 0, 0, 0, 0, 0, 0, 0
2257.35, 0, 0, 0.05, 0.05, 0, 0, 0, 0, 0, 0
2258.25, 0, 0, 0, 0, 0, 0, 0, 0, 0, 0
2258.35, 0, 0, 0.05, 0.05, 0, 0, 0, 0, 0, 0
2259.25, 0, 0, 0, 0, 0, 0, 0, 0, 0, 0
2259.35, 0, 0, 0.05, 0.05, 0, 0, 0, 0, 0, 0
2260.25, 0, 0, 0, 0, 0, 0, 0, 0, 0, 0
2260.35, 0, 0, 0.05, 0.05, 0, 0, 0, 0, 0, 0
2261.25, 0, 0, 0, 0, 0, 0, 0, 0, 0, 0
2261.35, 0, 0, 0.05, 0.05, 0, 0, 0, 0, 0, 0
2262.25, 0, 0, 0, 0, 0, 0, 0, 0, 0, 0
2262.35, 0, 0, 0.05, 0.05, 0, 0, 0, 0, 0, 0
2263.25, 0, 0, 0, 0, 0, 0, 0, 0, 0, 0
2263.35, 0, 0, 0.05, 0.05, 0, 0, 0, 0, 0, 0
2264.25, 0, 0, 0, 0, 0, 0, 0, 0, 0, 0
2264.35, 0, 0, 0.05, 0.05, 0, 0, 0, 0, 0, 0
2265.25, 0, 0, 0, 0, 0, 0, 0, 0, 0, 0
2265.35, 0, 0, 0.05, 0.05, 0, 0, 0, 0, 0, 0
2266.25, 0, 0, 0, 0, 0, 0, 0, 0, 0, 0
2266.35, 0, 0, 0.05, 0.05, 0, 0, 0, 0, 0, 0
2267.25, 0, 0, 0, 0, 0, 0, 0, 0, 0, 0
2267.35, 0, 0, 0.05, 0.05, 0, 0, 0, 0, 0, 0
2268.25, 0, 0, 0, 0, 0, 0, 0, 0, 0, 0
2268.35, 0, 0, 0.05, 0.05, 0, 0, 0, 0, 0, 0
2269.25, 0, 0, 0, 0, 0, 0, 0, 0, 0, 0
2269.35, 0, 0, 0.05, 0.05, 0, 0, 0, 0, 0, 0
2270.25, 0, 0, 0, 0, 0, 0, 0, 0, 0, 0
2270.35, 0, 0, 0.05, 0.05, 0, 0, 0, 0, 0, 0
2271.25, 0, 0, 0, 0, 0, 0, 0, 0, 0, 0
2271.35, 0, 0, 0.05, 0.05, 0, 0, 0, 0, 0, 0
2272.25, 0, 0, 0, 0, 0, 0, 0, 0, 0, 0
2272.35, 0, 0, 0.05, 0.05, 0, 0, 0, 0, 0, 0
2273.25, 0, 0, 0, 0, 0, 0, 0, 0, 0, 0
2273.35, 0, 0, 0.05, 0.05, 0, 0, 0, 0, 0, 0
2274.25, 0, 0, 0, 0, 0, 0, 0, 0, 0, 0
2274.35, 0, 0, 0.05, 0.05, 0, 0, 0, 0, 0, 0
2275.25, 0, 0, 0, 0, 0, 0, 0, 0, 0, 0
2275.35, 0, 0, 0.05, 0.05, 0, 0, 0, 0, 0, 0
2276.25, 0, 0, 0, 0, 0, 0, 0, 0, 0, 0
2276.35, 0, 0, 0.05, 0.05, 0, 0, 0, 0, 0, 0
2277.25, 0, 0, 0, 0, 0, 0, 0, 0, 0, 0
2277.35, 0, 0, 0.05, 0.05, 0, 0, 0, 0, 0, 0
2278.25, 0, 0, 0, 0, 0, 0, 0, 0, 0, 0
2278.35, 0, 0, 0.05, 0.05, 0, 0, 0, 0, 0, 0
2279.25, 0, 0, 0, 0, 0, 0, 0, 0, 0, 0
2279.35, 0, 0, 0.05, 0.05, 0, 0, 0, 0, 0, 0
2280.25, 0, 0, 0, 0, 0, 0, 0, 0, 0, 0
2280.35, 0, 0, 0.05, 0.05, 0, 0, 0, 0, 0, 0
2281.25, 0, 0, 0, 0, 0, 0, 0, 0, 0, 0
2281.35, 0, 0, 0.05, 0.05, 0, 0, 0, 0, 0, 0
2282.25, 0, 0, 0, 0, 0, 0, 0, 0, 0, 0
2282.35, 0, 0, 0.05, 0.05, 0, 0, 0, 0, 0, 0
2283.25, 0, 0, 0, 0, 0, 0, 0, 0, 0, 0
2283.35, 0, 0, 0.05, 0.05, 0, 0, 0, 0, 0, 0
2284.25, 0, 0, 0, 0, 0, 0, 0, 0, 0, 0
2284.35, 0, 0, 0.05, 0.05, 0, 0, 0, 0, 0, 0
2285.25, 0, 0, 0, 0, 0, 0, 0, 0, 0, 0
2285.35, 0, 0, 0.05, 0.05, 0, 0, 0, 0, 0, 0
2286.25, 0, 0, 0, 0, 0, 0, 0, 0, 0, 0
2286.35, 0, 0, 0.05, 0.05, 0, 0, 0, 0, 0, 0
2287.25, 0, 0, 0, 0, 0, 0, 0, 0, 0, 0
2287.35, 0, 0, 0.05, 0.05, 0, 0, 0, 0, 0, 0
2288.25, 0, 0, 0, 0, 0, 0, 0, 0, 0, 0
2288.35, 0, 0, 0.05, 0.05, 0, 0, 0, 0, 0, 0
2289.25, 0, 0, 0, 0, 0, 0, 0, 0, 0, 0
2289.35, 0, 0, 0.05, 0.05, 0, 0, 0, 0, 0, 0
2290.25, 0, 0, 0, 0, 0, 0, 0, 0, 0, 0
2290.35, 0, 0, 0.05, 0.05, 0, 0, 0, 0, 0, 0
2291.25, 0, 0, 0, 0, 0, 0, 0, 0, 0, 0
2291.35, 0, 0, 0.05, 0.05, 0, 0, 0, 0, 0, 0
2292.25, 0, 0, 0, 0, 0, 0, 0, 0, 0, 0
2292.35, 0, 0, 0.05, 0.05, 0, 0, 0, 0, 0, 0
2293.25, 0, 0, 0, 0, 0, 0, 0, 0, 0, 0
2293.35, 0, 0, 0.05, 0.05, 0, 0, 0, 0, 0, 0
2294.25, 0, 0, 0, 0, 0, 0, 0, 0, 0, 0
2294.35, 0, 0, 0.05, 0.05, 0, 0, 0, 0, 0, 0
2295.25, 0, 0, 0, 0, 0, 0, 0, 0, 0, 0
2295.35, 0, 0, 0.05, 0.05, 0, 0, 0, 0, 0, 0
2296.25, 0, 0, 0, 0, 0, 0, 0, 0, 0, 0
2296.35, 0, 0, 0.05, 0.05, 0, 0, 0, 0, 0, 0
2297.25, 0, 0, 0, 0, 0, 0, 0, 0, 0, 0
2297.35, 0, 0, 0.05, 0.05, 0, 0, 0, 0, 0, 0
2298.25, 0, 0, 0, 0, 0, 0, 0, 0, 0, 0
2298.35, 0, 0, 0.05, 0.05, 0, 0, 0, 0, 0, 0
2299.25, 0, 0, 0, 0, 0, 0, 0, 0, 0, 0
2299.35, 0, 0, 0.05, 0.05, 0, 0, 0, 0, 0, 0
2300.25, 0, 0, 0, 0, 0, 0, 0, 0, 0, 0
2300.35, 0, 0, 0.05, 0.05, 0, 0, 0, 0, 0, 0
2301.25, 0, 0, 0, 0, 0, 0, 0, 0, 0, 0
2301.35, 0, 0, 0.05, 0.05, 0, 0, 0, 0, 0, 0
2302.25, 0, 0, 0, 0, 0, 0, 0, 0, 0, 0
2302.35, 0, 0, 0.05, 0.05, 0, 0, 0, 0, 0, 0
2303.25, 0, 0, 0, 0, 0, 0, 0, 0, 0, 0
2303.35, 0, 0, 0.05, 0.05, 0, 0, 0, 0, 0, 0
2304.25, 0, 0, 0, 0, 0, 0, 0, 0, 0, 0
2304.35, 0, 0, 0.05, 0.05, 0, 0, 0, 0, 0, 0
2305.25, 0, 0, 0, 0, 0, 0, 0, 0, 0, 0
2400, 0, 0, 0, 0, 0, 0, 0, 0, 0, 0
ENDTABLE


LOG_ENTRY Used Dataset: Road: Off-Center Elevation Map, S-L Grid; { Handling Course } Handling Course Curbing
#Library : Road: Off-Center Elevation Map, S-L Grid
#DataSet : Handling Course Curbing
#Category: Handling Course
#FileID  : RdMapZ_9334e93f-d95d-4a56-b74d-10b7ae6f400f
#Product : TruckSim 2020.1
#VehCode dZ via S-L Grid

END
