PARSFILE
#FullDataName Road: Off-Center Elevation Map, S-L Grid`Small Hill`2D Spline
#CheckBox0 0    

SET_IROAD_DZ_FOR_ID 0
ROAD_N_DZ = ROAD_N_DZ + 1 ! increment count for the road
IDZ_ROAD = ROAD_N_DZ ! set index for the new ID
RD_DZ_ID = ROAD_DZ_ID ! Specify the user ID
set_description RD_DZ_ID ROAD_DZ_ID for: Small Hill
set_description ROAD_DZ_ID Small Hill
#RingCtrl0 2D_SPLINE
#RingCtrl3 1
#RadioCtrl0 0    
#RadioCtrl1 0    

*3D_XLabel Lateral coordinate (m)
*3D_YLabel Station (m)
*3D_ZLabel Incremental elevation (m)

#DiagramTwo0
*3D_DATA 26, 21 ! columns x rows
ROAD_DZ_CARPET 2D_SPLINE
0, -45, -40, -35, -30, -25, -20, -15, -10, -5, -1.5, -0.9, -0.4, 0, 0.4, 0.9, 1.5, 5, 10, 15, 20, 25, 30, 35, 40, 45, 50
-50, -0.1665, 0.206, 0.034, -0.952, -0.3515, 0.0345, -0.347, -0.3725, 0.736, 0.058, -0.017, 0.058, 0.033, 0.058, -0.017, 0.058, 0.3205, 0.125, 0.483, 1.0395, -0.106, -0.0395, -0.082, -0.368, -0.4605, 0.416
-45, 0.2635, 0.096, -0.709, -0.1435, -0.1945, 0.2905, 0.02, -0.4895, -0.3155, -0.076, -0.151, -0.076, -0.001, 0.024, -0.051, 0.024, 0.484, 0.33, 0.2155, -0.02, -0.313, 0.0615, -0.653, 0.5805, -0.613, -0.3755
-40, 0.3725, -0.3355, 0.2825, -0.3915, -0.958, -0.422, -0.803, 0.357, 0.746, -0.0995, -0.1745, -0.0995, -0.3745, -0.3495, -0.4245, -0.3495, 0.088, 0.607, -0.149, -0.2545, 0.5635, 0.589, 0.4355, 0.32, 0.744, 0.48
-35, 0.103, 0.0585, 0.327, 0.376, -0.6335, 0.3405, 0.405, 0.382, 0.0325, -0.186, -0.261, -0.186, -0.111, -0.086, -0.161, -0.086, 0.186, 0.3565, 0.2405, -0.4365, -0.495, -0.6205, -0.702, 0.417, 0.5665, 0.0645
-30, 0.0785, 1.0085, 0.539, 0.235, 0.5325, 0.8195, -0.1605, 0.0745, -0.597, -0.91, -0.985, -0.91, -0.935, -0.91, -0.985, -0.91, 0.2415, 0.0375, -0.1555, -0.196, -0.657, -0.786, -1.053, -0.5345, -0.3855, -0.034
-25, 0.175, 0.0185, 0.409, 0.073, -0.077, -0.0075, -0.4025, -0.387, -0.974, -0.459, -0.534, -0.459, -0.484, -0.459, -0.534, -0.459, 0.7815, -0.002, 0.416, 0.1545, 0.359, -0.1045, -0.2295, -0.1415, -0.533, 0.1375
-20, 0.446, 0.093, 0.106, 0.242, 0.245, -0.528, 0.133, -0.415, -0.4955, -0.874, -0.949, -0.874, -0.799, -0.774, -0.849, -0.774, 0.573, 0.173, 0.35, 0.39, -0.326, 0.333, -0.158, -0.2465, 0.004, -0.004
-15, 0.1635, 0.7625, -0.7925, 0.2485, 0.3985, 0.31, -0.459, -0.6735, -0.681, -0.4205, -0.4955, -0.4205, -0.6955, -0.6705, -0.7455, -0.6705, 0.781, -0.2925, 0.574, 0.5705, 0.195, -0.3435, -0.0945, -0.6605, -0.2525, 0.268
-10, 0.5075, 0.6495, 0.6, 0.3615, 1.255, 0.696, 0.188, 0.2125, -0.635, -0.224, -0.299, -0.224, -0.149, -0.124, -0.199, -0.124, -0.002, -0.5575, -0.0405, -0.259, -0.6135, -0.368, -0.7885, -0.8095, -0.1345, 0.082
-5, -0.243, 0.081, 0.3345, 0.1675, -0.4165, -0.2855, -0.862, -0.969, -0.528, -0.6405, -0.7155, -0.6405, -0.9155, -0.8905, -0.9655, -0.8905, -1.5215, -0.831, -0.731, -0.423, -0.742, -1.0065, -1.512, -1.3945, -0.03, 0.229
0, 0.157, -0.3115, 0.2735, -0.2355, -0.708, -0.738, -0.8745, -0.414, 0.036, -1.1605, -1.2355, -1.1605, -1.0855, -1.0605, -1.1355, -1.0605, -1.202, -0.759, -1.919, -1.1175, -1.348, -1.1855, -0.7865, -1.338, 0.178, -0.0865
5, 0.3895, 0.566, -0.2155, -0.089, -0.71, -0.2745, 0.238, -0.8525, 0.014, 1.3425, 1.2675, 1.3425, 1.0675, 1.0925, 1.0175, 1.0925, -0.2405, 0.381, -0.0345, -0.2355, -0.545, -0.1355, -1.022, -0.7885, 0.268, -0.382
10, -0.7345, -0.1185, -0.3915, -0.595, -0.214, -0.256, -0.0855, 0.443, -0.2145, 1.0135, 0.9385, 1.0135, 1.0885, 1.1135, 1.0385, 1.1135, 0.489, 0.52, 0.8315, -0.0635, -0.3825, 0.416, -0.078, -0.5885, -0.2175, -0.508
15, -0.26, -0.307, -1.042, -0.0245, -0.4005, 0.267, 0.231, 0.749, -0.6525, 0.857, 0.782, 0.857, 0.582, 0.607, 0.532, 0.607, 1.135, 0.77, 0.4205, 0.231, -0.809, -0.704, 0.2595, -0.1375, 0.1055, 0.062
20, -0.251, -0.6105, -0.299, -0.3895, 0.213, -0.9515, -0.1175, -0.653, -0.3785, 0.3875, 0.3125, 0.3875, 0.3625, 0.3875, 0.3125, 0.3875, 1.5515, 0.8845, 1.569, 0.4255, 0.1015, 0.3515, -0.013, 0.444, -0.0855, -0.013
25, -0.3355, -0.369, -0.4105, -0.0055, -0.0825, -0.0115, -0.24, -0.1545, -0.0795, 1.1035, 1.0285, 1.1035, 0.8285, 0.8535, 0.7785, 0.8535, 0.941, 1.1535, 0.723, 0.307, -0.002, 0.1925, 0.5585, 0.5865, 0.0825, -0.049
30, -0.24, -0.085, 0.377, 0.1785, 1.3345, 0.943, 0.7065, 0.284, 0.523, 0.945, 0.87, 0.945, 0.92, 0.945, 0.87, 0.945, 0.979, 1.3045, 0.3415, 0.6005, 0.292, -0.0325, -0.1375, -0.475, -0.5035, -0.305
35, -0.6415, -0.6585, 0.168, 0.486, 0.991, -0.2165, -0.2425, -0.269, 0.5075, 1.294, 1.219, 1.294, 1.019, 1.044, 0.969, 1.044, 0.851, 1.082, -0.162, -0.1645, -0.124, 0.4825, -0.1195, -0.729, -0.655, -0.3015
40, 0.2215, -0.143, 0.0415, 0.0145, 0.472, 0.4615, -0.498, -0.659, -0.291, 0.3915, 0.3165, 0.3915, 0.3665, 0.3915, 0.3165, 0.3915, 0.6985, 1.082, 0.1205, 0.6515, 0.519, 0.418, 0.132, -0.2635, 0.9545, -0.3145
45, -0.3905, 0.4635, -0.169, -0.472, -0.231, -0.194, 0.059, -0.729, -0.35, -0.5475, -0.6225, -0.5475, -0.5725, -0.5475, -0.6225, -0.5475, -0.2125, -0.2165, 0.247, 0.4235, 0.6905, 0.028, -0.0855, 0.174, -0.431, -0.3765
50, -0.0785, 0.175, 0.0885, 0.057, 0.027, -0.313, -0.655, -0.338, -0.638, -0.2265, -0.3015, -0.2265, -0.1515, -0.1265, -0.2015, -0.1265, 0.196, -0.2425, -0.787, -0.4985, -0.3995, -0.2495, -0.178, 0.4995, -0.175, -0.6815
ENDTABLE


LOG_ENTRY Used Dataset: Road: Off-Center Elevation Map, S-L Grid; { 2D Spline } Small Hill
#Library : Road: Off-Center Elevation Map, S-L Grid
#DataSet : Small Hill
#Category: 2D Spline
#FileID  : RdMapZ_a358a218-7927-4a73-a66a-07b1bd0604f7
#Product : TruckSim 2020.1
#VehCode dZ via S-L Grid

END
