PARSFILE
#FullDataName Road: Off-Center Elevation Map, S-L Grid`Medium Bump Smoothed`Bumps
#CheckBox0 0    

SET_IROAD_DZ_FOR_ID 0
ROAD_N_DZ = ROAD_N_DZ + 1 ! increment count for the road
IDZ_ROAD = ROAD_N_DZ ! set index for the new ID
RD_DZ_ID = ROAD_DZ_ID ! Specify the user ID
set_description RD_DZ_ID ROAD_DZ_ID for: Medium Bump Smoothed
set_description ROAD_DZ_ID Medium Bump Smoothed
#RingCtrl0 CARPET
#RingCtrl3 1
#RadioCtrl0 0    
#RadioCtrl1 0    

*3D_XLabel Lateral coordinate (m)
*3D_YLabel Station (m)
*3D_ZLabel Incremental elevation (m)

#DiagramTwo0
*3D_DATA 6, 59 ! columns x rows
ROAD_DZ_CARPET 2D_LINEAR
0, -10, -4.2, -3.5, 3.5, 4.2, 10
0, -0.8, -0.8, 0, 0, -0.8, -0.8
10, -0.8, -0.8, 0, 0, -0.8, -0.8
10.1, -0.8, -0.8, 0.0023407, 0.0023407, -0.8, -0.8
10.2, -0.8, -0.8, 0.00932628, 0.00932628, -0.8, -0.8
10.3, -0.8, -0.8, 0.0208478, 0.0208478, -0.8, -0.8
10.4, -0.8, -0.8, 0.0367252, 0.0367252, -0.8, -0.8
10.5, -0.8, -0.8, 0.056711, 0.056711, -0.8, -0.8
10.6, -0.8, -0.8, 0.0804934, 0.0804934, -0.8, -0.8
10.7, -0.8, -0.8, 0.107701, 0.107701, -0.8, -0.8
10.8, -0.8, -0.8, 0.1379094, 0.1379094, -0.8, -0.8
10.9, -0.8, -0.8, 0.170647, 0.170647, -0.8, -0.8
11, -0.8, -0.8, 0.205404, 0.205404, -0.8, -0.8
11.1, -0.8, -0.8, 0.241636, 0.241636, -0.8, -0.8
11.2, -0.8, -0.8, 0.278778, 0.278778, -0.8, -0.8
11.3, -0.8, -0.8, 0.316254, 0.316254, -0.8, -0.8
11.4, -0.8, -0.8, 0.353474, 0.353474, -0.8, -0.8
11.5, -0.8, -0.8, 0.38986, 0.38986, -0.8, -0.8
11.6, -0.8, -0.8, 0.424844, 0.424844, -0.8, -0.8
11.7, -0.8, -0.8, 0.45788, 0.45788, -0.8, -0.8
11.8, -0.8, -0.8, 0.488452, 0.488452, -0.8, -0.8
11.9, -0.8, -0.8, 0.516084, 0.516084, -0.8, -0.8
12, -0.8, -0.8, 0.540344, 0.540344, -0.8, -0.8
12.1, -0.8, -0.8, 0.560852, 0.560852, -0.8, -0.8
12.2, -0.8, -0.8, 0.57729, 0.57729, -0.8, -0.8
12.3, -0.8, -0.8, 0.589402, 0.589402, -0.8, -0.8
12.4, -0.8, -0.8, 0.596998, 0.596998, -0.8, -0.8
12.5, -0.8, -0.8, 0.599958, 0.599958, -0.8, -0.8
12.6, -0.8, -0.8, 0.598238, 0.598238, -0.8, -0.8
12.7, -0.8, -0.8, 0.591866, 0.591866, -0.8, -0.8
12.8, -0.8, -0.8, 0.6, 0.6, -0.8, -0.8
32.5, -0.8, -0.8, 0.6, 0.6, -0.8, -0.8
32.6, -0.8, -0.8, 0.6, 0.6, -0.8, -0.8
32.7, -0.8, -0.8, 0.591866, 0.591866, -0.8, -0.8
32.8, -0.8, -0.8, 0.580938, 0.580938, -0.8, -0.8
32.9, -0.8, -0.8, 0.565624, 0.565624, -0.8, -0.8
33, -0.8, -0.8, 0.546168, 0.546168, -0.8, -0.8
33.1, -0.8, -0.8, 0.52287, 0.52287, -0.8, -0.8
33.2, -0.8, -0.8, 0.496094, 0.496094, -0.8, -0.8
33.3, -0.8, -0.8, 0.466256, 0.466256, -0.8, -0.8
33.4, -0.8, -0.8, 0.433826, 0.433826, -0.8, -0.8
33.5, -0.8, -0.8, 0.399308, 0.399308, -0.8, -0.8
33.6, -0.8, -0.8, 0.363238, 0.363238, -0.8, -0.8
33.7, -0.8, -0.8, 0.326184, 0.326184, -0.8, -0.8
33.8, -0.8, -0.8, 0.28872, 0.28872, -0.8, -0.8
33.9, -0.8, -0.8, 0.251432, 0.251432, -0.8, -0.8
34, -0.8, -0.8, 0.214902, 0.214902, -0.8, -0.8
34.1, -0.8, -0.8, 0.1796992, 0.1796992, -0.8, -0.8
34.2, -0.8, -0.8, 0.1463744, 0.1463744, -0.8, -0.8
34.3, -0.8, -0.8, 0.1154468, 0.1154468, -0.8, -0.8
34.4, -0.8, -0.8, 0.087399, 0.087399, -0.8, -0.8
34.5, -0.8, -0.8, 0.062669, 0.062669, -0.8, -0.8
34.6, -0.8, -0.8, 0.0416422, 0.0416422, -0.8, -0.8
34.7, -0.8, -0.8, 0.0246472, 0.0246472, -0.8, -0.8
34.8, -0.8, -0.8, 0.01194892, 0.01194892, -0.8, -0.8
34.9, -0.8, -0.8, 0.00374556, 0.00374556, -0.8, -0.8
35, -0.8, -0.8, 0.000165175, 0.000165175, -0.8, -0.8
35.1, -0.8, -0.8, 0, 0, -0.8, -0.8
89.9, -0.8, -0.8, 0, 0, -0.8, -0.8
90, -0.8, -0.8, 0, 0, -0.8, -0.8
ENDTABLE


LOG_ENTRY Used Dataset: Road: Off-Center Elevation Map, S-L Grid; { Bumps } Medium Bump Smoothed
#Library : Road: Off-Center Elevation Map, S-L Grid
#DataSet : Medium Bump Smoothed
#Category: Bumps
#FileID  : RdMapZ_6a12e34e-ffd6-483d-a5b1-dddbd4be158a
#Product : TruckSim 2020.1
#VehCode dZ via S-L Grid

END
