PARSFILE
#FullDataName Road: Off-Center Elevation Map, S-L Grid`Cross-slope Sine Sweep (Legacy)`Sine Sweep
#CheckBox0 0    

SET_IROAD_DZ_FOR_ID 0
ROAD_N_DZ = ROAD_N_DZ + 1 ! increment count for the road
IDZ_ROAD = ROAD_N_DZ ! set index for the new ID
RD_DZ_ID = ROAD_DZ_ID ! Specify the user ID
set_description RD_DZ_ID ROAD_DZ_ID for: Cross-slope Sine Sweep (Legacy)
set_description ROAD_DZ_ID Cross-slope Sine Sweep (Legacy)
#RingCtrl0 CARPET
#RingCtrl3 1
#RadioCtrl0 0    
#RadioCtrl1 0    

*3D_XLabel Lateral coordinate (m)
*3D_YLabel Station (m)
*3D_ZLabel Incremental elevation (m)

#DiagramTwo0
*3D_DATA 6, 405 ! columns x rows
ROAD_DZ_CARPET 2D_LINEAR
0, -5, -1.8, -1.5, 1.5, 1.8, 5
-1, 0, 0, 0, 0, 0, 0
0, 0, 0, 0, 0, 0, 0
1.2, 0, 0, 0.00345, -0.00345, 0, 0
2.4, 0, 0, 0.009675, -0.009675, 0, 0
3.58, 0, 0, 0.0177, -0.0177, 0, 0
4.76, 0, 0, 0.02715, -0.02715, 0, 0
5.92, 0, 0, 0.0378, -0.0378, 0, 0
7.1, 0, 0, 0.049425, -0.049425, 0, 0
8.26, 0, 0, 0.061875, -0.061875, 0, 0
9.4, 0, 0, 0.074925, -0.074925, 0, 0
10.56, 0, 0, 0.088425, -0.088425, 0, 0
11.7, 0, 0, 0.102, -0.102, 0, 0
12.84, 0, 0, 0.115275, -0.115275, 0, 0
13.98, 0, 0, 0.1278, -0.1278, 0, 0
15.1, 0, 0, 0.1389, -0.1389, 0, 0
16.22, 0, 0, 0.14775, -0.14775, 0, 0
17.34, 0, 0, 0.153675, -0.153675, 0, 0
18.46, 0, 0, 0.155625, -0.155625, 0, 0
19.56, 0, 0, 0.1527, -0.1527, 0, 0
20.66, 0, 0, 0.14415, -0.14415, 0, 0
21.76, 0, 0, 0.129225, -0.129225, 0, 0
22.84, 0, 0, 0.107925, -0.107925, 0, 0
23.92, 0, 0, 0.08055, -0.08055, 0, 0
25, 0, 0, 0.048075, -0.048075, 0, 0
26.08, 0, 0, 0.0126, -0.0126, 0, 0
27.14, 0, 0, -0.02295, 0.02295, 0, 0
28.2, 0, 0, -0.05535, 0.05535, 0, 0
29.26, 0, 0, -0.080475, 0.080475, 0, 0
30.32, 0, 0, -0.094725, 0.094725, 0, 0
31.36, 0, 0, -0.09525, 0.09525, 0, 0
32.4, 0, 0, -0.08115, 0.08115, 0, 0
33.44, 0, 0, -0.053475, 0.053475, 0, 0
34.46, 0, 0, -0.01665, 0.01665, 0, 0
35.48, 0, 0, 0.022575, -0.022575, 0, 0
36.5, 0, 0, 0.05595, -0.05595, 0, 0
37.52, 0, 0, 0.075825, -0.075825, 0, 0
38.52, 0, 0, 0.076425, -0.076425, 0, 0
39.54, 0, 0, 0.056475, -0.056475, 0, 0
40.54, 0, 0, 0.020925, -0.020925, 0, 0
41.52, 0, 0, -0.0201, 0.0201, 0, 0
42.52, 0, 0, -0.054075, 0.054075, 0, 0
43.5, 0, 0, -0.0687, 0.0687, 0, 0
44.48, 0, 0, -0.057975, 0.057975, 0, 0
45.46, 0, 0, -0.025575, 0.025575, 0, 0
46.44, 0, 0, 0.01695, -0.01695, 0, 0
47.4, 0, 0, 0.051075, -0.051075, 0, 0
48.36, 0, 0, 0.061875, -0.061875, 0, 0
49.32, 0, 0, 0.04335, -0.04335, 0, 0
50.26, 0, 0, 0.00375, -0.00375, 0, 0
51.2, 0, 0, -0.036975, 0.036975, 0, 0
52.16, 0, 0, -0.057075, 0.057075, 0, 0
53.08, 0, 0, -0.0447, 0.0447, 0, 0
54.02, 0, 0, -0.006225, 0.006225, 0, 0
54.94, 0, 0, 0.035025, -0.035025, 0, 0
55.88, 0, 0, 0.053625, -0.053625, 0, 0
56.8, 0, 0, 0.036375, -0.036375, 0, 0
57.7, 0, 0, -0.005325, 0.005325, 0, 0
58.6, 0, 0, -0.04245, 0.04245, 0, 0
59.52, 0, 0, -0.048, 0.048, 0, 0
60.42, 0, 0, -0.0171, 0.0171, 0, 0
61.32, 0, 0, 0.0267, -0.0267, 0, 0
62.2, 0, 0, 0.04815, -0.04815, 0, 0
63.08, 0, 0, 0.029175, -0.029175, 0, 0
63.98, 0, 0, -0.014775, 0.014775, 0, 0
64.84, 0, 0, -0.044625, 0.044625, 0, 0
65.72, 0, 0, -0.03345, 0.03345, 0, 0
66.6, 0, 0, 0.008625, -0.008625, 0, 0
67.46, 0, 0, 0.04185, -0.04185, 0, 0
68.32, 0, 0, 0.033225, -0.033225, 0, 0
69.18, 0, 0, -0.008925, 0.008925, 0, 0
70.02, 0, 0, -0.0411, 0.0411, 0, 0
70.88, 0, 0, -0.029325, 0.029325, 0, 0
71.72, 0, 0, 0.014325, -0.014325, 0, 0
72.56, 0, 0, 0.041175, -0.041175, 0, 0
73.4, 0, 0, 0.02085, -0.02085, 0, 0
74.22, 0, 0, -0.0234, 0.0234, 0, 0
75.04, 0, 0, -0.03915, 0.03915, 0, 0
75.88, 0, 0, -0.007275, 0.007275, 0, 0
76.68, 0, 0, 0.033, -0.033, 0, 0
77.5, 0, 0, 0.031125, -0.031125, 0, 0
78.32, 0, 0, -0.011025, 0.011025, 0, 0
79.12, 0, 0, -0.037875, 0.037875, 0, 0
79.92, 0, 0, -0.013875, 0.013875, 0, 0
80.72, 0, 0, 0.02835, -0.02835, 0, 0
81.52, 0, 0, 0.0309, -0.0309, 0, 0
82.32, 0, 0, -0.0102, 0.0102, 0, 0
83.1, 0, 0, -0.036075, 0.036075, 0, 0
83.88, 0, 0, -0.0093, 0.0093, 0, 0
84.66, 0, 0, 0.030675, -0.030675, 0, 0
85.44, 0, 0, 0.0243, -0.0243, 0, 0
86.2, 0, 0, -0.018675, 0.018675, 0, 0
86.96, 0, 0, -0.0324, 0.0324, 0, 0
87.74, 0, 0, 0.00495, -0.00495, 0, 0
88.48, 0, 0, 0.033825, -0.033825, 0, 0
89.24, 0, 0, 0.00825, -0.00825, 0, 0
90, 0, 0, -0.030375, 0.030375, 0, 0
90.74, 0, 0, -0.018675, 0.018675, 0, 0
91.48, 0, 0, 0.02385, -0.02385, 0, 0
92.24, 0, 0, 0.025425, -0.025425, 0, 0
92.96, 0, 0, -0.016425, 0.016425, 0, 0
93.7, 0, 0, -0.029325, 0.029325, 0, 0
94.44, 0, 0, 0.00915, -0.00915, 0, 0
95.16, 0, 0, 0.030975, -0.030975, 0, 0
95.88, 0, 0, -0.0027, 0.0027, 0, 0
96.6, 0, 0, -0.03105, 0.03105, 0, 0
97.32, 0, 0, -0.0027, 0.0027, 0, 0
98.02, 0, 0, 0.030225, -0.030225, 0, 0
98.74, 0, 0, 0.006375, -0.006375, 0, 0
99.44, 0, 0, -0.0291, 0.0291, 0, 0
100.14, 0, 0, -0.008925, 0.008925, 0, 0
100.84, 0, 0, 0.02805, -0.02805, 0, 0
101.54, 0, 0, 0.010575, -0.010575, 0, 0
102.22, 0, 0, -0.027075, 0.027075, 0, 0
102.92, 0, 0, -0.0114, 0.0114, 0, 0
103.6, 0, 0, 0.026475, -0.026475, 0, 0
104.28, 0, 0, 0.01155, -0.01155, 0, 0
104.96, 0, 0, -0.0264, 0.0264, 0, 0
105.62, 0, 0, -0.010575, 0.010575, 0, 0
106.3, 0, 0, 0.026475, -0.026475, 0, 0
106.96, 0, 0, 0.009, -0.009, 0, 0
107.62, 0, 0, -0.026775, 0.026775, 0, 0
108.28, 0, 0, -0.0063, 0.0063, 0, 0
108.94, 0, 0, 0.027075, -0.027075, 0, 0
109.6, 0, 0, 0.0036, -0.0036, 0, 0
110.24, 0, 0, -0.02715, 0.02715, 0, 0
110.9, 0, 0, 0.0006, -0.0006, 0, 0
111.54, 0, 0, 0.026775, -0.026775, 0, 0
112.18, 0, 0, -0.004575, 0.004575, 0, 0
112.82, 0, 0, -0.02565, 0.02565, 0, 0
113.44, 0, 0, 0.0093, -0.0093, 0, 0
114.08, 0, 0, 0.02355, -0.02355, 0, 0
114.72, 0, 0, -0.014325, 0.014325, 0, 0
115.34, 0, 0, -0.020025, 0.020025, 0, 0
115.96, 0, 0, 0.01845, -0.01845, 0, 0
116.58, 0, 0, 0.015375, -0.015375, 0, 0
117.2, 0, 0, -0.02235, 0.02235, 0, 0
117.8, 0, 0, -0.00975, 0.00975, 0, 0
118.4, 0, 0, 0.024525, -0.024525, 0, 0
119.02, 0, 0, 0.00285, -0.00285, 0, 0
119.62, 0, 0, -0.02505, 0.02505, 0, 0
120.22, 0, 0, 0.004875, -0.004875, 0, 0
120.82, 0, 0, 0.0234, -0.0234, 0, 0
121.42, 0, 0, -0.01215, 0.01215, 0, 0
122, 0, 0, -0.019125, 0.019125, 0, 0
122.6, 0, 0, 0.018075, -0.018075, 0, 0
123.18, 0, 0, 0.0132, -0.0132, 0, 0
123.76, 0, 0, -0.02235, 0.02235, 0, 0
124.34, 0, 0, -0.004875, 0.004875, 0, 0
124.92, 0, 0, 0.024, -0.024, 0, 0
125.5, 0, 0, -0.003975, 0.003975, 0, 0
126.06, 0, 0, -0.02235, 0.02235, 0, 0
126.64, 0, 0, 0.01215, -0.01215, 0, 0
127.2, 0, 0, 0.0174, -0.0174, 0, 0
127.76, 0, 0, -0.018825, 0.018825, 0, 0
128.32, 0, 0, -0.009975, 0.009975, 0, 0
128.88, 0, 0, 0.02265, -0.02265, 0, 0
129.44, 0, 0, 0.000675, -0.000675, 0, 0
129.98, 0, 0, -0.022725, 0.022725, 0, 0
130.52, 0, 0, 0.0084, -0.0084, 0, 0
131.08, 0, 0, 0.01875, -0.01875, 0, 0
131.62, 0, 0, -0.016725, 0.016725, 0, 0
132.16, 0, 0, -0.0117, 0.0117, 0, 0
132.7, 0, 0, 0.021375, -0.021375, 0, 0
133.24, 0, 0, 0.0024, -0.0024, 0, 0
133.76, 0, 0, -0.022275, 0.022275, 0, 0
134.3, 0, 0, 0.007575, -0.007575, 0, 0
134.82, 0, 0, 0.018675, -0.018675, 0, 0
135.36, 0, 0, -0.016125, 0.016125, 0, 0
135.88, 0, 0, -0.01125, 0.01125, 0, 0
136.4, 0, 0, 0.021, -0.021, 0, 0
136.9, 0, 0, 0.001875, -0.001875, 0, 0
137.42, 0, 0, -0.021525, 0.021525, 0, 0
137.94, 0, 0, 0.00855, -0.00855, 0, 0
138.44, 0, 0, 0.017625, -0.017625, 0, 0
138.94, 0, 0, -0.0162, 0.0162, 0, 0
139.44, 0, 0, -0.01005, 0.01005, 0, 0
139.96, 0, 0, 0.02085, -0.02085, 0, 0
140.46, 0, 0, -0.0003, 0.0003, 0, 0
140.96, 0, 0, -0.020625, 0.020625, 0, 0
141.44, 0, 0, 0.0096, -0.0096, 0, 0
141.94, 0, 0, 0.015825, -0.015825, 0, 0
142.42, 0, 0, -0.01725, 0.01725, 0, 0
142.92, 0, 0, -0.0075, 0.0075, 0, 0
143.4, 0, 0, 0.0207, -0.0207, 0, 0
143.88, 0, 0, -0.00255, 0.00255, 0, 0
144.36, 0, 0, -0.01965, 0.01965, 0, 0
144.84, 0, 0, 0.011475, -0.011475, 0, 0
145.3, 0, 0, 0.0141, -0.0141, 0, 0
145.78, 0, 0, -0.017925, 0.017925, 0, 0
146.24, 0, 0, -0.0054, 0.0054, 0, 0
146.72, 0, 0, 0.020475, -0.020475, 0, 0
147.18, 0, 0, -0.0045, 0.0045, 0, 0
147.64, 0, 0, -0.01815, 0.01815, 0, 0
148.1, 0, 0, 0.012825, -0.012825, 0, 0
148.56, 0, 0, 0.011775, -0.011775, 0, 0
149.02, 0, 0, -0.0186, 0.0186, 0, 0
149.48, 0, 0, -0.003525, 0.003525, 0, 0
149.92, 0, 0, 0.01995, -0.01995, 0, 0
150.38, 0, 0, -0.006, 0.006, 0, 0
150.82, 0, 0, -0.017025, 0.017025, 0, 0
151.26, 0, 0, 0.01365, -0.01365, 0, 0
151.72, 0, 0, 0.0105, -0.0105, 0, 0
152.16, 0, 0, -0.018675, 0.018675, 0, 0
152.58, 0, 0, -0.00255, 0.00255, 0, 0
153.02, 0, 0, 0.0195, -0.0195, 0, 0
153.46, 0, 0, -0.006375, 0.006375, 0, 0
153.88, 0, 0, -0.0165, 0.0165, 0, 0
154.32, 0, 0, 0.013875, -0.013875, 0, 0
154.74, 0, 0, 0.010425, -0.010425, 0, 0
155.16, 0, 0, -0.01815, 0.01815, 0, 0
155.6, 0, 0, -0.00255, 0.00255, 0, 0
156.02, 0, 0, 0.019125, -0.019125, 0, 0
156.44, 0, 0, -0.0057, 0.0057, 0, 0
156.84, 0, 0, -0.01665, 0.01665, 0, 0
157.26, 0, 0, 0.012675, -0.012675, 0, 0
157.68, 0, 0, 0.011025, -0.011025, 0, 0
158.08, 0, 0, -0.017325, 0.017325, 0, 0
158.5, 0, 0, -0.00405, 0.00405, 0, 0
158.9, 0, 0, 0.0189, -0.0189, 0, 0
159.32, 0, 0, -0.0039, 0.0039, 0, 0
159.72, 0, 0, -0.017325, 0.017325, 0, 0
160.12, 0, 0, 0.0105, -0.0105, 0, 0
160.52, 0, 0, 0.01305, -0.01305, 0, 0
160.9, 0, 0, -0.015375, 0.015375, 0, 0
161.3, 0, 0, -0.006975, 0.006975, 0, 0
161.7, 0, 0, 0.01815, -0.01815, 0, 0
162.08, 0, 0, 0.000825, -0.000825, 0, 0
162.48, 0, 0, -0.018225, 0.018225, 0, 0
162.86, 0, 0, 0.00585, -0.00585, 0, 0
163.24, 0, 0, 0.016125, -0.016125, 0, 0
163.62, 0, 0, -0.01155, 0.01155, 0, 0
164, 0, 0, -0.01185, 0.01185, 0, 0
164.38, 0, 0, 0.0156, -0.0156, 0, 0
164.76, 0, 0, 0.006825, -0.006825, 0, 0
165.14, 0, 0, -0.017775, 0.017775, 0, 0
165.52, 0, 0, -0.00075, 0.00075, 0, 0
165.88, 0, 0, 0.018, -0.018, 0, 0
166.26, 0, 0, -0.005175, 0.005175, 0, 0
166.62, 0, 0, -0.016275, 0.016275, 0, 0
166.98, 0, 0, 0.009675, -0.009675, 0, 0
167.36, 0, 0, 0.01335, -0.01335, 0, 0
167.72, 0, 0, -0.01365, 0.01365, 0, 0
168.08, 0, 0, -0.009525, 0.009525, 0, 0
168.44, 0, 0, 0.016275, -0.016275, 0, 0
168.8, 0, 0, 0.004725, -0.004725, 0, 0
169.14, 0, 0, -0.01755, 0.01755, 0, 0
169.5, 0, 0, -0.000525, 0.000525, 0, 0
169.84, 0, 0, 0.01755, -0.01755, 0, 0
170.2, 0, 0, -0.00405, 0.00405, 0, 0
170.54, 0, 0, -0.01665, 0.01665, 0, 0
170.9, 0, 0, 0.008025, -0.008025, 0, 0
171.24, 0, 0, 0.014625, -0.014625, 0, 0
171.58, 0, 0, -0.01125, 0.01125, 0, 0
171.92, 0, 0, -0.012375, 0.012375, 0, 0
172.26, 0, 0, 0.013725, -0.013725, 0, 0
172.6, 0, 0, 0.00945, -0.00945, 0, 0
172.94, 0, 0, -0.015375, 0.015375, 0, 0
173.28, 0, 0, -0.006375, 0.006375, 0, 0
173.6, 0, 0, 0.016425, -0.016425, 0, 0
173.94, 0, 0, 0.003525, -0.003525, 0, 0
174.26, 0, 0, -0.0171, 0.0171, 0, 0
174.6, 0, 0, -0.0009, 0.0009, 0, 0
174.92, 0, 0, 0.017175, -0.017175, 0, 0
175.24, 0, 0, -0.001425, 0.001425, 0, 0
175.56, 0, 0, -0.0168, 0.0168, 0, 0
175.88, 0, 0, 0.0039, -0.0039, 0, 0
176.2, 0, 0, 0.016275, -0.016275, 0, 0
176.52, 0, 0, -0.006, 0.006, 0, 0
176.84, 0, 0, -0.015675, 0.015675, 0, 0
177.16, 0, 0, 0.007575, -0.007575, 0, 0
177.48, 0, 0, 0.01485, -0.01485, 0, 0
177.78, 0, 0, -0.0087, 0.0087, 0, 0
178.1, 0, 0, -0.014025, 0.014025, 0, 0
178.4, 0, 0, 0.00945, -0.00945, 0, 0
178.72, 0, 0, 0.01335, -0.01335, 0, 0
179.02, 0, 0, -0.010425, 0.010425, 0, 0
179.32, 0, 0, -0.0129, 0.0129, 0, 0
179.62, 0, 0, 0.01095, -0.01095, 0, 0
179.92, 0, 0, 0.012675, -0.012675, 0, 0
180.22, 0, 0, -0.011175, 0.011175, 0, 0
180.52, 0, 0, -0.012375, 0.012375, 0, 0
180.82, 0, 0, 0.0111, -0.0111, 0, 0
181.12, 0, 0, 0.0123, -0.0123, 0, 0
181.4, 0, 0, -0.011175, 0.011175, 0, 0
181.7, 0, 0, -0.012525, 0.012525, 0, 0
182, 0, 0, 0.010875, -0.010875, 0, 0
182.28, 0, 0, 0.0126, -0.0126, 0, 0
182.56, 0, 0, -0.010275, 0.010275, 0, 0
182.86, 0, 0, -0.012975, 0.012975, 0, 0
183.14, 0, 0, 0.0093, -0.0093, 0, 0
183.42, 0, 0, 0.013575, -0.013575, 0, 0
183.7, 0, 0, -0.0084, 0.0084, 0, 0
183.98, 0, 0, -0.014325, 0.014325, 0, 0
184.26, 0, 0, 0.007125, -0.007125, 0, 0
184.54, 0, 0, 0.014925, -0.014925, 0, 0
184.82, 0, 0, -0.00525, 0.00525, 0, 0
185.1, 0, 0, -0.015525, 0.015525, 0, 0
185.36, 0, 0, 0.0036, -0.0036, 0, 0
185.64, 0, 0, 0.015975, -0.015975, 0, 0
185.92, 0, 0, -0.001425, 0.001425, 0, 0
186.18, 0, 0, -0.016125, 0.016125, 0, 0
186.44, 0, 0, -0.001275, 0.001275, 0, 0
186.72, 0, 0, 0.015825, -0.015825, 0, 0
186.98, 0, 0, 0.00375, -0.00375, 0, 0
187.24, 0, 0, -0.01515, 0.01515, 0, 0
187.52, 0, 0, -0.0066, 0.0066, 0, 0
187.76, 0, 0, 0.013575, -0.013575, 0, 0
188.04, 0, 0, 0.0096, -0.0096, 0, 0
188.28, 0, 0, -0.0114, 0.0114, 0, 0
188.56, 0, 0, -0.012, 0.012, 0, 0
188.8, 0, 0, 0.008925, -0.008925, 0, 0
189.06, 0, 0, 0.0141, -0.0141, 0, 0
189.32, 0, 0, -0.00495, 0.00495, 0, 0
189.56, 0, 0, -0.015525, 0.015525, 0, 0
189.82, 0, 0, 0.00075, -0.00075, 0, 0
190.08, 0, 0, 0.01575, -0.01575, 0, 0
190.32, 0, 0, 0.0033, -0.0033, 0, 0
190.56, 0, 0, -0.014775, 0.014775, 0, 0
190.82, 0, 0, -0.007575, 0.007575, 0, 0
191.06, 0, 0, 0.012075, -0.012075, 0, 0
191.3, 0, 0, 0.01155, -0.01155, 0, 0
191.54, 0, 0, -0.008325, 0.008325, 0, 0
191.78, 0, 0, -0.01455, 0.01455, 0, 0
192.02, 0, 0, 0.00315, -0.00315, 0, 0
192.26, 0, 0, 0.0156, -0.0156, 0, 0
192.5, 0, 0, 0.00225, -0.00225, 0, 0
192.74, 0, 0, -0.014775, 0.014775, 0, 0
192.98, 0, 0, -0.007875, 0.007875, 0, 0
193.2, 0, 0, 0.011475, -0.011475, 0, 0
193.44, 0, 0, 0.01215, -0.01215, 0, 0
193.68, 0, 0, -0.0069, 0.0069, 0, 0
193.92, 0, 0, -0.015, 0.015, 0, 0
194.14, 0, 0, 0.00015, -0.00015, 0, 0
194.36, 0, 0, 0.01515, -0.01515, 0, 0
194.6, 0, 0, 0.006525, -0.006525, 0, 0
194.82, 0, 0, -0.01245, 0.01245, 0, 0
195.04, 0, 0, -0.011775, 0.011775, 0, 0
195.28, 0, 0, 0.0069, -0.0069, 0, 0
195.5, 0, 0, 0.014925, -0.014925, 0, 0
195.72, 0, 0, 0.00075, -0.00075, 0, 0
195.94, 0, 0, -0.0147, 0.0147, 0, 0
196.16, 0, 0, -0.0081, 0.0081, 0, 0
196.38, 0, 0, 0.0108, -0.0108, 0, 0
196.6, 0, 0, 0.013275, -0.013275, 0, 0
196.8, 0, 0, -0.003675, 0.003675, 0, 0
197.02, 0, 0, -0.015225, 0.015225, 0, 0
197.24, 0, 0, -0.004275, 0.004275, 0, 0
197.44, 0, 0, 0.012525, -0.012525, 0, 0
197.66, 0, 0, 0.011475, -0.011475, 0, 0
197.88, 0, 0, -0.005925, 0.005925, 0, 0
198.08, 0, 0, -0.015, 0.015, 0, 0
198.3, 0, 0, -0.002325, 0.002325, 0, 0
198.5, 0, 0, 0.013575, -0.013575, 0, 0
198.72, 0, 0, 0.01035, -0.01035, 0, 0
198.92, 0, 0, -0.00675, 0.00675, 0, 0
199.12, 0, 0, -0.01485, 0.01485, 0, 0
199.32, 0, 0, -0.00255, 0.00255, 0, 0
199.52, 0, 0, 0.013425, -0.013425, 0, 0
199.72, 0, 0, 0.0108, -0.0108, 0, 0
199.92, 0, 0, -0.0063, 0.0063, 0, 0
200.12, 0, 0, -0.014925, 0.014925, 0, 0
200.32, 0, 0, -0.003525, 0.003525, 0, 0
200.52, 0, 0, 0.0126, -0.0126, 0, 0
200.72, 0, 0, 0.01215, -0.01215, 0, 0
200.92, 0, 0, -0.00435, 0.00435, 0, 0
201.12, 0, 0, -0.01485, 0.01485, 0, 0
201.3, 0, 0, -0.006525, 0.006525, 0, 0
201.5, 0, 0, 0.010575, -0.010575, 0, 0
201.7, 0, 0, 0.013575, -0.013575, 0, 0
201.88, 0, 0, -7.5e-05, 7.5e-05, 0, 0
202.08, 0, 0, -0.013875, 0.013875, 0, 0
202.26, 0, 0, -0.0099, 0.0099, 0, 0
202.44, 0, 0, 0.00615, -0.00615, 0, 0
202.64, 0, 0, 0.014775, -0.014775, 0, 0
202.82, 0, 0, 0.005025, -0.005025, 0, 0
203, 0, 0, -0.010725, 0.010725, 0, 0
203.2, 0, 0, -0.013575, 0.013575, 0, 0
203.38, 0, 0, 0, 0, 0, 0
203.56, 0, 0, 0.013575, -0.013575, 0, 0
203.74, 0, 0, 0.01065, -0.01065, 0, 0
203.92, 0, 0, -0.0045, 0.0045, 0, 0
204.1, 0, 0, -0.014625, 0.014625, 0, 0
204.28, 0, 0, -0.0075, 0.0075, 0, 0
204.46, 0, 0, 0.0087, -0.0087, 0, 0
204.64, 0, 0, 0.0144, -0.0144, 0, 0
204.82, 0, 0, 0.003675, -0.003675, 0, 0
205, 0, 0, -0.011175, 0.011175, 0, 0
205.16, 0, 0, -0.013275, 0.013275, 0, 0
205.34, 0, 0, -0.0009, 0.0009, 0, 0
205.52, 0, 0, 0.012825, -0.012825, 0, 0
205.68, 0, 0, 0.012225, -0.012225, 0, 0
205.86, 0, 0, -0.0021, 0.0021, 0, 0
206.02, 0, 0, -0.013725, 0.013725, 0, 0
206.2, 0, 0, -0.010725, 0.010725, 0, 0
206.36, 0, 0, 0.00375, -0.00375, 0, 0
206.52, 0, 0, 0.014175, -0.014175, 0, 0
206.7, 0, 0, 0.009375, -0.009375, 0, 0
206.86, 0, 0, -0.005475, 0.005475, 0, 0
207.04, 0, 0, -0.0144, 0.0144, 0, 0
207.2, 0, 0, -0.008475, 0.008475, 0, 0
207.36, 0, 0, 0.0066, -0.0066, 0, 0
207.52, 0, 0, 0.0144, -0.0144, 0, 0
208, 0, 0, 0, 0, 0, 0
209, 0, 0, 0, 0, 0, 0
210, 0, 0, 0, 0, 0, 0
ENDTABLE


#EMBEDDED_NOTES
#This dataset was provided in versions before 8.2. It is replaced with a combination of two 1D tables.
#END_EMBEDDED_NOTES

LOG_ENTRY Used Dataset: Road: Off-Center Elevation Map, S-L Grid; { Sine Sweep } Cross-slope Sine Sweep (Legacy)
#Library : Road: Off-Center Elevation Map, S-L Grid
#DataSet : Cross-slope Sine Sweep (Legacy)
#Category: Sine Sweep
#FileID  : RdMapZ_4ec4d11e-4395-405f-a177-94e6b341b196
#Product : TruckSim 2020.1
#VehCode dZ via S-L Grid

END
