PARSFILE
#FullDataName Road: Off-Center Elevation Map, S-L Grid`Bounce Road Edges`Ride
#CheckBox0 0    

SET_IROAD_DZ_FOR_ID 0
ROAD_N_DZ = ROAD_N_DZ + 1 ! increment count for the road
IDZ_ROAD = ROAD_N_DZ ! set index for the new ID
RD_DZ_ID = ROAD_DZ_ID ! Specify the user ID
set_description RD_DZ_ID ROAD_DZ_ID for: Bounce Road Edges
set_description ROAD_DZ_ID Bounce Road Edges
#RingCtrl0 SPLINE_FLAT
#RingCtrl1 LINEAR_FLAT
#RingCtrl2 MULTIPLY
ROAD_DZ_COMBINE MULTIPLY
#RingCtrl3 1
#RadioCtrl0 0    
#RadioCtrl1 0    

#DiagramOne0
ROAD_DZ_TABLE SPLINE_FLAT
0, 0
1.2, 0.0023
2.4, 0.00645
3.58, 0.0118
4.76, 0.0181
5.92, 0.0252
7.1, 0.03295
8.26, 0.04125
9.4, 0.04995
10.56, 0.05895
11.7, 0.068
12.84, 0.07685
13.98, 0.0852
15.1, 0.0926
16.22, 0.0985
17.34, 0.10245
18.46, 0.10375
19.56, 0.1018
20.66, 0.0961
21.76, 0.08615
22.84, 0.07195
23.92, 0.0537
25, 0.03205
26.08, 0.0084
27.14, -0.0153
28.2, -0.0369
29.26, -0.05365
30.32, -0.06315
31.36, -0.0635
32.4, -0.0541
33.44, -0.03565
34.46, -0.0111
35.48, 0.01505
36.5, 0.0373
37.52, 0.05055
38.52, 0.05095
39.54, 0.03765
40.54, 0.01395
41.52, -0.0134
42.52, -0.03605
43.5, -0.0458
44.48, -0.03865
45.46, -0.01705
46.44, 0.0113
47.4, 0.03405
48.36, 0.04125
49.32, 0.0289
50.26, 0.0025
51.2, -0.02465
52.16, -0.03805
53.08, -0.0298
54.02, -0.00415
54.94, 0.02335
55.88, 0.03575
56.8, 0.02425
57.7, -0.00355
58.6, -0.0283
59.52, -0.032
60.42, -0.0114
61.32, 0.0178
62.2, 0.0321
63.08, 0.01945
63.98, -0.00985
64.84, -0.02975
65.72, -0.0223
66.6, 0.00575
67.46, 0.0279
68.32, 0.02215
69.18, -0.00595
70.02, -0.0274
70.88, -0.01955
71.72, 0.00955
72.56, 0.02745
73.4, 0.0139
74.22, -0.0156
75.04, -0.0261
75.88, -0.00485
76.68, 0.022
77.5, 0.02075
78.32, -0.00735
79.12, -0.02525
79.92, -0.00925
80.72, 0.0189
81.52, 0.0206
82.32, -0.0068
83.1, -0.02405
83.88, -0.0062
84.66, 0.02045
85.44, 0.0162
86.2, -0.01245
86.96, -0.0216
87.74, 0.0033
88.48, 0.02255
89.24, 0.0055
90, -0.02025
90.74, -0.01245
91.48, 0.0159
92.24, 0.01695
92.96, -0.01095
93.7, -0.01955
94.44, 0.0061
95.16, 0.02065
95.88, -0.0018
96.6, -0.0207
97.32, -0.0018
98.02, 0.02015
98.74, 0.00425
99.44, -0.0194
100.14, -0.00595
100.84, 0.0187
101.54, 0.00705
102.22, -0.01805
102.92, -0.0076
103.6, 0.01765
104.28, 0.0077
104.96, -0.0176
105.62, -0.00705
106.3, 0.01765
106.96, 0.006
107.62, -0.01785
108.28, -0.0042
108.94, 0.01805
109.6, 0.0024
110.24, -0.0181
110.9, 0.0004
111.54, 0.01785
112.18, -0.00305
112.82, -0.0171
113.44, 0.0062
114.08, 0.0157
114.72, -0.00955
115.34, -0.01335
115.96, 0.0123
116.58, 0.01025
117.2, -0.0149
117.8, -0.0065
118.4, 0.01635
119.02, 0.0019
119.62, -0.0167
120.22, 0.00325
120.82, 0.0156
121.42, -0.0081
122, -0.01275
122.6, 0.01205
123.18, 0.0088
123.76, -0.0149
124.34, -0.00325
124.92, 0.016
125.5, -0.00265
126.06, -0.0149
126.64, 0.0081
127.2, 0.0116
127.76, -0.01255
128.32, -0.00665
128.88, 0.0151
129.44, 0.00045
129.98, -0.01515
130.52, 0.0056
131.08, 0.0125
131.62, -0.01115
132.16, -0.0078
132.7, 0.01425
133.24, 0.0016
133.76, -0.01485
134.3, 0.00505
134.82, 0.01245
135.36, -0.01075
135.88, -0.0075
136.4, 0.014
136.9, 0.00125
137.42, -0.01435
137.94, 0.0057
138.44, 0.01175
138.94, -0.0108
139.44, -0.0067
139.96, 0.0139
140.46, -0.0002
140.96, -0.01375
141.44, 0.0064
141.94, 0.01055
142.42, -0.0115
142.92, -0.005
143.4, 0.0138
143.88, -0.0017
144.36, -0.0131
144.84, 0.00765
145.3, 0.0094
145.78, -0.01195
146.24, -0.0036
146.72, 0.01365
147.18, -0.003
147.64, -0.0121
148.1, 0.00855
148.56, 0.00785
149.02, -0.0124
149.48, -0.00235
149.92, 0.0133
150.38, -0.004
150.82, -0.01135
151.26, 0.0091
151.72, 0.007
152.16, -0.01245
152.58, -0.0017
153.02, 0.013
153.46, -0.00425
153.88, -0.011
154.32, 0.00925
154.74, 0.00695
155.16, -0.0121
155.6, -0.0017
156.02, 0.01275
156.44, -0.0038
156.84, -0.0111
157.26, 0.00845
157.68, 0.00735
158.08, -0.01155
158.5, -0.0027
158.9, 0.0126
159.32, -0.0026
159.72, -0.01155
160.12, 0.007
160.52, 0.0087
160.9, -0.01025
161.3, -0.00465
161.7, 0.0121
162.08, 0.00055
162.48, -0.01215
162.86, 0.0039
163.24, 0.01075
163.62, -0.0077
164, -0.0079
164.38, 0.0104
164.76, 0.00455
165.14, -0.01185
165.52, -0.0005
165.88, 0.012
166.26, -0.00345
166.62, -0.01085
166.98, 0.00645
167.36, 0.0089
167.72, -0.0091
168.08, -0.00635
168.44, 0.01085
168.8, 0.00315
169.14, -0.0117
169.5, -0.00035
169.84, 0.0117
170.2, -0.0027
170.54, -0.0111
170.9, 0.00535
171.24, 0.00975
171.58, -0.0075
171.92, -0.00825
172.26, 0.00915
172.6, 0.0063
172.94, -0.01025
173.28, -0.00425
173.6, 0.01095
173.94, 0.00235
174.26, -0.0114
174.6, -0.0006
174.92, 0.01145
175.24, -0.00095
175.56, -0.0112
175.88, 0.0026
176.2, 0.01085
176.52, -0.004
176.84, -0.01045
177.16, 0.00505
177.48, 0.0099
177.78, -0.0058
178.1, -0.00935
178.4, 0.0063
178.72, 0.0089
179.02, -0.00695
179.32, -0.0086
179.62, 0.0073
179.92, 0.00845
180.22, -0.00745
180.52, -0.00825
180.82, 0.0074
181.12, 0.0082
181.4, -0.00745
181.7, -0.00835
182, 0.00725
182.28, 0.0084
182.56, -0.00685
182.86, -0.00865
183.14, 0.0062
183.42, 0.00905
183.7, -0.0056
183.98, -0.00955
184.26, 0.00475
184.54, 0.00995
184.82, -0.0035
185.1, -0.01035
185.36, 0.0024
185.64, 0.01065
185.92, -0.00095
186.18, -0.01075
186.44, -0.00085
186.72, 0.01055
186.98, 0.0025
187.24, -0.0101
187.52, -0.0044
187.76, 0.00905
188.04, 0.0064
188.28, -0.0076
188.56, -0.008
188.8, 0.00595
189.06, 0.0094
189.32, -0.0033
189.56, -0.01035
189.82, 0.0005
190.08, 0.0105
190.32, 0.0022
190.56, -0.00985
190.82, -0.00505
191.06, 0.00805
191.3, 0.0077
191.54, -0.00555
191.78, -0.0097
192.02, 0.0021
192.26, 0.0104
192.5, 0.0015
192.74, -0.00985
192.98, -0.00525
193.2, 0.00765
193.44, 0.0081
193.68, -0.0046
193.92, -0.01
194.14, 0.0001
194.36, 0.0101
194.6, 0.00435
194.82, -0.0083
195.04, -0.00785
195.28, 0.0046
195.5, 0.00995
195.72, 0.0005
195.94, -0.0098
196.16, -0.0054
196.38, 0.0072
196.6, 0.00885
196.8, -0.00245
197.02, -0.01015
197.24, -0.00285
197.44, 0.00835
197.66, 0.00765
197.88, -0.00395
198.08, -0.01
198.3, -0.00155
198.5, 0.00905
198.72, 0.0069
198.92, -0.0045
199.12, -0.0099
199.32, -0.0017
199.52, 0.00895
199.72, 0.0072
199.92, -0.0042
200.12, -0.00995
200.32, -0.00235
200.52, 0.0084
200.72, 0.0081
200.92, -0.0029
201.12, -0.0099
201.3, -0.00435
201.5, 0.00705
201.7, 0.00905
201.88, -5e-05
202.08, -0.00925
202.26, -0.0066
202.44, 0.0041
202.64, 0.00985
202.82, 0.00335
203, -0.00715
203.2, -0.00905
203.38, 0
203.56, 0.00905
203.74, 0.0071
203.92, -0.003
204.1, -0.00975
204.28, -0.005
204.46, 0.0058
204.64, 0.0096
204.82, 0.00245
205, -0.00745
205.16, -0.00885
205.34, -0.0006
205.52, 0.00855
205.68, 0.00815
205.86, -0.0014
206.02, -0.00915
206.2, -0.00715
206.36, 0.0025
206.52, 0.00945
206.7, 0.00625
206.86, -0.00365
207.04, -0.0096
207.2, -0.00565
207.36, 0.0044
207.52, 0.0096
208, 0
209, 0
210, 0
ENDTABLE
#DiagramOne1
ROAD_DZ_L_TABLE LINEAR_FLAT
-2.5, 0
-2, 1
2, 1
2.5, 0
ENDTABLE
*SCALAR 0

LOG_ENTRY Used Dataset: Road: Off-Center Elevation Map, S-L Grid; { Ride } Bounce Road Edges
#Library : Road: Off-Center Elevation Map, S-L Grid
#DataSet : Bounce Road Edges
#Category: Ride
#FileID  : RdMapZ_cf9a0993-2cbf-41e3-a9d0-743b40ada296
#Product : TruckSim 2020.1
#VehCode dZ via S-L Grid

END
