PARSFILE
#FullDataName Road: Off-Center Elevation Map, S-L Grid`Large Smooth Bump`Bumps
#CheckBox0 0    

SET_IROAD_DZ_FOR_ID 0
ROAD_N_DZ = ROAD_N_DZ + 1 ! increment count for the road
IDZ_ROAD = ROAD_N_DZ ! set index for the new ID
RD_DZ_ID = ROAD_DZ_ID ! Specify the user ID
set_description RD_DZ_ID ROAD_DZ_ID for: Large Smooth Bump
set_description ROAD_DZ_ID Large Smooth Bump
#RingCtrl0 CARPET
#RingCtrl3 1
#RadioCtrl0 0    
#RadioCtrl1 0    

*3D_XLabel Lateral coordinate (m)
*3D_YLabel Station (m)
*3D_ZLabel Incremental elevation (m)

#DiagramTwo0
*3D_DATA 6, 52 ! columns x rows
ROAD_DZ_CARPET 2D_LINEAR
0, -10, -4.2, -3.5, 3.5, 4.2, 10
0, -0.4, -0.4, 0, 0, -0.4, -0.4
15.625, -0.4, -0.4, 0, 0, -0.4, -0.4
15.78125, -0.4, -0.4, 0.0070221, 0.0070221, -0.4, -0.4
15.9375, -0.4, -0.4, 0.02797884, 0.02797884, -0.4, -0.4
16.09375, -0.4, -0.4, 0.0625434, 0.0625434, -0.4, -0.4
16.25, -0.4, -0.4, 0.1101756, 0.1101756, -0.4, -0.4
16.40625, -0.4, -0.4, 0.170133, 0.170133, -0.4, -0.4
16.5625, -0.4, -0.4, 0.2414802, 0.2414802, -0.4, -0.4
16.71875, -0.4, -0.4, 0.323103, 0.323103, -0.4, -0.4
16.875, -0.4, -0.4, 0.4137282, 0.4137282, -0.4, -0.4
17.03125, -0.4, -0.4, 0.511941, 0.511941, -0.4, -0.4
17.1875, -0.4, -0.4, 0.616212, 0.616212, -0.4, -0.4
17.34375, -0.4, -0.4, 0.724908, 0.724908, -0.4, -0.4
17.5, -0.4, -0.4, 0.836334, 0.836334, -0.4, -0.4
17.65625, -0.4, -0.4, 0.948762, 0.948762, -0.4, -0.4
17.8125, -0.4, -0.4, 1.060422, 1.060422, -0.4, -0.4
17.96875, -0.4, -0.4, 1.16958, 1.16958, -0.4, -0.4
18.125, -0.4, -0.4, 1.274532, 1.274532, -0.4, -0.4
18.28125, -0.4, -0.4, 1.37364, 1.37364, -0.4, -0.4
18.4375, -0.4, -0.4, 1.465356, 1.465356, -0.4, -0.4
18.59375, -0.4, -0.4, 1.548252, 1.548252, -0.4, -0.4
18.75, -0.4, -0.4, 1.621032, 1.621032, -0.4, -0.4
18.90625, -0.4, -0.4, 1.682556, 1.682556, -0.4, -0.4
19.0625, -0.4, -0.4, 1.73187, 1.73187, -0.4, -0.4
19.21875, -0.4, -0.4, 1.768206, 1.768206, -0.4, -0.4
19.375, -0.4, -0.4, 1.790994, 1.790994, -0.4, -0.4
19.53125, -0.4, -0.4, 1.799874, 1.799874, -0.4, -0.4
19.6875, -0.4, -0.4, 1.8, 1.8, -0.4, -0.4
19.84375, -0.4, -0.4, 1.8, 1.8, -0.4, -0.4
20, -0.4, -0.4, 1.8, 1.8, -0.4, -0.4
20.15625, -0.4, -0.4, 1.8, 1.8, -0.4, -0.4
20.3125, -0.4, -0.4, 1.8, 1.8, -0.4, -0.4
20.8125, -0.4, -0.4, 1.784225982, 1.784225982, -0.4, -0.4
21.3125, -0.4, -0.4, 1.73745686, 1.73745686, -0.4, -0.4
21.8125, -0.4, -0.4, 1.661332049, 1.661332049, -0.4, -0.4
22.3125, -0.4, -0.4, 1.558519982, 1.558519982, -0.4, -0.4
22.8125, -0.4, -0.4, 1.432624568, 1.432624568, -0.4, -0.4
23.3125, -0.4, -0.4, 1.288058865, 1.288058865, -0.4, -0.4
23.8125, -0.4, -0.4, 1.12989039, 1.12989039, -0.4, -0.4
24.3125, -0.4, -0.4, 0.963663482, 0.963663482, -0.4, -0.4
24.8125, -0.4, -0.4, 0.795204953, 0.795204953, -0.4, -0.4
25.3125, -0.4, -0.4, 0.630419844, 0.630419844, -0.4, -0.4
25.8125, -0.4, -0.4, 0.47508443, 0.47508443, -0.4, -0.4
26.3125, -0.4, -0.4, 0.33464374, 0.33464374, -0.4, -0.4
26.8125, -0.4, -0.4, 0.214020694, 0.214020694, -0.4, -0.4
27.3125, -0.4, -0.4, 0.117443537, 0.117443537, -0.4, -0.4
27.8125, -0.4, -0.4, 0.048297624, 0.048297624, -0.4, -0.4
28.3125, -0.4, -0.4, 0.009006753, 0.009006753, -0.4, -0.4
28.8125, -0.4, -0.4, 0.000948201, 0.000948201, -0.4, -0.4
38, -0.4, -0.4, 0, 0, -0.4, -0.4
39, -0.4, -0.4, 0, 0, -0.4, -0.4
40, -0.4, -0.4, 0, 0, -0.4, -0.4
ENDTABLE


LOG_ENTRY Used Dataset: Road: Off-Center Elevation Map, S-L Grid; { Bumps } Large Smooth Bump
#Library : Road: Off-Center Elevation Map, S-L Grid
#DataSet : Large Smooth Bump
#Category: Bumps
#FileID  : RdMapZ_b227b95c-3507-48a6-b1dd-4348cfb97fce
#Product : TruckSim 2020.1
#VehCode dZ via S-L Grid

END
