PARSFILE
#FullDataName Road: Off-Center Elevation Map, S-L Grid`Small Bumps Smoothed`Bumps
#CheckBox0 0    

SET_IROAD_DZ_FOR_ID 0
ROAD_N_DZ = ROAD_N_DZ + 1 ! increment count for the road
IDZ_ROAD = ROAD_N_DZ ! set index for the new ID
RD_DZ_ID = ROAD_DZ_ID ! Specify the user ID
set_description RD_DZ_ID ROAD_DZ_ID for: Small Bumps Smoothed
set_description ROAD_DZ_ID Small Bumps Smoothed
#RingCtrl0 CARPET
#RingCtrl3 1
#RadioCtrl0 0    
#RadioCtrl1 0    

*3D_XLabel Lateral coordinate (m)
*3D_YLabel Station (m)
*3D_ZLabel Incremental elevation (m)

#DiagramTwo0
*3D_DATA 6, 213 ! columns x rows
ROAD_DZ_CARPET 2D_LINEAR
0, -10, -4.2, -3.5, 3.5, 4.2, 10
0, -0.4, -0.4, 0, 0, -0.4, -0.4
10, -0.4, -0.4, 0, 0, -0.4, -0.4
10.1, -0.4, -0.4, 0.00117035, 0.00117035, -0.4, -0.4
10.2, -0.4, -0.4, 0.00466314, 0.00466314, -0.4, -0.4
10.3, -0.4, -0.4, 0.0104239, 0.0104239, -0.4, -0.4
10.4, -0.4, -0.4, 0.0183626, 0.0183626, -0.4, -0.4
10.5, -0.4, -0.4, 0.0283555, 0.0283555, -0.4, -0.4
10.6, -0.4, -0.4, 0.0402467, 0.0402467, -0.4, -0.4
10.7, -0.4, -0.4, 0.0538505, 0.0538505, -0.4, -0.4
10.8, -0.4, -0.4, 0.0689547, 0.0689547, -0.4, -0.4
10.9, -0.4, -0.4, 0.0853235, 0.0853235, -0.4, -0.4
11, -0.4, -0.4, 0.102702, 0.102702, -0.4, -0.4
11.1, -0.4, -0.4, 0.120818, 0.120818, -0.4, -0.4
11.2, -0.4, -0.4, 0.139389, 0.139389, -0.4, -0.4
11.3, -0.4, -0.4, 0.158127, 0.158127, -0.4, -0.4
11.4, -0.4, -0.4, 0.176737, 0.176737, -0.4, -0.4
11.5, -0.4, -0.4, 0.19493, 0.19493, -0.4, -0.4
11.6, -0.4, -0.4, 0.212422, 0.212422, -0.4, -0.4
11.7, -0.4, -0.4, 0.22894, 0.22894, -0.4, -0.4
11.8, -0.4, -0.4, 0.244226, 0.244226, -0.4, -0.4
11.9, -0.4, -0.4, 0.258042, 0.258042, -0.4, -0.4
12, -0.4, -0.4, 0.270172, 0.270172, -0.4, -0.4
12.1, -0.4, -0.4, 0.280426, 0.280426, -0.4, -0.4
12.2, -0.4, -0.4, 0.288645, 0.288645, -0.4, -0.4
12.3, -0.4, -0.4, 0.294701, 0.294701, -0.4, -0.4
12.4, -0.4, -0.4, 0.298499, 0.298499, -0.4, -0.4
12.5, -0.4, -0.4, 0.299979, 0.299979, -0.4, -0.4
12.6, -0.4, -0.4, 0.299119, 0.299119, -0.4, -0.4
12.7, -0.4, -0.4, 0.295933, 0.295933, -0.4, -0.4
12.8, -0.4, -0.4, 0.290469, 0.290469, -0.4, -0.4
12.9, -0.4, -0.4, 0.282812, 0.282812, -0.4, -0.4
13, -0.4, -0.4, 0.273084, 0.273084, -0.4, -0.4
13.1, -0.4, -0.4, 0.261435, 0.261435, -0.4, -0.4
13.2, -0.4, -0.4, 0.248047, 0.248047, -0.4, -0.4
13.3, -0.4, -0.4, 0.233128, 0.233128, -0.4, -0.4
13.4, -0.4, -0.4, 0.216913, 0.216913, -0.4, -0.4
13.5, -0.4, -0.4, 0.199654, 0.199654, -0.4, -0.4
13.6, -0.4, -0.4, 0.181619, 0.181619, -0.4, -0.4
13.7, -0.4, -0.4, 0.163092, 0.163092, -0.4, -0.4
13.8, -0.4, -0.4, 0.14436, 0.14436, -0.4, -0.4
13.9, -0.4, -0.4, 0.125716, 0.125716, -0.4, -0.4
14, -0.4, -0.4, 0.107451, 0.107451, -0.4, -0.4
14.1, -0.4, -0.4, 0.0898496, 0.0898496, -0.4, -0.4
14.2, -0.4, -0.4, 0.0731872, 0.0731872, -0.4, -0.4
14.3, -0.4, -0.4, 0.0577234, 0.0577234, -0.4, -0.4
14.4, -0.4, -0.4, 0.0436995, 0.0436995, -0.4, -0.4
14.5, -0.4, -0.4, 0.0313345, 0.0313345, -0.4, -0.4
14.6, -0.4, -0.4, 0.0208211, 0.0208211, -0.4, -0.4
14.7, -0.4, -0.4, 0.0123236, 0.0123236, -0.4, -0.4
14.8, -0.4, -0.4, 0.00597446, 0.00597446, -0.4, -0.4
14.9, -0.4, -0.4, 0.00187278, 0.00187278, -0.4, -0.4
15, -0.4, -0.4, 8.25873e-05, 8.25873e-05, -0.4, -0.4
15.1, -0.4, -0.4, 0, 0, -0.4, -0.4
29.9, -0.4, -0.4, 0, 0, -0.4, -0.4
30, -0.4, -0.4, 0, 0, -0.4, -0.4
30.1, -0.4, -0.4, 0.00117035, 0.00117035, -0.4, -0.4
30.2, -0.4, -0.4, 0.00466314, 0.00466314, -0.4, -0.4
30.3, -0.4, -0.4, 0.0104239, 0.0104239, -0.4, -0.4
30.4, -0.4, -0.4, 0.0183626, 0.0183626, -0.4, -0.4
30.5, -0.4, -0.4, 0.0283555, 0.0283555, -0.4, -0.4
30.6, -0.4, -0.4, 0.0402467, 0.0402467, -0.4, -0.4
30.7, -0.4, -0.4, 0.0538505, 0.0538505, -0.4, -0.4
30.8, -0.4, -0.4, 0.0689547, 0.0689547, -0.4, -0.4
30.9, -0.4, -0.4, 0.0853235, 0.0853235, -0.4, -0.4
31, -0.4, -0.4, 0.102702, 0.102702, -0.4, -0.4
31.1, -0.4, -0.4, 0.120818, 0.120818, -0.4, -0.4
31.2, -0.4, -0.4, 0.139389, 0.139389, -0.4, -0.4
31.3, -0.4, -0.4, 0.158127, 0.158127, -0.4, -0.4
31.4, -0.4, -0.4, 0.176737, 0.176737, -0.4, -0.4
31.5, -0.4, -0.4, 0.19493, 0.19493, -0.4, -0.4
31.6, -0.4, -0.4, 0.212422, 0.212422, -0.4, -0.4
31.7, -0.4, -0.4, 0.22894, 0.22894, -0.4, -0.4
31.8, -0.4, -0.4, 0.244226, 0.244226, -0.4, -0.4
31.9, -0.4, -0.4, 0.258042, 0.258042, -0.4, -0.4
32, -0.4, -0.4, 0.270172, 0.270172, -0.4, -0.4
32.1, -0.4, -0.4, 0.280426, 0.280426, -0.4, -0.4
32.2, -0.4, -0.4, 0.288645, 0.288645, -0.4, -0.4
32.3, -0.4, -0.4, 0.294701, 0.294701, -0.4, -0.4
32.4, -0.4, -0.4, 0.298499, 0.298499, -0.4, -0.4
32.5, -0.4, -0.4, 0.299979, 0.299979, -0.4, -0.4
32.6, -0.4, -0.4, 0.299119, 0.299119, -0.4, -0.4
32.7, -0.4, -0.4, 0.295933, 0.295933, -0.4, -0.4
32.8, -0.4, -0.4, 0.290469, 0.290469, -0.4, -0.4
32.9, -0.4, -0.4, 0.282812, 0.282812, -0.4, -0.4
33, -0.4, -0.4, 0.273084, 0.273084, -0.4, -0.4
33.1, -0.4, -0.4, 0.261435, 0.261435, -0.4, -0.4
33.2, -0.4, -0.4, 0.248047, 0.248047, -0.4, -0.4
33.3, -0.4, -0.4, 0.233128, 0.233128, -0.4, -0.4
33.4, -0.4, -0.4, 0.216913, 0.216913, -0.4, -0.4
33.5, -0.4, -0.4, 0.199654, 0.199654, -0.4, -0.4
33.6, -0.4, -0.4, 0.181619, 0.181619, -0.4, -0.4
33.7, -0.4, -0.4, 0.163092, 0.163092, -0.4, -0.4
33.8, -0.4, -0.4, 0.14436, 0.14436, -0.4, -0.4
33.9, -0.4, -0.4, 0.125716, 0.125716, -0.4, -0.4
34, -0.4, -0.4, 0.107451, 0.107451, -0.4, -0.4
34.1, -0.4, -0.4, 0.0898496, 0.0898496, -0.4, -0.4
34.2, -0.4, -0.4, 0.0731872, 0.0731872, -0.4, -0.4
34.3, -0.4, -0.4, 0.0577234, 0.0577234, -0.4, -0.4
34.4, -0.4, -0.4, 0.0436995, 0.0436995, -0.4, -0.4
34.5, -0.4, -0.4, 0.0313345, 0.0313345, -0.4, -0.4
34.6, -0.4, -0.4, 0.0208211, 0.0208211, -0.4, -0.4
34.7, -0.4, -0.4, 0.0123236, 0.0123236, -0.4, -0.4
34.8, -0.4, -0.4, 0.00597446, 0.00597446, -0.4, -0.4
34.9, -0.4, -0.4, 0.00187278, 0.00187278, -0.4, -0.4
35, -0.4, -0.4, 8.25873e-05, 8.25873e-05, -0.4, -0.4
35.1, -0.4, -0.4, 0, 0, -0.4, -0.4
89.9, -0.4, -0.4, 0, 0, -0.4, -0.4
90, -0.4, -0.4, 0, 0, -0.4, -0.4
90.1, -0.4, -0.4, 0.00117035, 0.00117035, -0.4, -0.4
90.2, -0.4, -0.4, 0.00466314, 0.00466314, -0.4, -0.4
90.3, -0.4, -0.4, 0.0104239, 0.0104239, -0.4, -0.4
90.4, -0.4, -0.4, 0.0183626, 0.0183626, -0.4, -0.4
90.5, -0.4, -0.4, 0.0283555, 0.0283555, -0.4, -0.4
90.6, -0.4, -0.4, 0.0402467, 0.0402467, -0.4, -0.4
90.7, -0.4, -0.4, 0.0538505, 0.0538505, -0.4, -0.4
90.8, -0.4, -0.4, 0.0689547, 0.0689547, -0.4, -0.4
90.9, -0.4, -0.4, 0.0853235, 0.0853235, -0.4, -0.4
91, -0.4, -0.4, 0.102702, 0.102702, -0.4, -0.4
91.1, -0.4, -0.4, 0.120818, 0.120818, -0.4, -0.4
91.2, -0.4, -0.4, 0.139389, 0.139389, -0.4, -0.4
91.3, -0.4, -0.4, 0.158127, 0.158127, -0.4, -0.4
91.4, -0.4, -0.4, 0.176737, 0.176737, -0.4, -0.4
91.5, -0.4, -0.4, 0.19493, 0.19493, -0.4, -0.4
91.6, -0.4, -0.4, 0.212422, 0.212422, -0.4, -0.4
91.7, -0.4, -0.4, 0.22894, 0.22894, -0.4, -0.4
91.8, -0.4, -0.4, 0.244226, 0.244226, -0.4, -0.4
91.9, -0.4, -0.4, 0.258042, 0.258042, -0.4, -0.4
92, -0.4, -0.4, 0.270172, 0.270172, -0.4, -0.4
92.1, -0.4, -0.4, 0.280426, 0.280426, -0.4, -0.4
92.2, -0.4, -0.4, 0.288645, 0.288645, -0.4, -0.4
92.3, -0.4, -0.4, 0.294701, 0.294701, -0.4, -0.4
92.4, -0.4, -0.4, 0.298499, 0.298499, -0.4, -0.4
92.5, -0.4, -0.4, 0.299979, 0.299979, -0.4, -0.4
92.6, -0.4, -0.4, 0.299119, 0.299119, -0.4, -0.4
92.7, -0.4, -0.4, 0.295933, 0.295933, -0.4, -0.4
92.8, -0.4, -0.4, 0.290469, 0.290469, -0.4, -0.4
92.9, -0.4, -0.4, 0.282812, 0.282812, -0.4, -0.4
93, -0.4, -0.4, 0.273084, 0.273084, -0.4, -0.4
93.1, -0.4, -0.4, 0.261435, 0.261435, -0.4, -0.4
93.2, -0.4, -0.4, 0.248047, 0.248047, -0.4, -0.4
93.3, -0.4, -0.4, 0.233128, 0.233128, -0.4, -0.4
93.4, -0.4, -0.4, 0.216913, 0.216913, -0.4, -0.4
93.5, -0.4, -0.4, 0.199654, 0.199654, -0.4, -0.4
93.6, -0.4, -0.4, 0.181619, 0.181619, -0.4, -0.4
93.7, -0.4, -0.4, 0.163092, 0.163092, -0.4, -0.4
93.8, -0.4, -0.4, 0.14436, 0.14436, -0.4, -0.4
93.9, -0.4, -0.4, 0.125716, 0.125716, -0.4, -0.4
94, -0.4, -0.4, 0.107451, 0.107451, -0.4, -0.4
94.1, -0.4, -0.4, 0.0898496, 0.0898496, -0.4, -0.4
94.2, -0.4, -0.4, 0.0731872, 0.0731872, -0.4, -0.4
94.3, -0.4, -0.4, 0.0577234, 0.0577234, -0.4, -0.4
94.4, -0.4, -0.4, 0.0436995, 0.0436995, -0.4, -0.4
94.5, -0.4, -0.4, 0.0313345, 0.0313345, -0.4, -0.4
94.6, -0.4, -0.4, 0.0208211, 0.0208211, -0.4, -0.4
94.7, -0.4, -0.4, 0.0123236, 0.0123236, -0.4, -0.4
94.8, -0.4, -0.4, 0.00597446, 0.00597446, -0.4, -0.4
94.9, -0.4, -0.4, 0.00187278, 0.00187278, -0.4, -0.4
95, -0.4, -0.4, 8.25873e-05, 8.25873e-05, -0.4, -0.4
95.1, -0.4, -0.4, 0, 0, -0.4, -0.4
95.2, -0.4, -0.4, 0, 0, -0.4, -0.4
97.9, -0.4, -0.4, 0, 0, -0.4, -0.4
98, -0.4, -0.4, 0.00117035, 0.00117035, -0.4, -0.4
98.1, -0.4, -0.4, 0.00466314, 0.00466314, -0.4, -0.4
98.2, -0.4, -0.4, 0.0104239, 0.0104239, -0.4, -0.4
98.3, -0.4, -0.4, 0.0183626, 0.0183626, -0.4, -0.4
98.4, -0.4, -0.4, 0.0283555, 0.0283555, -0.4, -0.4
98.5, -0.4, -0.4, 0.0402467, 0.0402467, -0.4, -0.4
98.6, -0.4, -0.4, 0.0538505, 0.0538505, -0.4, -0.4
98.7, -0.4, -0.4, 0.0689547, 0.0689547, -0.4, -0.4
98.8, -0.4, -0.4, 0.0853235, 0.0853235, -0.4, -0.4
98.9, -0.4, -0.4, 0.102702, 0.102702, -0.4, -0.4
99, -0.4, -0.4, 0.120818, 0.120818, -0.4, -0.4
99.1, -0.4, -0.4, 0.139389, 0.139389, -0.4, -0.4
99.2, -0.4, -0.4, 0.158127, 0.158127, -0.4, -0.4
99.3, -0.4, -0.4, 0.176737, 0.176737, -0.4, -0.4
99.4, -0.4, -0.4, 0.19493, 0.19493, -0.4, -0.4
99.5, -0.4, -0.4, 0.212422, 0.212422, -0.4, -0.4
99.6, -0.4, -0.4, 0.22894, 0.22894, -0.4, -0.4
99.7, -0.4, -0.4, 0.244226, 0.244226, -0.4, -0.4
99.8, -0.4, -0.4, 0.258042, 0.258042, -0.4, -0.4
99.9, -0.4, -0.4, 0.270172, 0.270172, -0.4, -0.4
100, -0.4, -0.4, 0.280426, 0.280426, -0.4, -0.4
100.1, -0.4, -0.4, 0.288645, 0.288645, -0.4, -0.4
100.2, -0.4, -0.4, 0.294701, 0.294701, -0.4, -0.4
100.3, -0.4, -0.4, 0.298499, 0.298499, -0.4, -0.4
100.4, -0.4, -0.4, 0.299979, 0.299979, -0.4, -0.4
100.5, -0.4, -0.4, 0.299119, 0.299119, -0.4, -0.4
100.6, -0.4, -0.4, 0.295933, 0.295933, -0.4, -0.4
100.7, -0.4, -0.4, 0.290469, 0.290469, -0.4, -0.4
100.8, -0.4, -0.4, 0.282812, 0.282812, -0.4, -0.4
100.9, -0.4, -0.4, 0.273084, 0.273084, -0.4, -0.4
101, -0.4, -0.4, 0.261435, 0.261435, -0.4, -0.4
101.1, -0.4, -0.4, 0.248047, 0.248047, -0.4, -0.4
101.2, -0.4, -0.4, 0.233128, 0.233128, -0.4, -0.4
101.3, -0.4, -0.4, 0.216913, 0.216913, -0.4, -0.4
101.4, -0.4, -0.4, 0.199654, 0.199654, -0.4, -0.4
101.5, -0.4, -0.4, 0.181619, 0.181619, -0.4, -0.4
101.6, -0.4, -0.4, 0.163092, 0.163092, -0.4, -0.4
101.7, -0.4, -0.4, 0.14436, 0.14436, -0.4, -0.4
101.8, -0.4, -0.4, 0.125716, 0.125716, -0.4, -0.4
101.9, -0.4, -0.4, 0.107451, 0.107451, -0.4, -0.4
102, -0.4, -0.4, 0.0898496, 0.0898496, -0.4, -0.4
102.1, -0.4, -0.4, 0.0731872, 0.0731872, -0.4, -0.4
102.2, -0.4, -0.4, 0.0577234, 0.0577234, -0.4, -0.4
102.3, -0.4, -0.4, 0.0436995, 0.0436995, -0.4, -0.4
102.4, -0.4, -0.4, 0.0313345, 0.0313345, -0.4, -0.4
102.5, -0.4, -0.4, 0.0208211, 0.0208211, -0.4, -0.4
102.6, -0.4, -0.4, 0.0123236, 0.0123236, -0.4, -0.4
102.7, -0.4, -0.4, 0.00597446, 0.00597446, -0.4, -0.4
102.8, -0.4, -0.4, 0.00187278, 0.00187278, -0.4, -0.4
102.9, -0.4, -0.4, 8.25873e-05, 8.25873e-05, -0.4, -0.4
103, -0.4, -0.4, 0, 0, -0.4, -0.4
200, -0.4, -0.4, 0, 0, -0.4, -0.4
ENDTABLE


LOG_ENTRY Used Dataset: Road: Off-Center Elevation Map, S-L Grid; { Bumps } Small Bumps Smoothed
#Library : Road: Off-Center Elevation Map, S-L Grid
#DataSet : Small Bumps Smoothed
#Category: Bumps
#FileID  : RdMapZ_78582304-c272-467e-890e-48b436b1a8c9
#Product : TruckSim 2020.1
#VehCode dZ via S-L Grid

END
