PARSFILE
#FullDataName Road: Off-Center Elevation Map, S-L Grid`Small Hills for DS Loop, S 175 to 860`Off-road Terrain
#CheckBox0 0    

SET_IROAD_DZ_FOR_ID 0
ROAD_N_DZ = ROAD_N_DZ + 1 ! increment count for the road
IDZ_ROAD = ROAD_N_DZ ! set index for the new ID
RD_DZ_ID = ROAD_DZ_ID ! Specify the user ID
set_description RD_DZ_ID ROAD_DZ_ID for: Small Hills for DS Loop, S 175 to 860
set_description ROAD_DZ_ID Small Hills for DS Loop, S 175 to 860
#RingCtrl0 2D_SPLINE
#RingCtrl3 1
#RadioCtrl0 1    
#RadioCtrl1 0    

*3D_XLabel Lateral coordinate (m)
*3D_YLabel Station (m)
*3D_ZLabel Incremental elevation (m)

#DiagramTwo0
*3D_DATA 13, 133 ! columns x rows
ROAD_DZ_CARPET 2D_SPLINE
0, -15, -10, -5, -1.5, -0.9, -0.4, 0, 0.4, 0.9, 1.5, 5, 10, 15
248.36, 0, 0, 0, 0, 0, 0, 0, 0, 0, 0, 0, 0, 0
258.36, 0, 0, 0, 0, 0, 0, 0, 0, 0, 0, 0, 0, 0
278.36, 0, 0, 0.368, 0.029, -0.0085, 0.029, 0.0165, 0.029, -0.0085, 0.029, 0.16025, 0, 0
283.36, 0, 0, -0.15775, -0.038, -0.0755, -0.038, -0.0005, 0.012, -0.0255, 0.012, 0.242, 0, 0
288.36, 0, 0, 0.373, -0.04975, -0.08725, -0.04975, -0.18725, -0.17475, -0.21225, -0.17475, 0.044, 0, 0
293.36, 0, 0, 0.01625, -0.093, -0.1305, -0.093, -0.0555, -0.043, -0.0805, -0.043, 0.093, 0, 0
298.36, 0, 0, -0.2985, -0.455, -0.4925, -0.455, -0.4675, -0.455, -0.4925, -0.455, 0.12075, 0, 0
303.36, 0, 0, -0.487, -0.2295, -0.267, -0.2295, -0.242, -0.2295, -0.267, -0.2295, 0.39075, 0, 0
308.36, 0, 0, -0.24775, -0.437, -0.4745, -0.437, -0.3995, -0.387, -0.4245, -0.387, 0.2865, 0, 0
313.36, 0, 0, -0.3405, -0.21025, -0.24775, -0.21025, -0.34775, -0.33525, -0.37275, -0.33525, 0.3905, 0, 0
318.36, 0, 0, -0.3175, -0.112, -0.1495, -0.112, -0.0745, -0.062, -0.0995, -0.062, -0.001, 0, 0
323.36, 0, 0, -0.264, -0.32025, -0.35775, -0.32025, -0.45775, -0.44525, -0.48275, -0.44525, -0.76075, 0, 0
328.36, 0, 0, 0.018, -0.58025, -0.61775, -0.58025, -0.54275, -0.53025, -0.56775, -0.53025, -0.601, 0, 0
333.36, 0, 0, 0.007, 0.67125, 0.63375, 0.67125, 0.53375, 0.54625, 0.50875, 0.54625, -0.12025, 0, 0
338.36, 0, 0, -0.10725, 0.50675, 0.46925, 0.50675, 0.54425, 0.55675, 0.51925, 0.55675, 0.2445, 0, 0
343.36, 0, 0, -0.32625, 0.4285, 0.391, 0.4285, 0.291, 0.3035, 0.266, 0.3035, 0.5675, 0, 0
348.36, 0, 0, -0.18925, 0.19375, 0.15625, 0.19375, 0.18125, 0.19375, 0.15625, 0.19375, 0.77575, 0, 0
353.36, 0, 0, -0.03975, 0.55175, 0.51425, 0.55175, 0.41425, 0.42675, 0.38925, 0.42675, 0.4705, 0, 0
358.36, 0, 0, 0.2615, 0.4725, 0.435, 0.4725, 0.46, 0.4725, 0.435, 0.4725, 0.4895, 0, 0
363.36, 0, 0, 0.25375, 0.647, 0.6095, 0.647, 0.5095, 0.522, 0.4845, 0.522, 0.4255, 0, 0
368.36, 0, 0, -0.1455, 0.19575, 0.15825, 0.19575, 0.18325, 0.19575, 0.15825, 0.19575, 0.34925, 0, 0
373.36, 0, 0, -0.175, -0.27375, -0.31125, -0.27375, -0.28625, -0.27375, -0.31125, -0.27375, -0.10625, 0, 0
378.36, 0, 0, -0.319, -0.11325, -0.15075, -0.11325, -0.07575, -0.06325, -0.10075, -0.06325, 0.098, 0, 0
383.36, 0, 0, -0.319, -0.11325, -0.15075, -0.11325, -0.07575, -0.06325, -0.10075, -0.06325, 0.098, 0, 0
388.36, 0, 0, -0.175, -0.27375, -0.31125, -0.27375, -0.28625, -0.27375, -0.31125, -0.27375, -0.10625, 0, 0
393.36, 0, 0, -0.1455, 0.19575, 0.15825, 0.19575, 0.18325, 0.19575, 0.15825, 0.19575, 0.34925, 0, 0
398.36, 0, 0, 0.25375, 0.647, 0.6095, 0.647, 0.5095, 0.522, 0.4845, 0.522, 0.4255, 0, 0
403.36, 0, 0, 0.2615, 0.4725, 0.435, 0.4725, 0.46, 0.4725, 0.435, 0.4725, 0.4895, 0, 0
408.36, 0, 0, -0.03975, 0.55175, 0.51425, 0.55175, 0.41425, 0.42675, 0.38925, 0.42675, 0.4705, 0, 0
413.36, 0, 0, -0.18925, 0.19375, 0.15625, 0.19375, 0.18125, 0.19375, 0.15625, 0.19375, 0.77575, 0, 0
418.36, 0, 0, -0.32625, 0.4285, 0.391, 0.4285, 0.291, 0.3035, 0.266, 0.3035, 0.5675, 0, 0
423.36, 0, 0, -0.10725, 0.50675, 0.46925, 0.50675, 0.54425, 0.55675, 0.51925, 0.55675, 0.2445, 0, 0
428.36, 0, 0, 0.007, 0.67125, 0.63375, 0.67125, 0.53375, 0.54625, 0.50875, 0.54625, -0.12025, 0, 0
433.36, 0, 0, 0.018, -0.58025, -0.61775, -0.58025, -0.54275, -0.53025, -0.56775, -0.53025, -0.601, 0, 0
438.36, 0, 0, -0.264, -0.32025, -0.35775, -0.32025, -0.45775, -0.44525, -0.48275, -0.44525, -0.76075, 0, 0
443.36, 0, 0, -0.3175, -0.112, -0.1495, -0.112, -0.0745, -0.062, -0.0995, -0.062, -0.001, 0, 0
448.36, 0, 0, -0.3405, -0.21025, -0.24775, -0.21025, -0.34775, -0.33525, -0.37275, -0.33525, 0.3905, 0, 0
453.36, 0, 0, -0.24775, -0.437, -0.4745, -0.437, -0.3995, -0.387, -0.4245, -0.387, 0.2865, 0, 0
458.36, 0, 0, -0.487, -0.2295, -0.267, -0.2295, -0.242, -0.2295, -0.267, -0.2295, 0.39075, 0, 0
463.36, 0, 0, -0.2985, -0.455, -0.4925, -0.455, -0.4675, -0.455, -0.4925, -0.455, 0.12075, 0, 0
468.36, 0, 0, 0.01625, -0.093, -0.1305, -0.093, -0.0555, -0.043, -0.0805, -0.043, 0.093, 0, 0
473.36, 0, 0, 0.373, -0.04975, -0.08725, -0.04975, -0.18725, -0.17475, -0.21225, -0.17475, 0.044, 0, 0
478.36, 0, 0, -0.15775, -0.038, -0.0755, -0.038, -0.0005, 0.012, -0.0255, 0.012, 0.242, 0, 0
483.36, 0, 0, 0.368, 0.029, -0.0085, 0.029, 0.0165, 0.029, -0.0085, 0.029, 0.16025, 0, 0
488.36, 0, 0, 0.368, 0.029, -0.0085, 0.029, 0.0165, 0.029, -0.0085, 0.029, 0.16025, 0, 0
493.36, 0, 0, -0.15775, -0.038, -0.0755, -0.038, -0.0005, 0.012, -0.0255, 0.012, 0.242, 0, 0
498.36, 0, 0, 0.373, -0.04975, -0.08725, -0.04975, -0.18725, -0.17475, -0.21225, -0.17475, 0.044, 0, 0
503.36, 0, 0, 0.01625, -0.093, -0.1305, -0.093, -0.0555, -0.043, -0.0805, -0.043, 0.093, 0, 0
508.36, 0, 0, -0.2985, -0.455, -0.4925, -0.455, -0.4675, -0.455, -0.4925, -0.455, 0.12075, 0, 0
513.36, 0, 0, -0.487, -0.2295, -0.267, -0.2295, -0.242, -0.2295, -0.267, -0.2295, 0.39075, 0, 0
518.36, 0, 0, -0.24775, -0.437, -0.4745, -0.437, -0.3995, -0.387, -0.4245, -0.387, 0.2865, 0, 0
523.36, 0, 0, -0.3405, -0.21025, -0.24775, -0.21025, -0.34775, -0.33525, -0.37275, -0.33525, 0.3905, 0, 0
528.36, 0, 0, -0.3175, -0.112, -0.1495, -0.112, -0.0745, -0.062, -0.0995, -0.062, -0.001, 0, 0
533.36, 0, 0, -0.264, -0.32025, -0.35775, -0.32025, -0.45775, -0.44525, -0.48275, -0.44525, -0.76075, 0, 0
538.36, 0, 0, 0.018, -0.58025, -0.61775, -0.58025, -0.54275, -0.53025, -0.56775, -0.53025, -0.601, 0, 0
543.36, 0, 0, 0.007, 0.67125, 0.63375, 0.67125, 0.53375, 0.54625, 0.50875, 0.54625, -0.12025, 0, 0
548.36, 0, 0, -0.10725, 0.50675, 0.46925, 0.50675, 0.54425, 0.55675, 0.51925, 0.55675, 0.2445, 0, 0
553.36, 0, 0, -0.32625, 0.4285, 0.391, 0.4285, 0.291, 0.3035, 0.266, 0.3035, 0.5675, 0, 0
558.36, 0, 0, -0.18925, 0.19375, 0.15625, 0.19375, 0.18125, 0.19375, 0.15625, 0.19375, 0.77575, 0, 0
563.36, 0, 0, -0.03975, 0.55175, 0.51425, 0.55175, 0.41425, 0.42675, 0.38925, 0.42675, 0.4705, 0, 0
568.36, 0, 0, 0.2615, 0.4725, 0.435, 0.4725, 0.46, 0.4725, 0.435, 0.4725, 0.4895, 0, 0
573.36, 0, 0, 0.25375, 0.647, 0.6095, 0.647, 0.5095, 0.522, 0.4845, 0.522, 0.4255, 0, 0
578.36, 0, 0, -0.1455, 0.19575, 0.15825, 0.19575, 0.18325, 0.19575, 0.15825, 0.19575, 0.34925, 0, 0
583.36, 0, 0, -0.175, -0.27375, -0.31125, -0.27375, -0.28625, -0.27375, -0.31125, -0.27375, -0.10625, 0, 0
588.36, 0, 0, -0.319, -0.11325, -0.15075, -0.11325, -0.07575, -0.06325, -0.10075, -0.06325, 0.098, 0, 0
593.36, 0, 0, -0.319, -0.11325, -0.15075, -0.11325, -0.07575, -0.06325, -0.10075, -0.06325, 0.098, 0, 0
598.36, 0, 0, -0.175, -0.27375, -0.31125, -0.27375, -0.28625, -0.27375, -0.31125, -0.27375, -0.10625, 0, 0
603.36, 0, 0, -0.1455, 0.19575, 0.15825, 0.19575, 0.18325, 0.19575, 0.15825, 0.19575, 0.34925, 0, 0
608.36, 0, 0, 0.25375, 0.647, 0.6095, 0.647, 0.5095, 0.522, 0.4845, 0.522, 0.4255, 0, 0
613.36, 0, 0, 0.2615, 0.4725, 0.435, 0.4725, 0.46, 0.4725, 0.435, 0.4725, 0.4895, 0, 0
618.36, 0, 0, -0.03975, 0.55175, 0.51425, 0.55175, 0.41425, 0.42675, 0.38925, 0.42675, 0.4705, 0, 0
623.36, 0, 0, -0.18925, 0.19375, 0.15625, 0.19375, 0.18125, 0.19375, 0.15625, 0.19375, 0.77575, 0, 0
628.36, 0, 0, -0.32625, 0.4285, 0.391, 0.4285, 0.291, 0.3035, 0.266, 0.3035, 0.5675, 0, 0
633.36, 0, 0, -0.10725, 0.50675, 0.46925, 0.50675, 0.54425, 0.55675, 0.51925, 0.55675, 0.2445, 0, 0
638.36, 0, 0, 0.007, 0.67125, 0.63375, 0.67125, 0.53375, 0.54625, 0.50875, 0.54625, -0.12025, 0, 0
643.36, 0, 0, 0.018, -0.58025, -0.61775, -0.58025, -0.54275, -0.53025, -0.56775, -0.53025, -0.601, 0, 0
648.36, 0, 0, -0.264, -0.32025, -0.35775, -0.32025, -0.45775, -0.44525, -0.48275, -0.44525, -0.76075, 0, 0
653.36, 0, 0, -0.3175, -0.112, -0.1495, -0.112, -0.0745, -0.062, -0.0995, -0.062, -0.001, 0, 0
658.36, 0, 0, -0.3405, -0.21025, -0.24775, -0.21025, -0.34775, -0.33525, -0.37275, -0.33525, 0.3905, 0, 0
663.36, 0, 0, -0.24775, -0.437, -0.4745, -0.437, -0.3995, -0.387, -0.4245, -0.387, 0.2865, 0, 0
668.36, 0, 0, -0.487, -0.2295, -0.267, -0.2295, -0.242, -0.2295, -0.267, -0.2295, 0.39075, 0, 0
673.36, 0, 0, -0.2985, -0.455, -0.4925, -0.455, -0.4675, -0.455, -0.4925, -0.455, 0.12075, 0, 0
678.36, 0, 0, 0.01625, -0.093, -0.1305, -0.093, -0.0555, -0.043, -0.0805, -0.043, 0.093, 0, 0
683.36, 0, 0, 0.373, -0.04975, -0.08725, -0.04975, -0.18725, -0.17475, -0.21225, -0.17475, 0.044, 0, 0
688.36, 0, 0, -0.15775, -0.038, -0.0755, -0.038, -0.0005, 0.012, -0.0255, 0.012, 0.242, 0, 0
693.36, 0, 0, 0.368, 0.029, -0.0085, 0.029, 0.0165, 0.029, -0.0085, 0.029, 0.16025, 0, 0
698.36, 0, 0, 0.368, 0.029, -0.0085, 0.029, 0.0165, 0.029, -0.0085, 0.029, 0.16025, 0, 0
703.36, 0, 0, -0.15775, -0.038, -0.0755, -0.038, -0.0005, 0.012, -0.0255, 0.012, 0.242, 0, 0
708.36, 0, 0, 0.373, -0.04975, -0.08725, -0.04975, -0.18725, -0.17475, -0.21225, -0.17475, 0.044, 0, 0
713.36, 0, 0, 0.01625, -0.093, -0.1305, -0.093, -0.0555, -0.043, -0.0805, -0.043, 0.093, 0, 0
718.36, 0, 0, -0.2985, -0.455, -0.4925, -0.455, -0.4675, -0.455, -0.4925, -0.455, 0.12075, 0, 0
723.36, 0, 0, -0.487, -0.2295, -0.267, -0.2295, -0.242, -0.2295, -0.267, -0.2295, 0.39075, 0, 0
728.36, 0, 0, -0.24775, -0.437, -0.4745, -0.437, -0.3995, -0.387, -0.4245, -0.387, 0.2865, 0, 0
733.36, 0, 0, -0.3405, -0.21025, -0.24775, -0.21025, -0.34775, -0.33525, -0.37275, -0.33525, 0.3905, 0, 0
738.36, 0, 0, -0.3175, -0.112, -0.1495, -0.112, -0.0745, -0.062, -0.0995, -0.062, -0.001, 0, 0
743.36, 0, 0, -0.264, -0.32025, -0.35775, -0.32025, -0.45775, -0.44525, -0.48275, -0.44525, -0.76075, 0, 0
748.36, 0, 0, 0.018, -0.58025, -0.61775, -0.58025, -0.54275, -0.53025, -0.56775, -0.53025, -0.601, 0, 0
753.36, 0, 0, 0.007, 0.67125, 0.63375, 0.67125, 0.53375, 0.54625, 0.50875, 0.54625, -0.12025, 0, 0
758.36, 0, 0, -0.10725, 0.50675, 0.46925, 0.50675, 0.54425, 0.55675, 0.51925, 0.55675, 0.2445, 0, 0
763.36, 0, 0, -0.32625, 0.4285, 0.391, 0.4285, 0.291, 0.3035, 0.266, 0.3035, 0.5675, 0, 0
768.36, 0, 0, -0.18925, 0.19375, 0.15625, 0.19375, 0.18125, 0.19375, 0.15625, 0.19375, 0.77575, 0, 0
773.36, 0, 0, -0.03975, 0.55175, 0.51425, 0.55175, 0.41425, 0.42675, 0.38925, 0.42675, 0.4705, 0, 0
778.36, 0, 0, 0.2615, 0.4725, 0.435, 0.4725, 0.46, 0.4725, 0.435, 0.4725, 0.4895, 0, 0
783.36, 0, 0, 0.25375, 0.647, 0.6095, 0.647, 0.5095, 0.522, 0.4845, 0.522, 0.4255, 0, 0
788.36, 0, 0, -0.1455, 0.19575, 0.15825, 0.19575, 0.18325, 0.19575, 0.15825, 0.19575, 0.34925, 0, 0
793.36, 0, 0, -0.175, -0.27375, -0.31125, -0.27375, -0.28625, -0.27375, -0.31125, -0.27375, -0.10625, 0, 0
798.36, 0, 0, -0.319, -0.11325, -0.15075, -0.11325, -0.07575, -0.06325, -0.10075, -0.06325, 0.098, 0, 0
803.36, 0, 0, -0.319, -0.11325, -0.15075, -0.11325, -0.07575, -0.06325, -0.10075, -0.06325, 0.098, 0, 0
808.36, 0, 0, -0.175, -0.27375, -0.31125, -0.27375, -0.28625, -0.27375, -0.31125, -0.27375, -0.10625, 0, 0
813.36, 0, 0, -0.1455, 0.19575, 0.15825, 0.19575, 0.18325, 0.19575, 0.15825, 0.19575, 0.34925, 0, 0
818.36, 0, 0, 0.25375, 0.647, 0.6095, 0.647, 0.5095, 0.522, 0.4845, 0.522, 0.4255, 0, 0
823.36, 0, 0, 0.2615, 0.4725, 0.435, 0.4725, 0.46, 0.4725, 0.435, 0.4725, 0.4895, 0, 0
828.36, 0, 0, -0.03975, 0.55175, 0.51425, 0.55175, 0.41425, 0.42675, 0.38925, 0.42675, 0.4705, 0, 0
833.36, 0, 0, -0.18925, 0.19375, 0.15625, 0.19375, 0.18125, 0.19375, 0.15625, 0.19375, 0.77575, 0, 0
838.36, 0, 0, -0.32625, 0.4285, 0.391, 0.4285, 0.291, 0.3035, 0.266, 0.3035, 0.5675, 0, 0
843.36, 0, 0, -0.10725, 0.50675, 0.46925, 0.50675, 0.54425, 0.55675, 0.51925, 0.55675, 0.2445, 0, 0
848.36, 0, 0, 0.007, 0.67125, 0.63375, 0.67125, 0.53375, 0.54625, 0.50875, 0.54625, -0.12025, 0, 0
853.36, 0, 0, 0.018, -0.58025, -0.61775, -0.58025, -0.54275, -0.53025, -0.56775, -0.53025, -0.601, 0, 0
858.36, 0, 0, -0.264, -0.32025, -0.35775, -0.32025, -0.45775, -0.44525, -0.48275, -0.44525, -0.76075, 0, 0
863.36, 0, 0, -0.3175, -0.112, -0.1495, -0.112, -0.0745, -0.062, -0.0995, -0.062, -0.001, 0, 0
868.36, 0, 0, -0.3405, -0.21025, -0.24775, -0.21025, -0.34775, -0.33525, -0.37275, -0.33525, 0.3905, 0, 0
873.36, 0, 0, -0.24775, -0.437, -0.4745, -0.437, -0.3995, -0.387, -0.4245, -0.387, 0.2865, 0, 0
878.36, 0, 0, -0.487, -0.2295, -0.267, -0.2295, -0.242, -0.2295, -0.267, -0.2295, 0.39075, 0, 0
883.36, 0, 0, -0.2985, -0.455, -0.4925, -0.455, -0.4675, -0.455, -0.4925, -0.455, 0.12075, 0, 0
888.36, 0, 0, 0.01625, -0.093, -0.1305, -0.093, -0.0555, -0.043, -0.0805, -0.043, 0.093, 0, 0
893.36, 0, 0, 0.373, -0.04975, -0.08725, -0.04975, -0.18725, -0.17475, -0.21225, -0.17475, 0.044, 0, 0
898.36, 0, 0, -0.15775, -0.038, -0.0755, -0.038, -0.0005, 0.012, -0.0255, 0.012, 0.242, 0, 0
903.36, 0, 0, 0.368, 0.029, -0.0085, 0.029, 0.0165, 0.029, -0.0085, 0.029, 0.16025, 0, 0
908.36, 0, 0, 0.368, 0.029, -0.0085, 0.029, 0.0165, 0.029, -0.0085, 0.029, 0.16025, 0, 0
913.36, 0, 0, -0.15775, -0.038, -0.0755, -0.038, -0.0005, 0.012, -0.0255, 0.012, 0.242, 0, 0
918.36, 0, 0, 0.373, -0.04975, -0.08725, -0.04975, -0.18725, -0.17475, -0.21225, -0.17475, 0.044, 0, 0
923.36, 0, 0, 0, 0, 0, 0, 0, 0, 0, 0, 0, 0, 0
933.36, 0, 0, 0, 0, 0, 0, 0, 0, 0, 0, 0, 0, 0
ENDTABLE


LOG_ENTRY Used Dataset: Road: Off-Center Elevation Map, S-L Grid; { Off-road Terrain } Small Hills for DS Loop, S 175 to 860
#Library : Road: Off-Center Elevation Map, S-L Grid
#DataSet : Small Hills for DS Loop, S 175 to 860
#Category: Off-road Terrain
#FileID  : RdMapZ_1c9d4f4e-6f30-433e-803a-f21578c79093
#Product : TruckSim 2020.1
#VehCode dZ via S-L Grid

END
