PARSFILE
#FullDataName Road: Off-Center Elevation Map, S-L Grid`1.5% Cross-slope (200-m Sine)`PBS Tests
#CheckBox0 0    

SET_IROAD_DZ_FOR_ID 0
ROAD_N_DZ = ROAD_N_DZ + 1 ! increment count for the road
IDZ_ROAD = ROAD_N_DZ ! set index for the new ID
RD_DZ_ID = ROAD_DZ_ID ! Specify the user ID
set_description RD_DZ_ID ROAD_DZ_ID for: 1.5% Cross-slope (200-m Sine)
set_description ROAD_DZ_ID 1.5% Cross-slope (200-m Sine)
#RingCtrl0 CARPET
#RingCtrl3 1
#RadioCtrl0 0    
#RadioCtrl1 0    

*3D_XLabel Lateral coordinate (m)
*3D_YLabel Station (m)
*3D_ZLabel Incremental elevation (m)

#DiagramTwo0
*3D_DATA 4, 103 ! columns x rows
ROAD_DZ_CARPET 2D_LINEAR
0, -10, -5, 5, 10
-10, 0, 0, 0, 0
0, 0, 0, 0, 0
10, 0.023176, 0.023176, -0.023176, -0.023176
20, 0.044084, 0.044084, -0.044084, -0.044084
30, 0.060676, 0.060676, -0.060676, -0.060676
40, 0.071329, 0.071329, -0.071329, -0.071329
50, 0.075, 0.075, -0.075, -0.075
60, 0.071329, 0.071329, -0.071329, -0.071329
70, 0.060676, 0.060676, -0.060676, -0.060676
80, 0.044084, 0.044084, -0.044084, -0.044084
90, 0.023176, 0.023176, -0.023176, -0.023176
100, 9.1845e-18, 9.1845e-18, -9.1845e-18, -9.1845e-18
110, -0.023176, -0.023176, 0.023176, 0.023176
120, -0.044084, -0.044084, 0.044084, 0.044084
130, -0.060676, -0.060676, 0.060676, 0.060676
140, -0.071329, -0.071329, 0.071329, 0.071329
150, -0.075, -0.075, 0.075, 0.075
160, -0.071329, -0.071329, 0.071329, 0.071329
170, -0.060676, -0.060676, 0.060676, 0.060676
180, -0.044084, -0.044084, 0.044084, 0.044084
190, -0.023176, -0.023176, 0.023176, 0.023176
200, -1.8369e-17, -1.8369e-17, 1.8369e-17, 1.8369e-17
210, 0.023176, 0.023176, -0.023176, -0.023176
220, 0.044084, 0.044084, -0.044084, -0.044084
230, 0.060676, 0.060676, -0.060676, -0.060676
240, 0.071329, 0.071329, -0.071329, -0.071329
250, 0.075, 0.075, -0.075, -0.075
260, 0.071329, 0.071329, -0.071329, -0.071329
270, 0.060676, 0.060676, -0.060676, -0.060676
280, 0.044084, 0.044084, -0.044084, -0.044084
290, 0.023176, 0.023176, -0.023176, -0.023176
300, 2.7554e-17, 2.7554e-17, -2.7554e-17, -2.7554e-17
310, -0.023176, -0.023176, 0.023176, 0.023176
320, -0.044084, -0.044084, 0.044084, 0.044084
330, -0.060676, -0.060676, 0.060676, 0.060676
340, -0.071329, -0.071329, 0.071329, 0.071329
350, -0.075, -0.075, 0.075, 0.075
360, -0.071329, -0.071329, 0.071329, 0.071329
370, -0.060676, -0.060676, 0.060676, 0.060676
380, -0.044084, -0.044084, 0.044084, 0.044084
390, -0.023176, -0.023176, 0.023176, 0.023176
400, -3.6738e-17, -3.6738e-17, 3.6738e-17, 3.6738e-17
410, 0.023176, 0.023176, -0.023176, -0.023176
420, 0.044084, 0.044084, -0.044084, -0.044084
430, 0.060676, 0.060676, -0.060676, -0.060676
440, 0.071329, 0.071329, -0.071329, -0.071329
450, 0.075, 0.075, -0.075, -0.075
460, 0.071329, 0.071329, -0.071329, -0.071329
470, 0.060676, 0.060676, -0.060676, -0.060676
480, 0.044084, 0.044084, -0.044084, -0.044084
490, 0.023176, 0.023176, -0.023176, -0.023176
500, 1.7915e-16, 1.7915e-16, -1.7915e-16, -1.7915e-16
510, -0.023176, -0.023176, 0.023176, 0.023176
520, -0.044084, -0.044084, 0.044084, 0.044084
530, -0.060676, -0.060676, 0.060676, 0.060676
540, -0.071329, -0.071329, 0.071329, 0.071329
550, -0.075, -0.075, 0.075, 0.075
560, -0.071329, -0.071329, 0.071329, 0.071329
570, -0.060676, -0.060676, 0.060676, 0.060676
580, -0.044084, -0.044084, 0.044084, 0.044084
590, -0.023176, -0.023176, 0.023176, 0.023176
600, -5.5107e-17, -5.5107e-17, 5.5107e-17, 5.5107e-17
610, 0.023176, 0.023176, -0.023176, -0.023176
620, 0.044084, 0.044084, -0.044084, -0.044084
630, 0.060676, 0.060676, -0.060676, -0.060676
640, 0.071329, 0.071329, -0.071329, -0.071329
650, 0.075, 0.075, -0.075, -0.075
660, 0.071329, 0.071329, -0.071329, -0.071329
670, 0.060676, 0.060676, -0.060676, -0.060676
680, 0.044084, 0.044084, -0.044084, -0.044084
690, 0.023176, 0.023176, -0.023176, -0.023176
700, 3.3075e-16, 3.3075e-16, -3.3075e-16, -3.3075e-16
710, -0.023176, -0.023176, 0.023176, 0.023176
720, -0.044084, -0.044084, 0.044084, 0.044084
730, -0.060676, -0.060676, 0.060676, 0.060676
740, -0.071329, -0.071329, 0.071329, 0.071329
750, -0.075, -0.075, 0.075, 0.075
760, -0.071329, -0.071329, 0.071329, 0.071329
770, -0.060676, -0.060676, 0.060676, 0.060676
780, -0.044084, -0.044084, 0.044084, 0.044084
790, -0.023176, -0.023176, 0.023176, 0.023176
800, -7.3476e-17, -7.3476e-17, 7.3476e-17, 7.3476e-17
810, 0.023176, 0.023176, -0.023176, -0.023176
820, 0.044084, 0.044084, -0.044084, -0.044084
830, 0.060676, 0.060676, -0.060676, -0.060676
840, 0.071329, 0.071329, -0.071329, -0.071329
850, 0.075, 0.075, -0.075, -0.075
860, 0.071329, 0.071329, -0.071329, -0.071329
870, 0.060676, 0.060676, -0.060676, -0.060676
880, 0.044084, 0.044084, -0.044084, -0.044084
890, 0.023176, 0.023176, -0.023176, -0.023176
900, 8.2661e-17, 8.2661e-17, -8.2661e-17, -8.2661e-17
910, -0.023176, -0.023176, 0.023176, 0.023176
920, -0.044084, -0.044084, 0.044084, 0.044084
930, -0.060676, -0.060676, 0.060676, 0.060676
940, -0.071329, -0.071329, 0.071329, 0.071329
950, -0.075, -0.075, 0.075, 0.075
960, -0.071329, -0.071329, 0.071329, 0.071329
970, -0.060676, -0.060676, 0.060676, 0.060676
980, -0.044084, -0.044084, 0.044084, 0.044084
990, -0.023176, -0.023176, 0.023176, 0.023176
1000, -3.583e-16, -3.583e-16, 3.583e-16, 3.583e-16
1010, 0, 0, 0, 0
ENDTABLE


#EMBEDDED_NOTES
#This slowly varying cross-slope has an elevation change of 0.15 m over a width of 10 m, to provide a standard deviation of cross-slope a little greater than 1%.
#
#The change with repect to station is gradual (period of 200 m) to avoid interactions with dynamic vehicle motions.
#END_EMBEDDED_NOTES

LOG_ENTRY Used Dataset: Road: Off-Center Elevation Map, S-L Grid; { PBS Tests } 1.5% Cross-slope (200-m Sine)
#Library : Road: Off-Center Elevation Map, S-L Grid
#DataSet : 1.5% Cross-slope (200-m Sine)
#Category: PBS Tests
#FileID  : RdMapZ_9907d10e-e209-487a-81d8-06ae79bdcca2
#Product : TruckSim 2020.1
#VehCode dZ via S-L Grid

END
