PARSFILE
#FullDataName Generic Table`Wind Speed: 100 km/h Bursts`Crosswind Facility
#RingCtrl0 LINEAR_FLAT
#CheckBox0 0    

#MiscYellow0
define_table Wind_Spd
#ENDMYellow

#DiagramOne0
Wind_Spd_TABLE LINEAR_FLAT
0, 0
18, 0.09110512
18.01, 0.097704531
18.02, 0.104781486
18.03, 0.112370464
18.04, 0.120508424
18.05, 0.129234978
18.06, 0.138592584
18.07, 0.148626745
18.08, 0.159386223
18.09, 0.170923275
18.1, 0.183293894
18.11, 0.196558078
18.12, 0.210780106
18.13, 0.226028844
18.14, 0.242378061
18.15, 0.259906776
18.16, 0.278699623
18.17, 0.298847234
18.18, 0.320446666
18.19, 0.343601835
18.2, 0.36842399
18.21, 0.395032215
18.22, 0.423553964
18.23, 0.454125625
18.24, 0.486893125
18.25, 0.522012569
18.26, 0.559650923
18.27, 0.599986723
18.28, 0.643210846
18.29, 0.689527314
18.3, 0.739154135
18.31, 0.792324213
18.32, 0.849286285
18.33, 0.910305921
18.34, 0.975666563
18.35, 1.045670624
18.36, 1.120640633
18.37, 1.200920431
18.38, 1.28687642
18.39, 1.37889885
18.4, 1.477403169
18.41, 1.582831396
18.42, 1.695653551
18.43, 1.816369103
18.44, 1.945508456
18.45, 2.083634451
18.46, 2.23134387
18.47, 2.389268941
18.48, 2.558078831
18.49, 2.738481095
18.5, 2.931223075
18.51, 3.137093225
18.52, 3.356922329
18.53, 3.591584589
18.54, 3.84199855
18.55, 4.10912782
18.56, 4.39398154
18.57, 4.697614568
18.58, 5.021127319
18.59, 5.365665201
18.6, 5.73241759
18.61, 6.122616283
18.62, 6.537533343
18.63, 6.978478288
18.64, 7.446794516
18.65, 7.943854919
18.66, 8.471056573
18.67, 9.02981447
18.68, 9.621554171
18.69, 10.24770335
18.7, 10.90968212
18.71, 11.60889221
18.72, 12.34670476
18.73, 13.12444695
18.74, 13.9433873
18.75, 14.8047198
18.76, 15.70954689
18.77, 16.65886136
18.78, 17.65352748
18.79, 18.6942614
18.8, 19.78161115
18.81, 20.91593653
18.82, 22.09738923
18.83, 23.32589358
18.84, 24.60112835
18.85, 25.92251009
18.86, 27.28917836
18.87, 28.69998373
18.88, 30.1534784
18.89, 31.64791063
18.9, 33.18122279
18.91, 34.75105378
18.92, 36.35474598
18.93, 37.98935676
18.94, 39.65167501
18.95, 41.33824211
18.96, 43.0453776
18.97, 44.76920904
18.98, 46.50570549
18.99, 48.25071424
19, 50
19.01, 51.74928576
19.02, 53.49429451
19.03, 55.23079096
19.04, 56.9546224
19.05, 58.66175789
19.06, 60.34832499
19.07, 62.01064324
19.08, 63.64525403
19.09, 65.24894623
19.1, 66.81877721
19.11, 68.35208938
19.12, 69.8465216
19.13, 71.30001628
19.14, 72.71082164
19.15, 74.07748991
19.16, 75.39887165
19.17, 76.67410643
19.18, 77.90261078
19.19, 79.08406348
19.2, 80.21838885
19.21, 81.3057386
19.22, 82.34647253
19.23, 83.34113864
19.24, 84.29045311
19.25, 85.1952802
19.26, 86.0566127
19.27, 86.87555305
19.28, 87.65329524
19.29, 88.39110779
19.3, 89.09031788
19.31, 89.75229665
19.32, 90.37844583
19.33, 90.97018553
19.34, 91.52894343
19.35, 92.05614509
19.36, 92.55320549
19.37, 93.02152171
19.38, 93.46246666
19.39, 93.87738371
19.4, 94.26758241
19.41, 94.6343348
19.42, 94.97887268
19.43, 95.30238544
19.44, 95.60601846
19.45, 95.89087218
19.46, 96.15800145
19.47, 96.40841541
19.48, 96.64307768
19.49, 96.86290678
19.5, 97.06877693
19.51, 97.2615189
19.52, 97.44192118
19.53, 97.61073106
19.54, 97.76865613
19.55, 97.91636555
19.56, 98.05449154
19.57, 98.1836309
19.58, 98.30434645
19.59, 98.4171686
19.6, 98.52259683
19.61, 98.62110115
19.62, 98.71312358
19.63, 98.79907958
19.64, 98.87935936
19.65, 98.95432938
19.66, 99.02433344
19.67, 99.08969408
19.68, 99.15071371
19.69, 99.20767579
19.7, 99.26084586
19.71, 99.31047269
19.72, 99.35678915
19.73, 99.40001328
19.74, 99.44034908
19.75, 99.47798743
19.76, 99.51310688
19.77, 99.54587438
19.78, 99.57644604
19.79, 99.60496779
19.8, 99.63157601
19.81, 99.65639816
19.82, 99.67955334
19.83, 99.70115276
19.84, 99.72130038
19.85, 99.74009323
19.86, 99.75762194
19.87, 99.77397116
19.88, 99.7892199
19.89, 99.80344193
19.9, 99.8167061
19.91, 99.82907673
19.92, 99.84061378
19.93, 99.85137325
19.94, 99.86140741
19.95, 99.87076503
19.96, 99.87949158
19.97, 99.88762954
19.98, 99.89521851
19.99, 99.90229546
20, 99.90889488
49, 99.90889488
49.01, 99.90229546
49.02, 99.89521851
49.03, 99.88762954
49.04, 99.87949158
49.05, 99.87076503
49.06, 99.86140741
49.07, 99.85137325
49.08, 99.84061378
49.09, 99.82907673
49.1, 99.8167061
49.11, 99.80344193
49.12, 99.7892199
49.13, 99.77397116
49.14, 99.75762194
49.15, 99.74009323
49.16, 99.72130038
49.17, 99.70115276
49.18, 99.67955334
49.19, 99.65639816
49.2, 99.63157601
49.21, 99.60496779
49.22, 99.57644604
49.23, 99.54587438
49.24, 99.51310688
49.25, 99.47798743
49.26, 99.44034908
49.27, 99.40001328
49.28, 99.35678915
49.29, 99.31047269
49.3, 99.26084586
49.31, 99.20767579
49.32, 99.15071371
49.33, 99.08969408
49.34, 99.02433344
49.35, 98.95432938
49.36, 98.87935936
49.37, 98.79907958
49.38, 98.71312358
49.39, 98.62110115
49.4, 98.52259683
49.41, 98.4171686
49.42, 98.30434645
49.43, 98.1836309
49.44, 98.05449154
49.45, 97.91636555
49.46, 97.76865613
49.47, 97.61073106
49.48, 97.44192118
49.49, 97.2615189
49.5, 97.06877693
49.51, 96.86290678
49.52, 96.64307768
49.53, 96.40841541
49.54, 96.15800145
49.55, 95.89087218
49.56, 95.60601846
49.57, 95.30238544
49.58, 94.97887268
49.59, 94.6343348
49.6, 94.26758241
49.61, 93.87738371
49.62, 93.46246666
49.63, 93.02152171
49.64, 92.55320549
49.65, 92.05614509
49.66, 91.52894343
49.67, 90.97018553
49.68, 90.37844583
49.69, 89.75229665
49.7, 89.09031788
49.71, 88.39110779
49.72, 87.65329524
49.73, 86.87555305
49.74, 86.0566127
49.75, 85.1952802
49.76, 84.29045311
49.77, 83.34113864
49.78, 82.34647253
49.79, 81.3057386
49.8, 80.21838885
49.81, 79.08406348
49.82, 77.90261078
49.83, 76.67410643
49.84, 75.39887165
49.85, 74.07748991
49.86, 72.71082164
49.87, 71.30001628
49.88, 69.8465216
49.89, 68.35208938
49.9, 66.81877721
49.91, 65.24894623
49.92, 63.64525403
49.93, 62.01064324
49.94, 60.34832499
49.95, 58.66175789
49.96, 56.9546224
49.97, 55.23079096
49.98, 53.49429451
49.99, 51.74928576
50, 50
50.01, 48.25071424
50.02, 46.50570549
50.03, 44.76920904
50.04, 43.0453776
50.05, 41.33824211
50.06, 39.65167501
50.07, 37.98935676
50.08, 36.35474598
50.09, 34.75105378
50.1, 33.18122279
50.11, 31.64791063
50.12, 30.1534784
50.13, 28.69998373
50.14, 27.28917836
50.15, 25.92251009
50.16, 24.60112835
50.17, 23.32589358
50.18, 22.09738923
50.19, 20.91593653
50.2, 19.78161115
50.21, 18.6942614
50.22, 17.65352748
50.23, 16.65886136
50.24, 15.70954689
50.25, 14.8047198
50.26, 13.9433873
50.27, 13.12444695
50.28, 12.34670476
50.29, 11.60889221
50.3, 10.90968212
50.31, 10.24770335
50.32, 9.621554171
50.33, 9.02981447
50.34, 8.471056573
50.35, 7.943854919
50.36, 7.446794516
50.37, 6.978478288
50.38, 6.537533343
50.39, 6.122616283
50.4, 5.73241759
50.41, 5.365665201
50.42, 5.021127319
50.43, 4.697614568
50.44, 4.39398154
50.45, 4.10912782
50.46, 3.84199855
50.47, 3.591584589
50.48, 3.356922329
50.49, 3.137093225
50.5, 2.931223075
50.51, 2.738481095
50.52, 2.558078831
50.53, 2.389268941
50.54, 2.23134387
50.55, 2.083634451
50.56, 1.945508456
50.57, 1.816369103
50.58, 1.695653551
50.59, 1.582831396
50.6, 1.477403169
50.61, 1.37889885
50.62, 1.28687642
50.63, 1.200920431
50.64, 1.120640633
50.65, 1.045670624
50.66, 0.975666563
50.67, 0.910305921
50.68, 0.849286285
50.69, 0.792324213
50.7, 0.739154135
50.71, 0.689527314
50.72, 0.643210846
50.73, 0.599986723
50.74, 0.559650923
50.75, 0.522012569
50.76, 0.486893125
50.77, 0.454125625
50.78, 0.423553964
50.79, 0.395032215
50.8, 0.36842399
50.81, 0.343601835
50.82, 0.320446666
50.83, 0.298847234
50.84, 0.278699623
50.85, 0.259906776
50.86, 0.242378061
50.87, 0.226028844
50.88, 0.210780106
50.89, 0.196558078
50.9, 0.183293894
50.91, 0.170923275
50.92, 0.159386223
50.93, 0.148626745
50.94, 0.138592584
50.95, 0.129234978
50.96, 0.120508424
50.97, 0.112370464
50.98, 0.104781486
50.99, 0.097704531
51, 0.09110512
78, 0.09110512
78.01, 0.097704531
78.02, 0.104781486
78.03, 0.112370464
78.04, 0.120508424
78.05, 0.129234978
78.06, 0.138592584
78.07, 0.148626745
78.08, 0.159386223
78.09, 0.170923275
78.1, 0.183293894
78.11, 0.196558078
78.12, 0.210780106
78.13, 0.226028844
78.14, 0.242378061
78.15, 0.259906776
78.16, 0.278699623
78.17, 0.298847234
78.18, 0.320446666
78.19, 0.343601835
78.2, 0.36842399
78.21, 0.395032215
78.22, 0.423553964
78.23, 0.454125625
78.24, 0.486893125
78.25, 0.522012569
78.26, 0.559650923
78.27, 0.599986723
78.28, 0.643210846
78.29, 0.689527314
78.3, 0.739154135
78.31, 0.792324213
78.32, 0.849286285
78.33, 0.910305921
78.34, 0.975666563
78.35, 1.045670624
78.36, 1.120640633
78.37, 1.200920431
78.38, 1.28687642
78.39, 1.37889885
78.4, 1.477403169
78.41, 1.582831396
78.42, 1.695653551
78.43, 1.816369103
78.44, 1.945508456
78.45, 2.083634451
78.46, 2.23134387
78.47, 2.389268941
78.48, 2.558078831
78.49, 2.738481095
78.5, 2.931223075
78.51, 3.137093225
78.52, 3.356922329
78.53, 3.591584589
78.54, 3.84199855
78.55, 4.10912782
78.56, 4.39398154
78.57, 4.697614568
78.58, 5.021127319
78.59, 5.365665201
78.6, 5.73241759
78.61, 6.122616283
78.62, 6.537533343
78.63, 6.978478288
78.64, 7.446794516
78.65, 7.943854919
78.66, 8.471056573
78.67, 9.02981447
78.68, 9.621554171
78.69, 10.24770335
78.7, 10.90968212
78.71, 11.60889221
78.72, 12.34670476
78.73, 13.12444695
78.74, 13.9433873
78.75, 14.8047198
78.76, 15.70954689
78.77, 16.65886136
78.78, 17.65352748
78.79, 18.6942614
78.8, 19.78161115
78.81, 20.91593653
78.82, 22.09738923
78.83, 23.32589358
78.84, 24.60112835
78.85, 25.92251009
78.86, 27.28917836
78.87, 28.69998373
78.88, 30.1534784
78.89, 31.64791063
78.9, 33.18122279
78.91, 34.75105378
78.92, 36.35474598
78.93, 37.98935676
78.94, 39.65167501
78.95, 41.33824211
78.96, 43.0453776
78.97, 44.76920904
78.98, 46.50570549
78.99, 48.25071424
79, 50
79.01, 51.74928576
79.02, 53.49429451
79.03, 55.23079096
79.04, 56.9546224
79.05, 58.66175789
79.06, 60.34832499
79.07, 62.01064324
79.08, 63.64525403
79.09, 65.24894623
79.1, 66.81877721
79.11, 68.35208938
79.12, 69.8465216
79.13, 71.30001628
79.14, 72.71082164
79.15, 74.07748991
79.16, 75.39887165
79.17, 76.67410643
79.18, 77.90261078
79.19, 79.08406348
79.2, 80.21838885
79.21, 81.3057386
79.22, 82.34647253
79.23, 83.34113864
79.24, 84.29045311
79.25, 85.1952802
79.26, 86.0566127
79.27, 86.87555305
79.28, 87.65329524
79.29, 88.39110779
79.3, 89.09031788
79.31, 89.75229665
79.32, 90.37844583
79.33, 90.97018553
79.34, 91.52894343
79.35, 92.05614509
79.36, 92.55320549
79.37, 93.02152171
79.38, 93.46246666
79.39, 93.87738371
79.4, 94.26758241
79.41, 94.6343348
79.42, 94.97887268
79.43, 95.30238544
79.44, 95.60601846
79.45, 95.89087218
79.46, 96.15800145
79.47, 96.40841541
79.48, 96.64307768
79.49, 96.86290678
79.5, 97.06877693
79.51, 97.2615189
79.52, 97.44192118
79.53, 97.61073106
79.54, 97.76865613
79.55, 97.91636555
79.56, 98.05449154
79.57, 98.1836309
79.58, 98.30434645
79.59, 98.4171686
79.6, 98.52259683
79.61, 98.62110115
79.62, 98.71312358
79.63, 98.79907958
79.64, 98.87935936
79.65, 98.95432938
79.66, 99.02433344
79.67, 99.08969408
79.68, 99.15071371
79.69, 99.20767579
79.7, 99.26084586
79.71, 99.31047269
79.72, 99.35678915
79.73, 99.40001328
79.74, 99.44034908
79.75, 99.47798743
79.76, 99.51310688
79.77, 99.54587438
79.78, 99.57644604
79.79, 99.60496779
79.8, 99.63157601
79.81, 99.65639816
79.82, 99.67955334
79.83, 99.70115276
79.84, 99.72130038
79.85, 99.74009323
79.86, 99.75762194
79.87, 99.77397116
79.88, 99.7892199
79.89, 99.80344193
79.9, 99.8167061
79.91, 99.82907673
79.92, 99.84061378
79.93, 99.85137325
79.94, 99.86140741
79.95, 99.87076503
79.96, 99.87949158
79.97, 99.88762954
79.98, 99.89521851
79.99, 99.90229546
80, 99.90889488
109, 99.90889488
109.01, 99.90229546
109.02, 99.89521851
109.03, 99.88762954
109.04, 99.87949158
109.05, 99.87076503
109.06, 99.86140741
109.07, 99.85137325
109.08, 99.84061378
109.09, 99.82907673
109.1, 99.8167061
109.11, 99.80344193
109.12, 99.7892199
109.13, 99.77397116
109.14, 99.75762194
109.15, 99.74009323
109.16, 99.72130038
109.17, 99.70115276
109.18, 99.67955334
109.19, 99.65639816
109.2, 99.63157601
109.21, 99.60496779
109.22, 99.57644604
109.23, 99.54587438
109.24, 99.51310688
109.25, 99.47798743
109.26, 99.44034908
109.27, 99.40001328
109.28, 99.35678915
109.29, 99.31047269
109.3, 99.26084586
109.31, 99.20767579
109.32, 99.15071371
109.33, 99.08969408
109.34, 99.02433344
109.35, 98.95432938
109.36, 98.87935936
109.37, 98.79907958
109.38, 98.71312358
109.39, 98.62110115
109.4, 98.52259683
109.41, 98.4171686
109.42, 98.30434645
109.43, 98.1836309
109.44, 98.05449154
109.45, 97.91636555
109.46, 97.76865613
109.47, 97.61073106
109.48, 97.44192118
109.49, 97.2615189
109.5, 97.06877693
109.51, 96.86290678
109.52, 96.64307768
109.53, 96.40841541
109.54, 96.15800145
109.55, 95.89087218
109.56, 95.60601846
109.57, 95.30238544
109.58, 94.97887268
109.59, 94.6343348
109.6, 94.26758241
109.61, 93.87738371
109.62, 93.46246666
109.63, 93.02152171
109.64, 92.55320549
109.65, 92.05614509
109.66, 91.52894343
109.67, 90.97018553
109.68, 90.37844583
109.69, 89.75229665
109.7, 89.09031788
109.71, 88.39110779
109.72, 87.65329524
109.73, 86.87555305
109.74, 86.0566127
109.75, 85.1952802
109.76, 84.29045311
109.77, 83.34113864
109.78, 82.34647253
109.79, 81.3057386
109.8, 80.21838885
109.81, 79.08406348
109.82, 77.90261078
109.83, 76.67410643
109.84, 75.39887165
109.85, 74.07748991
109.86, 72.71082164
109.87, 71.30001628
109.88, 69.8465216
109.89, 68.35208938
109.9, 66.81877721
109.91, 65.24894623
109.92, 63.64525403
109.93, 62.01064324
109.94, 60.34832499
109.95, 58.66175789
109.96, 56.9546224
109.97, 55.23079096
109.98, 53.49429451
109.99, 51.74928576
110, 50
110.01, 48.25071424
110.02, 46.50570549
110.03, 44.76920904
110.04, 43.0453776
110.05, 41.33824211
110.06, 39.65167501
110.07, 37.98935676
110.08, 36.35474598
110.09, 34.75105378
110.1, 33.18122279
110.11, 31.64791063
110.12, 30.1534784
110.13, 28.69998373
110.14, 27.28917836
110.15, 25.92251009
110.16, 24.60112835
110.17, 23.32589358
110.18, 22.09738923
110.19, 20.91593653
110.2, 19.78161115
110.21, 18.6942614
110.22, 17.65352748
110.23, 16.65886136
110.24, 15.70954689
110.25, 14.8047198
110.26, 13.9433873
110.27, 13.12444695
110.28, 12.34670476
110.29, 11.60889221
110.3, 10.90968212
110.31, 10.24770334
110.32, 9.621554171
110.33, 9.02981447
110.34, 8.471056573
110.35, 7.943854919
110.36, 7.446794516
110.37, 6.978478288
110.38, 6.537533343
110.39, 6.122616283
110.4, 5.73241759
110.41, 5.365665201
110.42, 5.021127319
110.43, 4.697614568
110.44, 4.39398154
110.45, 4.10912782
110.46, 3.84199855
110.47, 3.591584589
110.48, 3.356922329
110.49, 3.137093225
110.5, 2.931223075
110.51, 2.738481095
110.52, 2.558078831
110.53, 2.389268941
110.54, 2.23134387
110.55, 2.083634451
110.56, 1.945508456
110.57, 1.816369103
110.58, 1.695653551
110.59, 1.582831396
110.6, 1.477403169
110.61, 1.37889885
110.62, 1.28687642
110.63, 1.200920431
110.64, 1.120640633
110.65, 1.045670624
110.66, 0.975666563
110.67, 0.910305921
110.68, 0.849286285
110.69, 0.792324213
110.7, 0.739154135
110.71, 0.689527314
110.72, 0.643210846
110.73, 0.599986723
110.74, 0.559650923
110.75, 0.522012569
110.76, 0.486893124
110.77, 0.454125625
110.78, 0.423553964
110.79, 0.395032215
110.8, 0.36842399
110.81, 0.343601835
110.82, 0.320446666
110.83, 0.298847234
110.84, 0.278699623
110.85, 0.259906776
110.86, 0.242378061
110.87, 0.226028844
110.88, 0.210780106
110.89, 0.196558078
110.9, 0.183293894
110.91, 0.170923275
110.92, 0.159386223
110.93, 0.148626745
110.94, 0.138592584
110.95, 0.129234978
110.96, 0.120508424
110.97, 0.112370464
110.98, 0.104781486
110.99, 0.097704531
111, 0.09110512
117, 0
ENDTABLE
#RadioCtrl0 0    
#RadioCtrl1 0    

*KEYWORD Wind_Spd
*X_LABEL station
*Y_LABEL Wind speed


#EMBEDDED_NOTES
#This user-defined table function controls the wind speed as a function of car position (station).
#
#The built-in table function for wind speed defines the wind only as a function of time.
#
#It is used to simulate the crosswind generated by fans to the right and the left of the road in a Crosswind Facility.
#
#It shows how you can create new functions to modify variables (either internal TruckSim variables or ones you create with VS Commands) to make any variable a function of almost anything else.
#END_EMBEDDED_NOTES

LOG_ENTRY Used Dataset: Generic Table; { Crosswind Facility } Wind Speed: 100 km/h Bursts
#Library : Generic Table
#DataSet : Wind Speed: 100 km/h Bursts
#Category: Crosswind Facility
#FileID  : GenTab_d39abbe0-d8bd-41d4-a7d1-bf36f3527b91
#Product : TruckSim 2020.1
#VehCode table

END
