PARSFILE
#FullDataName Road: Friction Map, S-L Grid`1.0 Asphalt, 1.1 Concrete, 0.75 Grass`Road Handling Course
#CheckBox0 0    

#RingCtrl0 2D_STEP
#RadioCtrl0 0    
#RadioCtrl1 0    

*3D_XLabel Lateral coordinate (m)
*3D_YLabel Station (m)
*3D_ZLabel Friction coefficient Mu (-)

#DiagramTwo0
*3D_DATA 7, 29 ! columns x rows
MU_ROAD_CARPET 2D_STEP
0, -10, -7.32, -3.66, -3.6599, 0, 0.1, 1
0, 0.75, 1, 1, 1, 1, 0.75, 0.75
191.184, 0.75, 1.1, 1.1, 1, 1, 0.75, 0.75
231, 0.75, 1.1, 1.1, 1, 1, 0.75, 0.75
231.1, 0.75, 1, 1, 1, 1, 0.75, 0.75
393.697, 0.75, 1.1, 1.1, 1, 1, 0.75, 0.75
425.177, 0.75, 1.1, 1.1, 1, 1, 0.75, 0.75
425.178, 0.75, 1, 1, 1, 1, 0.75, 0.75
491.136, 0.75, 1, 1, 1.1, 1.1, 0.75, 0.75
543.344, 0.75, 1, 1, 1.1, 1.1, 0.75, 0.75
543.345, 0.75, 1, 1, 1, 1, 0.75, 0.75
589.333, 0.75, 1.1, 1.1, 1, 1, 0.75, 0.75
612.444, 0.75, 1.1, 1.1, 1, 1, 0.75, 0.75
612.445, 0.75, 1, 1, 1, 1, 0.75, 0.75
687.845, 0.75, 1.1, 1.1, 1, 1, 0.75, 0.75
726.808, 0.75, 1.1, 1.1, 1, 1, 0.75, 0.75
726.809, 0.75, 1, 1, 1, 1, 0.75, 0.75
1406.42, 0.75, 1.1, 1.1, 1, 1, 0.75, 0.75
1450.67, 0.75, 1.1, 1.1, 1, 1, 0.75, 0.75
1450.671, 0.75, 1, 1, 1, 1, 0.75, 0.75
1574.12, 0.75, 1.1, 1.1, 1, 1, 0.75, 0.75
1660.01, 0.75, 1.1, 1.1, 1, 1, 0.75, 0.75
1660.011, 0.75, 1, 1, 1, 1, 0.75, 0.75
1707.98, 0.75, 1.1, 1.1, 1.1, 1.1, 0.75, 0.75
1789.19, 0.75, 1.1, 1.1, 1.1, 1.1, 0.75, 0.75
1789.2, 0.75, 1, 1, 1, 1, 0.75, 0.75
1964.44, 0.75, 1, 1, 1.1, 1.1, 0.75, 0.75
1999.52, 0.75, 1, 1, 1.1, 1.1, 0.75, 0.75
1999.521, 0.75, 1, 1, 1, 1, 0.75, 0.75
2276, 0.75, 1, 1, 1, 1, 0.75, 0.75
ENDTABLE



LOG_ENTRY Used Dataset: Road: Friction Map, S-L Grid; { Road Handling Course } 1.0 Asphalt, 1.1 Concrete, 0.75 Grass
#Library : Road: Friction Map, S-L Grid
#DataSet : 1.0 Asphalt, 1.1 Concrete, 0.75 Grass
#Category: Road Handling Course
#FileID  : RdMu_ec730a7b-6605-468c-9810-842dc2bc5209
#Product : TruckSim 2020.1
#VehCode Mu via S-L Grid

END
