PARSFILE
#FullDataName Scene: External Import`Mcity Scene Import`VS Scene Builder
#VehCode VS Terrain Scene
ADD_REFERENCE_FRAME Mcity
add_obj Animator/3D_Shape_Files/VS_SceneBuilder/Resources/Tilesets/Standalone/Mesh/Vsv/TreeWall.OSG
vsv_enable_shadows_recursive
SET_ANGLE_Z 0.000000
SET_OFFSET_X 30.911047
SET_OFFSET_Y 139.402281
SET_OFFSET_Z 0.000000
ADD_REFERENCE_FRAME Mcity
add_obj Animator/3D_Shape_Files/VS_SceneBuilder/Resources/Tilesets/Standalone/Mesh/Vsv/Details.OSG
vsv_enable_shadows_recursive
SET_ANGLE_Z 0.000000
SET_OFFSET_X 30.911047
SET_OFFSET_Y 139.402281
SET_OFFSET_Z 0.000000
ADD_REFERENCE_FRAME Mcity
add_obj Animator/3D_Shape_Files/VS_SceneBuilder/Resources/Tilesets/Standalone/Mesh/Vsv/Ground_01.OSG
vsv_enable_shadows_recursive
SET_ANGLE_Z 0.000000
SET_OFFSET_X 30.911047
SET_OFFSET_Y 139.402281
SET_OFFSET_Z 0.000000
ADD_REFERENCE_FRAME Mcity
add_obj Animator/3D_Shape_Files/VS_SceneBuilder/Resources/Tilesets/Standalone/Mesh/Vsv/Roads_01.OSG
vsv_enable_shadows_recursive
SET_ANGLE_Z 0.000000
SET_OFFSET_X 30.911047
SET_OFFSET_Y 139.402281
SET_OFFSET_Z 0.000000
ADD_REFERENCE_FRAME Mcity
add_obj Animator/3D_Shape_Files/VS_SceneBuilder/Resources/Tilesets/Standalone/Mesh/Vsv/RoadMarkings.OSG
vsv_enable_shadows_recursive
SET_ANGLE_Z 0.000000
SET_OFFSET_X 30.911047
SET_OFFSET_Y 139.402281
SET_OFFSET_Z 0.000000


DEFINE_PATHS   1
IPATH = NPATH
PATH_ID IPATH
OPT_PATH_START 0
OPT_PATH_LOOP 1
SPATH_START 0
PATH_ID_DM  = PATH_ID
set_description path_id Mcity Path
NSEGMENTS   1
IPATHSEG 1
SEGMENT_TYPE 1
DEFINE_XY_TABLES 1
ITAB_XY = NTAB_XY
XY_TABLE_ID = ITAB_XY
SET_DESCRIPTION XY_TABLE_ID Mcity Path Segment 1
XY_SEGMENT_ID = XY_TABLE_ID
SEGMENT_XY_TABLE
-49.435153, 58.184081, 12.901629, 0.000000
-49.690853, 83.156081, 13.119084, 24.973309
-49.777353, 103.301281, 13.270236, 45.118695
-49.894553, 112.759881, 13.353121, 54.578021
-50.116953, 120.827181, 13.435729, 62.648386
-50.248853, 123.140081, 13.462850, 64.965044
-50.251753, 127.171781, 13.510168, 68.996745
-50.116953, 134.719581, 13.600163, 76.545748
-50.171953, 144.532681, 13.704080, 86.359003
-50.457853, 155.770881, 13.843558, 97.600839
-50.152153, 166.868181, 14.038822, 108.702348
-49.751953, 178.039781, 14.241092, 119.881114
-49.533553, 180.130281, 14.276094, 121.982992
-49.224953, 182.073381, 14.309543, 123.950445
-48.582553, 184.210381, 14.362377, 126.181912
-47.741453, 186.126981, 14.446300, 128.274949
-46.681153, 187.891681, 14.532269, 130.333687
-45.273753, 189.635681, 14.629562, 132.574739
-44.150053, 191.099281, 14.713572, 134.419956
-43.151853, 193.111181, 14.818924, 136.665873
-42.683453, 195.172281, 14.914265, 138.779527
-42.446653, 197.536181, 15.018445, 141.155258
-42.556753, 199.810681, 15.111096, 143.432421
-43.109653, 201.898981, 15.179444, 145.592675
-44.515353, 204.209381, 15.238337, 148.297104
-45.839953, 205.645181, 15.259067, 150.250585
-47.683053, 207.067481, 15.266663, 152.578665
-49.479353, 207.939881, 15.256616, 154.575606
-52.130253, 208.487881, 15.207860, 157.282556
-54.689153, 208.511381, 15.153550, 159.841564
-56.817153, 208.200081, 15.088282, 161.992213
-59.185053, 207.408781, 14.984855, 164.488832
-61.184753, 206.039481, 14.853908, 166.912420
-62.983453, 204.047881, 14.701174, 169.596036
-64.519153, 201.463381, 14.544400, 172.602365
-65.204953, 199.133481, 14.439324, 175.031100
-65.309253, 197.535781, 14.388436, 176.632201
-65.133653, 195.713281, 14.374927, 178.463141
-64.475953, 193.567081, 14.368940, 180.707856
-63.754553, 192.132281, 14.364473, 182.313804
-62.530753, 190.327481, 14.360528, 184.494398
-61.269853, 188.737081, 14.355583, 186.523989
-59.921553, 187.024081, 14.344232, 188.703962
-58.667053, 185.053081, 14.316079, 191.040329
-57.963153, 183.448281, 14.281833, 192.792716
-57.456253, 181.803081, 14.269976, 194.514236
-57.144853, 180.172681, 14.275836, 196.174107
-57.016053, 178.401281, 14.254444, 197.950184
-56.908653, 162.723781, 13.943577, 213.628052
-57.069553, 148.787081, 13.687232, 227.565680
-57.123253, 137.189981, 13.546315, 239.162905
-57.176853, 120.599681, 13.416709, 255.753291
-57.069453, 98.318181, 13.258762, 278.035050
-57.015753, 81.727881, 13.119705, 294.625437
-56.280653, 56.070981, 12.850243, 320.292866
-56.117653, 51.436681, 12.781640, 324.930031
-56.118453, 49.242681, 12.734456, 327.124031
-56.188253, 46.786981, 12.666550, 329.580723
-56.371553, 43.925881, 12.564429, 332.447689
-56.537853, 42.220581, 12.493713, 334.161078
-57.062153, 39.840381, 12.382862, 336.598340
-58.701653, 36.254081, 12.176096, 340.541626
-61.864953, 30.925681, 11.797304, 346.738263
-64.135453, 27.508881, 11.558473, 350.840664
-66.060353, 25.171681, 11.385366, 353.868492
-69.885153, 20.728881, 11.039087, 359.730878
-71.341153, 18.753381, 10.896520, 362.184964
-72.504753, 16.702081, 10.765717, 364.543310
-73.650453, 13.930181, 10.613216, 367.542653
-74.329553, 11.414581, 10.497776, 370.148304
-74.615853, 9.366081, 10.419392, 372.216714
-74.702153, 7.594781, 10.361094, 373.990116
-74.360853, 3.857381, 10.266171, 377.743067
-73.462053, 0.569781, 10.203605, 381.151315
-71.989853, -2.585319, 10.157819, 384.632986
-69.799753, -5.687819, 10.130665, 388.430622
-66.702953, -8.630719, 10.119749, 392.702721
-62.787153, -11.000919, 10.111166, 397.279984
-58.294253, -12.467819, 10.129632, 402.006288
-54.236353, -12.871019, 10.186349, 406.084170
-50.232853, -12.478719, 10.275326, 410.106845
-46.424253, -11.324019, 10.392235, 414.086640
-43.086453, -9.564419, 10.525126, 417.859848
-40.729853, -7.774519, 10.639823, 420.819122
-38.746453, -5.773519, 10.754687, 423.636546
-36.852653, -3.202819, 10.888782, 426.829504
-35.494953, -0.632819, 11.013565, 429.736091
-34.639453, 1.682281, 11.122134, 432.204201
-33.970153, 4.728181, 11.265353, 435.322769
-33.770453, 7.594781, 11.399234, 438.196317
-34.220053, 11.950581, 11.577437, 442.575259
-35.680353, 16.246681, 11.725016, 447.112764
-38.425953, 21.056481, 11.877019, 452.651040
-41.209453, 25.412981, 12.002138, 457.820852
-43.079053, 28.816581, 12.112554, 461.704137
-44.833453, 33.041181, 12.282965, 466.278540
-46.402653, 37.785781, 12.440066, 471.275901
-47.712053, 42.504281, 12.583314, 476.172713
-48.635553, 47.188481, 12.704699, 480.947080
-49.232553, 52.858681, 12.823527, 486.648622
-49.435153, 58.184081, 12.901629, 491.977875
ENDTABLE

DEFINE_PATHS   1
IPATH = NPATH
PATH_ID IPATH
OPT_PATH_START 0
OPT_PATH_LOOP 1
SPATH_START 0
PATH_ID_DM  = PATH_ID
set_description path_id Mcity Outside Path
NSEGMENTS   1
IPATHSEG 1
SEGMENT_TYPE 1
DEFINE_XY_TABLES 1
ITAB_XY = NTAB_XY
XY_TABLE_ID = ITAB_XY
SET_DESCRIPTION XY_TABLE_ID Mcity Outside Path Segment 1
XY_SEGMENT_ID = XY_TABLE_ID
SEGMENT_XY_TABLE
3.502747, 298.153681, 20.889129, 0.000000
3.545347, 278.156481, 20.571667, 19.997245
3.523347, 261.892581, 19.841842, 36.261160
3.370347, 258.170681, 19.619956, 39.986204
2.655547, 254.531881, 19.384394, 43.694546
1.328947, 250.422581, 19.089005, 48.012672
-0.409953, 246.859581, 18.777432, 51.977359
-2.513553, 243.525781, 18.473318, 55.919358
-5.003953, 240.407281, 18.172805, 59.910240
-7.355753, 238.196081, 17.954336, 63.138299
-9.621253, 236.438781, 17.824551, 66.005457
-13.372753, 234.183981, 17.661818, 70.382428
-16.538753, 232.840481, 17.515169, 73.821694
-20.358853, 231.355681, 17.358390, 77.920205
-23.530253, 229.945681, 17.217441, 81.390922
-26.944553, 227.968181, 17.034717, 85.336546
-29.629553, 225.876681, 16.857487, 88.740015
-32.111353, 223.492381, 16.657543, 92.181558
-34.450653, 221.030881, 16.444633, 95.577336
-38.663253, 216.382081, 16.038327, 101.850878
-41.900453, 213.134981, 15.757774, 106.435976
-43.209753, 212.033581, 15.654663, 108.146926
-45.330253, 210.719481, 15.506748, 110.641596
-47.602953, 209.815081, 15.393959, 113.087635
-50.071153, 209.160281, 15.298365, 115.641215
-52.164753, 208.817381, 15.222772, 117.762710
-54.438653, 208.637881, 15.165283, 120.043684
-56.278553, 208.400281, 15.111176, 121.898862
-58.062653, 207.867281, 15.039805, 123.760878
-59.656853, 207.115681, 14.955988, 125.523369
-61.253653, 205.960181, 14.847842, 127.494397
-62.577353, 204.496881, 14.735140, 129.467574
-63.874453, 202.825581, 14.618786, 131.583162
-65.070753, 201.384881, 14.525583, 133.455794
-66.338553, 200.138081, 14.440999, 135.233947
-69.073853, 198.194181, 14.286749, 138.589631
-72.417253, 196.493781, 14.329229, 142.340588
-75.462253, 195.052081, 14.295647, 145.709642
-77.989553, 193.616781, 14.253919, 148.616071
-80.165353, 192.153581, 14.219226, 151.238105
-82.260953, 190.454681, 14.184412, 153.935845
-83.783253, 188.950181, 14.157156, 156.076153
-85.256253, 187.249881, 14.129406, 158.325764
-86.784153, 185.130481, 14.098294, 160.938489
-88.088153, 182.956881, 14.069351, 163.473238
-89.273653, 180.654281, 14.041701, 166.063099
-90.356253, 178.080781, 14.012281, 168.855038
-91.139253, 175.678781, 13.984169, 171.381437
-91.776753, 173.291881, 13.955609, 173.852003
-92.299153, 170.661681, 13.921522, 176.533580
-92.542353, 168.264581, 13.885207, 178.942986
-92.617253, 165.229081, 13.832936, 181.979410
-92.668953, 161.897481, 13.771936, 185.311411
-92.728653, 154.951681, 13.594193, 192.257467
-92.728653, 136.028281, 13.058596, 211.180867
-92.713353, 128.298981, 12.813083, 218.910182
-92.903553, 123.300181, 12.645808, 223.912599
-93.274353, 117.888381, 12.469779, 229.337088
-94.202353, 109.285481, 12.189723, 237.989895
-95.635453, 96.841881, 11.820343, 250.515746
-96.783453, 86.746081, 11.545258, 260.676607
-98.073953, 75.618881, 11.243737, 271.878391
-99.478253, 63.588981, 10.916353, 283.989978
-101.031753, 49.933181, 10.549406, 297.733858
-101.647753, 44.183381, 10.395674, 303.516562
-101.901353, 41.258681, 10.317430, 306.452236
-102.351253, 34.894381, 10.146122, 312.832418
-102.646353, 28.755381, 9.980508, 318.978507
-102.695553, 26.646481, 9.924085, 321.087980
-102.739753, 23.318281, 9.836572, 324.416474
-102.732753, 18.028081, 9.698447, 329.706678
-102.724453, 9.168981, 9.455411, 338.565782
-102.711453, -7.464219, 9.004538, 355.198987
-102.735853, -28.496919, 8.440694, 376.231702
-102.574053, -31.139119, 8.372325, 378.878851
-102.138253, -34.032219, 8.298027, 381.804590
-101.395453, -37.179819, 8.216464, 385.038649
-100.442453, -40.128219, 8.138440, 388.137241
-98.963853, -43.299019, 8.053320, 391.635845
-97.687853, -45.619519, 7.990290, 394.284032
-95.776553, -48.731919, 7.901237, 397.936443
-92.848953, -52.542919, 7.769068, 402.742123
-90.202453, -55.142919, 7.664231, 406.452104
-86.757653, -57.961619, 7.553582, 410.903140
-84.013853, -59.648219, 7.520471, 414.123863
-81.217653, -60.919819, 7.511816, 417.195622
-78.854953, -61.796319, 7.509331, 419.715662
-75.845953, -62.710419, 7.508795, 422.860445
-73.281653, -63.263419, 7.509989, 425.483696
-70.719353, -63.681019, 7.511696, 428.079803
-67.677453, -63.908819, 7.512693, 431.130220
-64.906453, -63.785219, 7.512073, 433.903976
-61.219953, -63.484719, 7.511060, 437.602703
-57.911453, -63.140619, 7.513541, 440.929049
-54.640453, -62.727619, 7.525489, 444.226018
-36.259453, -59.955419, 7.975714, 462.814893
-7.869053, -55.770719, 8.846087, 491.512045
11.832047, -52.983419, 9.447352, 511.409341
19.746747, -51.486119, 9.706206, 519.464425
24.071547, -49.784019, 9.861673, 524.112117
27.551447, -48.006619, 9.996069, 528.019655
31.630147, -45.513419, 10.165719, 532.800015
36.100247, -41.836019, 10.368834, 538.588371
38.291747, -39.252919, 10.483574, 541.975859
40.808947, -35.776919, 10.622286, 546.267580
43.074247, -31.734619, 10.756675, 550.901345
45.019547, -25.925919, 10.924922, 557.027126
45.754747, -19.612719, 11.098023, 563.382990
46.082847, -11.180619, 11.330139, 571.821471
46.104247, -2.060819, 11.574886, 580.941296
45.984047, 59.650981, 13.117332, 642.653213
45.984247, 87.975681, 13.826866, 670.977913
45.863947, 121.603781, 14.662028, 704.606228
46.720047, 132.784681, 14.954152, 715.819855
49.581547, 147.660281, 15.386770, 730.968177
52.412247, 157.549481, 15.693407, 741.254534
55.590347, 167.965981, 16.003974, 752.145071
59.439347, 179.699481, 16.399256, 764.493748
64.171747, 191.425381, 16.817565, 777.138602
77.941547, 219.145181, 17.719681, 808.090092
98.364247, 260.109181, 18.679314, 853.862747
103.001047, 270.208581, 18.923131, 864.975703
105.939347, 279.357081, 19.136549, 874.584484
106.942447, 286.232581, 19.276494, 881.532772
106.919047, 291.918481, 19.378614, 887.218720
106.217047, 297.110581, 19.470164, 892.458062
104.439747, 301.646581, 19.559498, 897.329827
101.534547, 305.799481, 19.650872, 902.398038
96.047947, 311.287581, 19.744838, 910.158323
90.179547, 315.624381, 19.738337, 917.455305
81.284747, 320.190781, 19.664947, 927.453779
71.226047, 323.286281, 19.575713, 937.978016
64.019047, 325.104381, 19.513962, 945.410804
51.528747, 327.289281, 19.457608, 958.090764
38.787147, 328.835981, 19.835530, 970.925898
34.447847, 329.265481, 19.938409, 975.286401
30.860947, 329.347481, 20.022936, 978.874239
27.118147, 328.910581, 20.106036, 982.642452
23.914847, 328.196881, 20.179224, 985.924296
20.902247, 327.084981, 20.249170, 989.135539
17.607947, 325.512181, 20.334806, 992.786034
15.028847, 323.660081, 20.404059, 995.961255
11.812447, 320.867181, 20.498491, 1000.221011
10.041047, 318.646681, 20.550285, 1003.061518
7.578847, 315.156781, 20.633365, 1007.332563
6.016947, 312.344381, 20.702074, 1010.549569
4.814147, 308.866481, 20.775321, 1014.229585
4.184547, 305.824181, 20.828229, 1017.336349
3.710647, 302.445881, 20.872593, 1020.747726
3.502747, 298.153681, 20.889129, 1025.044958
ENDTABLE
#CheckBox0 0    
#CheckBox1 0    
#CheckBox2 1    
#CheckBox3 0    
SMTH_MULT 1.0
SMTH_MINACC 1.0
JSON_FILENAME Scene_Import\VS_Scene_Builder\Mcity_scene.vsscene
VS_TERRAIN_FILE Scene_Import\VS_Scene_Builder\Mcity_scene.vsterrain
#RingCtrl0 1
SMTH_PASS 1
GPS_REF_LAT 42.299701
GPS_REF_LONG -83.69800975
GPS_REF_ALT 270.13

!!!!!!!!!!!!!!!!!!!!!!!!!!!!!!!!!!!!!!!!!!!!!!!!!!!!!!!!!!!!!!
!!!!!!!!!!!!!!!!!!!  Warning: Raw Data Below  !!!!!!!!!!!!!!!!
!!!!!!!!!!!!!!!!!!!!!!!!!  Do Not Edit  !!!!!!!!!!!!!!!!!!!!!!
!!!!!!!!!!!!!!!!!!!!!!!!!!!!!!!!!!!!!!!!!!!!!!!!!!!!!!!!!!!!!!
! Table Columns:
!   NOTE: Label columns are not written to parsfile.
!
! 0: (Text) Describes the import object type (PATH or SEGM)
! 1: (Text) Describes the import object internal ID
! 2: (Text) Describes the import object name
! 3: (Text) Id of segment linked to by a path
! 4: (Text) X Coordinate of Segment definition
! 5: (Text) Y Coordinate of Segment definition
! 6: (Text) Z Coordinate of Segment definition
! 7: (Text) S Coordinate of Segment definition
! 8: (Text) Heading of a segment linked to by a path
! 9: (Text) RenderObject Title
! 10: (Text) RenderObject Path
! 11: (Text) RenderObject Z Angle
! 12: (Text) RenderObject X Offset
! 13: (Text) RenderObject Y Offset
! 14: (Text) RenderObject Z Offset
! 15: (Text) RenderObject No Shadows
! 16: (Text) SensorObject Title
! 17: (Text) SensorObject X
! 18: (Text) SensorObject Y
! 19: (Text) SensorObject Height
! 20: (Text) SensorObject Diameter
! 21: (Text) SensorObject Type
! 22: (Text) SensorObject Message
! 23: (Text) Path is looped
#MIXTABLE0
#NUMROWS 259
#SEGM, 0, , , -49.435153, 58.184081, 12.901629, 0.000000, , , , , , , , , , , , , , , , 
#SEGM, 0, , , -49.690853, 83.156081, 13.119084, 24.973309, , , , , , , , , , , , , , , , 
#SEGM, 0, , , -49.777353, 103.301281, 13.270236, 45.118695, , , , , , , , , , , , , , , , 
#SEGM, 0, , , -49.894553, 112.759881, 13.353121, 54.578021, , , , , , , , , , , , , , , , 
#SEGM, 0, , , -50.116953, 120.827181, 13.435729, 62.648386, , , , , , , , , , , , , , , , 
#SEGM, 0, , , -50.248853, 123.140081, 13.462850, 64.965044, , , , , , , , , , , , , , , , 
#SEGM, 0, , , -50.251753, 127.171781, 13.510168, 68.996745, , , , , , , , , , , , , , , , 
#SEGM, 0, , , -50.116953, 134.719581, 13.600163, 76.545748, , , , , , , , , , , , , , , , 
#SEGM, 0, , , -50.171953, 144.532681, 13.704080, 86.359003, , , , , , , , , , , , , , , , 
#SEGM, 0, , , -50.457853, 155.770881, 13.843558, 97.600839, , , , , , , , , , , , , , , , 
#SEGM, 0, , , -50.152153, 166.868181, 14.038822, 108.702348, , , , , , , , , , , , , , , , 
#SEGM, 0, , , -49.751953, 178.039781, 14.241092, 119.881114, , , , , , , , , , , , , , , , 
#SEGM, 0, , , -49.533553, 180.130281, 14.276094, 121.982992, , , , , , , , , , , , , , , , 
#SEGM, 0, , , -49.224953, 182.073381, 14.309543, 123.950445, , , , , , , , , , , , , , , , 
#SEGM, 0, , , -48.582553, 184.210381, 14.362377, 126.181912, , , , , , , , , , , , , , , , 
#SEGM, 0, , , -47.741453, 186.126981, 14.446300, 128.274949, , , , , , , , , , , , , , , , 
#SEGM, 0, , , -46.681153, 187.891681, 14.532269, 130.333687, , , , , , , , , , , , , , , , 
#SEGM, 0, , , -45.273753, 189.635681, 14.629562, 132.574739, , , , , , , , , , , , , , , , 
#SEGM, 0, , , -44.150053, 191.099281, 14.713572, 134.419956, , , , , , , , , , , , , , , , 
#SEGM, 0, , , -43.151853, 193.111181, 14.818924, 136.665873, , , , , , , , , , , , , , , , 
#SEGM, 0, , , -42.683453, 195.172281, 14.914265, 138.779527, , , , , , , , , , , , , , , , 
#SEGM, 0, , , -42.446653, 197.536181, 15.018445, 141.155258, , , , , , , , , , , , , , , , 
#SEGM, 0, , , -42.556753, 199.810681, 15.111096, 143.432421, , , , , , , , , , , , , , , , 
#SEGM, 0, , , -43.109653, 201.898981, 15.179444, 145.592675, , , , , , , , , , , , , , , , 
#SEGM, 0, , , -44.515353, 204.209381, 15.238337, 148.297104, , , , , , , , , , , , , , , , 
#SEGM, 0, , , -45.839953, 205.645181, 15.259067, 150.250585, , , , , , , , , , , , , , , , 
#SEGM, 0, , , -47.683053, 207.067481, 15.266663, 152.578665, , , , , , , , , , , , , , , , 
#SEGM, 0, , , -49.479353, 207.939881, 15.256616, 154.575606, , , , , , , , , , , , , , , , 
#SEGM, 0, , , -52.130253, 208.487881, 15.207860, 157.282556, , , , , , , , , , , , , , , , 
#SEGM, 0, , , -54.689153, 208.511381, 15.153550, 159.841564, , , , , , , , , , , , , , , , 
#SEGM, 0, , , -56.817153, 208.200081, 15.088282, 161.992213, , , , , , , , , , , , , , , , 
#SEGM, 0, , , -59.185053, 207.408781, 14.984855, 164.488832, , , , , , , , , , , , , , , , 
#SEGM, 0, , , -61.184753, 206.039481, 14.853908, 166.912420, , , , , , , , , , , , , , , , 
#SEGM, 0, , , -62.983453, 204.047881, 14.701174, 169.596036, , , , , , , , , , , , , , , , 
#SEGM, 0, , , -64.519153, 201.463381, 14.544400, 172.602365, , , , , , , , , , , , , , , , 
#SEGM, 0, , , -65.204953, 199.133481, 14.439324, 175.031100, , , , , , , , , , , , , , , , 
#SEGM, 0, , , -65.309253, 197.535781, 14.388436, 176.632201, , , , , , , , , , , , , , , , 
#SEGM, 0, , , -65.133653, 195.713281, 14.374927, 178.463141, , , , , , , , , , , , , , , , 
#SEGM, 0, , , -64.475953, 193.567081, 14.368940, 180.707856, , , , , , , , , , , , , , , , 
#SEGM, 0, , , -63.754553, 192.132281, 14.364473, 182.313804, , , , , , , , , , , , , , , , 
#SEGM, 0, , , -62.530753, 190.327481, 14.360528, 184.494398, , , , , , , , , , , , , , , , 
#SEGM, 0, , , -61.269853, 188.737081, 14.355583, 186.523989, , , , , , , , , , , , , , , , 
#SEGM, 0, , , -59.921553, 187.024081, 14.344232, 188.703962, , , , , , , , , , , , , , , , 
#SEGM, 0, , , -58.667053, 185.053081, 14.316079, 191.040329, , , , , , , , , , , , , , , , 
#SEGM, 0, , , -57.963153, 183.448281, 14.281833, 192.792716, , , , , , , , , , , , , , , , 
#SEGM, 0, , , -57.456253, 181.803081, 14.269976, 194.514236, , , , , , , , , , , , , , , , 
#SEGM, 0, , , -57.144853, 180.172681, 14.275836, 196.174107, , , , , , , , , , , , , , , , 
#SEGM, 0, , , -57.016053, 178.401281, 14.254444, 197.950184, , , , , , , , , , , , , , , , 
#SEGM, 0, , , -56.908653, 162.723781, 13.943577, 213.628052, , , , , , , , , , , , , , , , 
#SEGM, 0, , , -57.069553, 148.787081, 13.687232, 227.565680, , , , , , , , , , , , , , , , 
#SEGM, 0, , , -57.123253, 137.189981, 13.546315, 239.162905, , , , , , , , , , , , , , , , 
#SEGM, 0, , , -57.176853, 120.599681, 13.416709, 255.753291, , , , , , , , , , , , , , , , 
#SEGM, 0, , , -57.069453, 98.318181, 13.258762, 278.035050, , , , , , , , , , , , , , , , 
#SEGM, 0, , , -57.015753, 81.727881, 13.119705, 294.625437, , , , , , , , , , , , , , , , 
#SEGM, 0, , , -56.280653, 56.070981, 12.850243, 320.292866, , , , , , , , , , , , , , , , 
#SEGM, 0, , , -56.117653, 51.436681, 12.781640, 324.930031, , , , , , , , , , , , , , , , 
#SEGM, 0, , , -56.118453, 49.242681, 12.734456, 327.124031, , , , , , , , , , , , , , , , 
#SEGM, 0, , , -56.188253, 46.786981, 12.666550, 329.580723, , , , , , , , , , , , , , , , 
#SEGM, 0, , , -56.371553, 43.925881, 12.564429, 332.447689, , , , , , , , , , , , , , , , 
#SEGM, 0, , , -56.537853, 42.220581, 12.493713, 334.161078, , , , , , , , , , , , , , , , 
#SEGM, 0, , , -57.062153, 39.840381, 12.382862, 336.598340, , , , , , , , , , , , , , , , 
#SEGM, 0, , , -58.701653, 36.254081, 12.176096, 340.541626, , , , , , , , , , , , , , , , 
#SEGM, 0, , , -61.864953, 30.925681, 11.797304, 346.738263, , , , , , , , , , , , , , , , 
#SEGM, 0, , , -64.135453, 27.508881, 11.558473, 350.840664, , , , , , , , , , , , , , , , 
#SEGM, 0, , , -66.060353, 25.171681, 11.385366, 353.868492, , , , , , , , , , , , , , , , 
#SEGM, 0, , , -69.885153, 20.728881, 11.039087, 359.730878, , , , , , , , , , , , , , , , 
#SEGM, 0, , , -71.341153, 18.753381, 10.896520, 362.184964, , , , , , , , , , , , , , , , 
#SEGM, 0, , , -72.504753, 16.702081, 10.765717, 364.543310, , , , , , , , , , , , , , , , 
#SEGM, 0, , , -73.650453, 13.930181, 10.613216, 367.542653, , , , , , , , , , , , , , , , 
#SEGM, 0, , , -74.329553, 11.414581, 10.497776, 370.148304, , , , , , , , , , , , , , , , 
#SEGM, 0, , , -74.615853, 9.366081, 10.419392, 372.216714, , , , , , , , , , , , , , , , 
#SEGM, 0, , , -74.702153, 7.594781, 10.361094, 373.990116, , , , , , , , , , , , , , , , 
#SEGM, 0, , , -74.360853, 3.857381, 10.266171, 377.743067, , , , , , , , , , , , , , , , 
#SEGM, 0, , , -73.462053, 0.569781, 10.203605, 381.151315, , , , , , , , , , , , , , , , 
#SEGM, 0, , , -71.989853, -2.585319, 10.157819, 384.632986, , , , , , , , , , , , , , , , 
#SEGM, 0, , , -69.799753, -5.687819, 10.130665, 388.430622, , , , , , , , , , , , , , , , 
#SEGM, 0, , , -66.702953, -8.630719, 10.119749, 392.702721, , , , , , , , , , , , , , , , 
#SEGM, 0, , , -62.787153, -11.000919, 10.111166, 397.279984, , , , , , , , , , , , , , , , 
#SEGM, 0, , , -58.294253, -12.467819, 10.129632, 402.006288, , , , , , , , , , , , , , , , 
#SEGM, 0, , , -54.236353, -12.871019, 10.186349, 406.084170, , , , , , , , , , , , , , , , 
#SEGM, 0, , , -50.232853, -12.478719, 10.275326, 410.106845, , , , , , , , , , , , , , , , 
#SEGM, 0, , , -46.424253, -11.324019, 10.392235, 414.086640, , , , , , , , , , , , , , , , 
#SEGM, 0, , , -43.086453, -9.564419, 10.525126, 417.859848, , , , , , , , , , , , , , , , 
#SEGM, 0, , , -40.729853, -7.774519, 10.639823, 420.819122, , , , , , , , , , , , , , , , 
#SEGM, 0, , , -38.746453, -5.773519, 10.754687, 423.636546, , , , , , , , , , , , , , , , 
#SEGM, 0, , , -36.852653, -3.202819, 10.888782, 426.829504, , , , , , , , , , , , , , , , 
#SEGM, 0, , , -35.494953, -0.632819, 11.013565, 429.736091, , , , , , , , , , , , , , , , 
#SEGM, 0, , , -34.639453, 1.682281, 11.122134, 432.204201, , , , , , , , , , , , , , , , 
#SEGM, 0, , , -33.970153, 4.728181, 11.265353, 435.322769, , , , , , , , , , , , , , , , 
#SEGM, 0, , , -33.770453, 7.594781, 11.399234, 438.196317, , , , , , , , , , , , , , , , 
#SEGM, 0, , , -34.220053, 11.950581, 11.577437, 442.575259, , , , , , , , , , , , , , , , 
#SEGM, 0, , , -35.680353, 16.246681, 11.725016, 447.112764, , , , , , , , , , , , , , , , 
#SEGM, 0, , , -38.425953, 21.056481, 11.877019, 452.651040, , , , , , , , , , , , , , , , 
#SEGM, 0, , , -41.209453, 25.412981, 12.002138, 457.820852, , , , , , , , , , , , , , , , 
#SEGM, 0, , , -43.079053, 28.816581, 12.112554, 461.704137, , , , , , , , , , , , , , , , 
#SEGM, 0, , , -44.833453, 33.041181, 12.282965, 466.278540, , , , , , , , , , , , , , , , 
#SEGM, 0, , , -46.402653, 37.785781, 12.440066, 471.275901, , , , , , , , , , , , , , , , 
#SEGM, 0, , , -47.712053, 42.504281, 12.583314, 476.172713, , , , , , , , , , , , , , , , 
#SEGM, 0, , , -48.635553, 47.188481, 12.704699, 480.947080, , , , , , , , , , , , , , , , 
#SEGM, 0, , , -49.232553, 52.858681, 12.823527, 486.648622, , , , , , , , , , , , , , , , 
#SEGM, 0, , , -49.435153, 58.184081, 12.901629, 491.977875, , , , , , , , , , , , , , , , 
#SEGM, 1, , , 3.502747, 298.153681, 20.889129, 0.000000, , , , , , , , , , , , , , , , 
#SEGM, 1, , , 3.545347, 278.156481, 20.571667, 19.997245, , , , , , , , , , , , , , , , 
#SEGM, 1, , , 3.523347, 261.892581, 19.841842, 36.261160, , , , , , , , , , , , , , , , 
#SEGM, 1, , , 3.370347, 258.170681, 19.619956, 39.986204, , , , , , , , , , , , , , , , 
#SEGM, 1, , , 2.655547, 254.531881, 19.384394, 43.694546, , , , , , , , , , , , , , , , 
#SEGM, 1, , , 1.328947, 250.422581, 19.089005, 48.012672, , , , , , , , , , , , , , , , 
#SEGM, 1, , , -0.409953, 246.859581, 18.777432, 51.977359, , , , , , , , , , , , , , , , 
#SEGM, 1, , , -2.513553, 243.525781, 18.473318, 55.919358, , , , , , , , , , , , , , , , 
#SEGM, 1, , , -5.003953, 240.407281, 18.172805, 59.910240, , , , , , , , , , , , , , , , 
#SEGM, 1, , , -7.355753, 238.196081, 17.954336, 63.138299, , , , , , , , , , , , , , , , 
#SEGM, 1, , , -9.621253, 236.438781, 17.824551, 66.005457, , , , , , , , , , , , , , , , 
#SEGM, 1, , , -13.372753, 234.183981, 17.661818, 70.382428, , , , , , , , , , , , , , , , 
#SEGM, 1, , , -16.538753, 232.840481, 17.515169, 73.821694, , , , , , , , , , , , , , , , 
#SEGM, 1, , , -20.358853, 231.355681, 17.358390, 77.920205, , , , , , , , , , , , , , , , 
#SEGM, 1, , , -23.530253, 229.945681, 17.217441, 81.390922, , , , , , , , , , , , , , , , 
#SEGM, 1, , , -26.944553, 227.968181, 17.034717, 85.336546, , , , , , , , , , , , , , , , 
#SEGM, 1, , , -29.629553, 225.876681, 16.857487, 88.740015, , , , , , , , , , , , , , , , 
#SEGM, 1, , , -32.111353, 223.492381, 16.657543, 92.181558, , , , , , , , , , , , , , , , 
#SEGM, 1, , , -34.450653, 221.030881, 16.444633, 95.577336, , , , , , , , , , , , , , , , 
#SEGM, 1, , , -38.663253, 216.382081, 16.038327, 101.850878, , , , , , , , , , , , , , , , 
#SEGM, 1, , , -41.900453, 213.134981, 15.757774, 106.435976, , , , , , , , , , , , , , , , 
#SEGM, 1, , , -43.209753, 212.033581, 15.654663, 108.146926, , , , , , , , , , , , , , , , 
#SEGM, 1, , , -45.330253, 210.719481, 15.506748, 110.641596, , , , , , , , , , , , , , , , 
#SEGM, 1, , , -47.602953, 209.815081, 15.393959, 113.087635, , , , , , , , , , , , , , , , 
#SEGM, 1, , , -50.071153, 209.160281, 15.298365, 115.641215, , , , , , , , , , , , , , , , 
#SEGM, 1, , , -52.164753, 208.817381, 15.222772, 117.762710, , , , , , , , , , , , , , , , 
#SEGM, 1, , , -54.438653, 208.637881, 15.165283, 120.043684, , , , , , , , , , , , , , , , 
#SEGM, 1, , , -56.278553, 208.400281, 15.111176, 121.898862, , , , , , , , , , , , , , , , 
#SEGM, 1, , , -58.062653, 207.867281, 15.039805, 123.760878, , , , , , , , , , , , , , , , 
#SEGM, 1, , , -59.656853, 207.115681, 14.955988, 125.523369, , , , , , , , , , , , , , , , 
#SEGM, 1, , , -61.253653, 205.960181, 14.847842, 127.494397, , , , , , , , , , , , , , , , 
#SEGM, 1, , , -62.577353, 204.496881, 14.735140, 129.467574, , , , , , , , , , , , , , , , 
#SEGM, 1, , , -63.874453, 202.825581, 14.618786, 131.583162, , , , , , , , , , , , , , , , 
#SEGM, 1, , , -65.070753, 201.384881, 14.525583, 133.455794, , , , , , , , , , , , , , , , 
#SEGM, 1, , , -66.338553, 200.138081, 14.440999, 135.233947, , , , , , , , , , , , , , , , 
#SEGM, 1, , , -69.073853, 198.194181, 14.286749, 138.589631, , , , , , , , , , , , , , , , 
#SEGM, 1, , , -72.417253, 196.493781, 14.329229, 142.340588, , , , , , , , , , , , , , , , 
#SEGM, 1, , , -75.462253, 195.052081, 14.295647, 145.709642, , , , , , , , , , , , , , , , 
#SEGM, 1, , , -77.989553, 193.616781, 14.253919, 148.616071, , , , , , , , , , , , , , , , 
#SEGM, 1, , , -80.165353, 192.153581, 14.219226, 151.238105, , , , , , , , , , , , , , , , 
#SEGM, 1, , , -82.260953, 190.454681, 14.184412, 153.935845, , , , , , , , , , , , , , , , 
#SEGM, 1, , , -83.783253, 188.950181, 14.157156, 156.076153, , , , , , , , , , , , , , , , 
#SEGM, 1, , , -85.256253, 187.249881, 14.129406, 158.325764, , , , , , , , , , , , , , , , 
#SEGM, 1, , , -86.784153, 185.130481, 14.098294, 160.938489, , , , , , , , , , , , , , , , 
#SEGM, 1, , , -88.088153, 182.956881, 14.069351, 163.473238, , , , , , , , , , , , , , , , 
#SEGM, 1, , , -89.273653, 180.654281, 14.041701, 166.063099, , , , , , , , , , , , , , , , 
#SEGM, 1, , , -90.356253, 178.080781, 14.012281, 168.855038, , , , , , , , , , , , , , , , 
#SEGM, 1, , , -91.139253, 175.678781, 13.984169, 171.381437, , , , , , , , , , , , , , , , 
#SEGM, 1, , , -91.776753, 173.291881, 13.955609, 173.852003, , , , , , , , , , , , , , , , 
#SEGM, 1, , , -92.299153, 170.661681, 13.921522, 176.533580, , , , , , , , , , , , , , , , 
#SEGM, 1, , , -92.542353, 168.264581, 13.885207, 178.942986, , , , , , , , , , , , , , , , 
#SEGM, 1, , , -92.617253, 165.229081, 13.832936, 181.979410, , , , , , , , , , , , , , , , 
#SEGM, 1, , , -92.668953, 161.897481, 13.771936, 185.311411, , , , , , , , , , , , , , , , 
#SEGM, 1, , , -92.728653, 154.951681, 13.594193, 192.257467, , , , , , , , , , , , , , , , 
#SEGM, 1, , , -92.728653, 136.028281, 13.058596, 211.180867, , , , , , , , , , , , , , , , 
#SEGM, 1, , , -92.713353, 128.298981, 12.813083, 218.910182, , , , , , , , , , , , , , , , 
#SEGM, 1, , , -92.903553, 123.300181, 12.645808, 223.912599, , , , , , , , , , , , , , , , 
#SEGM, 1, , , -93.274353, 117.888381, 12.469779, 229.337088, , , , , , , , , , , , , , , , 
#SEGM, 1, , , -94.202353, 109.285481, 12.189723, 237.989895, , , , , , , , , , , , , , , , 
#SEGM, 1, , , -95.635453, 96.841881, 11.820343, 250.515746, , , , , , , , , , , , , , , , 
#SEGM, 1, , , -96.783453, 86.746081, 11.545258, 260.676607, , , , , , , , , , , , , , , , 
#SEGM, 1, , , -98.073953, 75.618881, 11.243737, 271.878391, , , , , , , , , , , , , , , , 
#SEGM, 1, , , -99.478253, 63.588981, 10.916353, 283.989978, , , , , , , , , , , , , , , , 
#SEGM, 1, , , -101.031753, 49.933181, 10.549406, 297.733858, , , , , , , , , , , , , , , , 
#SEGM, 1, , , -101.647753, 44.183381, 10.395674, 303.516562, , , , , , , , , , , , , , , , 
#SEGM, 1, , , -101.901353, 41.258681, 10.317430, 306.452236, , , , , , , , , , , , , , , , 
#SEGM, 1, , , -102.351253, 34.894381, 10.146122, 312.832418, , , , , , , , , , , , , , , , 
#SEGM, 1, , , -102.646353, 28.755381, 9.980508, 318.978507, , , , , , , , , , , , , , , , 
#SEGM, 1, , , -102.695553, 26.646481, 9.924085, 321.087980, , , , , , , , , , , , , , , , 
#SEGM, 1, , , -102.739753, 23.318281, 9.836572, 324.416474, , , , , , , , , , , , , , , , 
#SEGM, 1, , , -102.732753, 18.028081, 9.698447, 329.706678, , , , , , , , , , , , , , , , 
#SEGM, 1, , , -102.724453, 9.168981, 9.455411, 338.565782, , , , , , , , , , , , , , , , 
#SEGM, 1, , , -102.711453, -7.464219, 9.004538, 355.198987, , , , , , , , , , , , , , , , 
#SEGM, 1, , , -102.735853, -28.496919, 8.440694, 376.231702, , , , , , , , , , , , , , , , 
#SEGM, 1, , , -102.574053, -31.139119, 8.372325, 378.878851, , , , , , , , , , , , , , , , 
#SEGM, 1, , , -102.138253, -34.032219, 8.298027, 381.804590, , , , , , , , , , , , , , , , 
#SEGM, 1, , , -101.395453, -37.179819, 8.216464, 385.038649, , , , , , , , , , , , , , , , 
#SEGM, 1, , , -100.442453, -40.128219, 8.138440, 388.137241, , , , , , , , , , , , , , , , 
#SEGM, 1, , , -98.963853, -43.299019, 8.053320, 391.635845, , , , , , , , , , , , , , , , 
#SEGM, 1, , , -97.687853, -45.619519, 7.990290, 394.284032, , , , , , , , , , , , , , , , 
#SEGM, 1, , , -95.776553, -48.731919, 7.901237, 397.936443, , , , , , , , , , , , , , , , 
#SEGM, 1, , , -92.848953, -52.542919, 7.769068, 402.742123, , , , , , , , , , , , , , , , 
#SEGM, 1, , , -90.202453, -55.142919, 7.664231, 406.452104, , , , , , , , , , , , , , , , 
#SEGM, 1, , , -86.757653, -57.961619, 7.553582, 410.903140, , , , , , , , , , , , , , , , 
#SEGM, 1, , , -84.013853, -59.648219, 7.520471, 414.123863, , , , , , , , , , , , , , , , 
#SEGM, 1, , , -81.217653, -60.919819, 7.511816, 417.195622, , , , , , , , , , , , , , , , 
#SEGM, 1, , , -78.854953, -61.796319, 7.509331, 419.715662, , , , , , , , , , , , , , , , 
#SEGM, 1, , , -75.845953, -62.710419, 7.508795, 422.860445, , , , , , , , , , , , , , , , 
#SEGM, 1, , , -73.281653, -63.263419, 7.509989, 425.483696, , , , , , , , , , , , , , , , 
#SEGM, 1, , , -70.719353, -63.681019, 7.511696, 428.079803, , , , , , , , , , , , , , , , 
#SEGM, 1, , , -67.677453, -63.908819, 7.512693, 431.130220, , , , , , , , , , , , , , , , 
#SEGM, 1, , , -64.906453, -63.785219, 7.512073, 433.903976, , , , , , , , , , , , , , , , 
#SEGM, 1, , , -61.219953, -63.484719, 7.511060, 437.602703, , , , , , , , , , , , , , , , 
#SEGM, 1, , , -57.911453, -63.140619, 7.513541, 440.929049, , , , , , , , , , , , , , , , 
#SEGM, 1, , , -54.640453, -62.727619, 7.525489, 444.226018, , , , , , , , , , , , , , , , 
#SEGM, 1, , , -36.259453, -59.955419, 7.975714, 462.814893, , , , , , , , , , , , , , , , 
#SEGM, 1, , , -7.869053, -55.770719, 8.846087, 491.512045, , , , , , , , , , , , , , , , 
#SEGM, 1, , , 11.832047, -52.983419, 9.447352, 511.409341, , , , , , , , , , , , , , , , 
#SEGM, 1, , , 19.746747, -51.486119, 9.706206, 519.464425, , , , , , , , , , , , , , , , 
#SEGM, 1, , , 24.071547, -49.784019, 9.861673, 524.112117, , , , , , , , , , , , , , , , 
#SEGM, 1, , , 27.551447, -48.006619, 9.996069, 528.019655, , , , , , , , , , , , , , , , 
#SEGM, 1, , , 31.630147, -45.513419, 10.165719, 532.800015, , , , , , , , , , , , , , , , 
#SEGM, 1, , , 36.100247, -41.836019, 10.368834, 538.588371, , , , , , , , , , , , , , , , 
#SEGM, 1, , , 38.291747, -39.252919, 10.483574, 541.975859, , , , , , , , , , , , , , , , 
#SEGM, 1, , , 40.808947, -35.776919, 10.622286, 546.267580, , , , , , , , , , , , , , , , 
#SEGM, 1, , , 43.074247, -31.734619, 10.756675, 550.901345, , , , , , , , , , , , , , , , 
#SEGM, 1, , , 45.019547, -25.925919, 10.924922, 557.027126, , , , , , , , , , , , , , , , 
#SEGM, 1, , , 45.754747, -19.612719, 11.098023, 563.382990, , , , , , , , , , , , , , , , 
#SEGM, 1, , , 46.082847, -11.180619, 11.330139, 571.821471, , , , , , , , , , , , , , , , 
#SEGM, 1, , , 46.104247, -2.060819, 11.574886, 580.941296, , , , , , , , , , , , , , , , 
#SEGM, 1, , , 45.984047, 59.650981, 13.117332, 642.653213, , , , , , , , , , , , , , , , 
#SEGM, 1, , , 45.984247, 87.975681, 13.826866, 670.977913, , , , , , , , , , , , , , , , 
#SEGM, 1, , , 45.863947, 121.603781, 14.662028, 704.606228, , , , , , , , , , , , , , , , 
#SEGM, 1, , , 46.720047, 132.784681, 14.954152, 715.819855, , , , , , , , , , , , , , , , 
#SEGM, 1, , , 49.581547, 147.660281, 15.386770, 730.968177, , , , , , , , , , , , , , , , 
#SEGM, 1, , , 52.412247, 157.549481, 15.693407, 741.254534, , , , , , , , , , , , , , , , 
#SEGM, 1, , , 55.590347, 167.965981, 16.003974, 752.145071, , , , , , , , , , , , , , , , 
#SEGM, 1, , , 59.439347, 179.699481, 16.399256, 764.493748, , , , , , , , , , , , , , , , 
#SEGM, 1, , , 64.171747, 191.425381, 16.817565, 777.138602, , , , , , , , , , , , , , , , 
#SEGM, 1, , , 77.941547, 219.145181, 17.719681, 808.090092, , , , , , , , , , , , , , , , 
#SEGM, 1, , , 98.364247, 260.109181, 18.679314, 853.862747, , , , , , , , , , , , , , , , 
#SEGM, 1, , , 103.001047, 270.208581, 18.923131, 864.975703, , , , , , , , , , , , , , , , 
#SEGM, 1, , , 105.939347, 279.357081, 19.136549, 874.584484, , , , , , , , , , , , , , , , 
#SEGM, 1, , , 106.942447, 286.232581, 19.276494, 881.532772, , , , , , , , , , , , , , , , 
#SEGM, 1, , , 106.919047, 291.918481, 19.378614, 887.218720, , , , , , , , , , , , , , , , 
#SEGM, 1, , , 106.217047, 297.110581, 19.470164, 892.458062, , , , , , , , , , , , , , , , 
#SEGM, 1, , , 104.439747, 301.646581, 19.559498, 897.329827, , , , , , , , , , , , , , , , 
#SEGM, 1, , , 101.534547, 305.799481, 19.650872, 902.398038, , , , , , , , , , , , , , , , 
#SEGM, 1, , , 96.047947, 311.287581, 19.744838, 910.158323, , , , , , , , , , , , , , , , 
#SEGM, 1, , , 90.179547, 315.624381, 19.738337, 917.455305, , , , , , , , , , , , , , , , 
#SEGM, 1, , , 81.284747, 320.190781, 19.664947, 927.453779, , , , , , , , , , , , , , , , 
#SEGM, 1, , , 71.226047, 323.286281, 19.575713, 937.978016, , , , , , , , , , , , , , , , 
#SEGM, 1, , , 64.019047, 325.104381, 19.513962, 945.410804, , , , , , , , , , , , , , , , 
#SEGM, 1, , , 51.528747, 327.289281, 19.457608, 958.090764, , , , , , , , , , , , , , , , 
#SEGM, 1, , , 38.787147, 328.835981, 19.835530, 970.925898, , , , , , , , , , , , , , , , 
#SEGM, 1, , , 34.447847, 329.265481, 19.938409, 975.286401, , , , , , , , , , , , , , , , 
#SEGM, 1, , , 30.860947, 329.347481, 20.022936, 978.874239, , , , , , , , , , , , , , , , 
#SEGM, 1, , , 27.118147, 328.910581, 20.106036, 982.642452, , , , , , , , , , , , , , , , 
#SEGM, 1, , , 23.914847, 328.196881, 20.179224, 985.924296, , , , , , , , , , , , , , , , 
#SEGM, 1, , , 20.902247, 327.084981, 20.249170, 989.135539, , , , , , , , , , , , , , , , 
#SEGM, 1, , , 17.607947, 325.512181, 20.334806, 992.786034, , , , , , , , , , , , , , , , 
#SEGM, 1, , , 15.028847, 323.660081, 20.404059, 995.961255, , , , , , , , , , , , , , , , 
#SEGM, 1, , , 11.812447, 320.867181, 20.498491, 1000.221011, , , , , , , , , , , , , , , , 
#SEGM, 1, , , 10.041047, 318.646681, 20.550285, 1003.061518, , , , , , , , , , , , , , , , 
#SEGM, 1, , , 7.578847, 315.156781, 20.633365, 1007.332563, , , , , , , , , , , , , , , , 
#SEGM, 1, , , 6.016947, 312.344381, 20.702074, 1010.549569, , , , , , , , , , , , , , , , 
#SEGM, 1, , , 4.814147, 308.866481, 20.775321, 1014.229585, , , , , , , , , , , , , , , , 
#SEGM, 1, , , 4.184547, 305.824181, 20.828229, 1017.336349, , , , , , , , , , , , , , , , 
#SEGM, 1, , , 3.710647, 302.445881, 20.872593, 1020.747726, , , , , , , , , , , , , , , , 
#SEGM, 1, , , 3.502747, 298.153681, 20.889129, 1025.044958, , , , , , , , , , , , , , , , 
#PATH, 0, Mcity Path, 0, , , , , 0.000000, , , , , , , , , , , , , , , 1
#PATH, 1, Mcity Outside Path, 1, , , , , 0.000000, , , , , , , , , , , , , , , 1
#REND, , , , , , , , , Mcity, Animator/3D_Shape_Files/VS_SceneBuilder/Resources/Tilesets/Standalone/Mesh/Vsv/TreeWall.OSG, -0.000000, 30.911047, 139.402281, 0.000000, 0, , , , , , , , 
#REND, , , , , , , , , Mcity, Animator/3D_Shape_Files/VS_SceneBuilder/Resources/Tilesets/Standalone/Mesh/Vsv/Details.OSG, -0.000000, 30.911047, 139.402281, 0.000000, 0, , , , , , , , 
#REND, , , , , , , , , Mcity, Animator/3D_Shape_Files/VS_SceneBuilder/Resources/Tilesets/Standalone/Mesh/Vsv/Ground_01.OSG, -0.000000, 30.911047, 139.402281, 0.000000, 0, , , , , , , , 
#REND, , , , , , , , , Mcity, Animator/3D_Shape_Files/VS_SceneBuilder/Resources/Tilesets/Standalone/Mesh/Vsv/Roads_01.OSG, -0.000000, 30.911047, 139.402281, 0.000000, 0, , , , , , , , 
#REND, , , , , , , , , Mcity, Animator/3D_Shape_Files/VS_SceneBuilder/Resources/Tilesets/Standalone/Mesh/Vsv/RoadMarkings.OSG, -0.000000, 30.911047, 139.402281, 0.000000, 0, , , , , , , , 
#, , , , , , , , , , , , , , , , , , , , , , , 
#ENDTABLE

! Table Columns:
!   NOTE: Label columns are not written to parsfile.
!
! 0: (Ring) Choose Yes to set a custom Path ID
! 1: (Text) Path ID (if active; ignored otherwise)  Specify an integer 999 or greater to identify this reference path. If a path already exists with this ID, then information from this dataset will override the properties of the existing path. If not, a new one will be added to the model.
! 2: (Text) Path Description
! 3: (Text) Starting Station for path
! 4: (Text) Ending Station for path (calculated)
! 5: (Text) Path Length (calculated)
! 6: (Text) Start X location (Global Coordinates)
! 7: (Text) Start Y location (Global Coordinates)
! 8: (Ring) Choose Yes to set path as looped.
#MIXTABLE1
#NUMROWS 2
#No, 1000, Mcity Path, 0, 491.978, 491.978, -49.435, 58.184, Yes
#No, 1001, Mcity Outside Path, 0, 1025.045, 1025.045, 3.503, 298.154, Yes
#ENDTABLE

#EMBEDDED_NOTES
#This dataset was imported from the file Mcity_scene.vsscene, exported from the VS Scene Builder. (See the folder Scene_import\Scene_Builder.)
#
#The Mcity scene is centered on the calibration pad.  The GPS information for the calibration pad was obtained from Mcity.  It is not part of the Mcity_scene.vsscene, but was added directly to this dataset after import.
#END_EMBEDDED_NOTES

LOG_ENTRY Used Dataset: Scene: External Import; { VS Scene Builder } Mcity Scene Import
#Library : Scene: External Import
#DataSet : Mcity Scene Import
#Category: VS Scene Builder
#FileID  : SceneImp_3f39538c-b4fc-4201-83ea-86b0f766191a
#Product : TruckSim 2020.1
#VehCode VS Terrain Scene

END
