PARSFILE
#FullDataName Scene: External Import`I-94, Exit 172 (Jackson Ave), Raw GPS`Atlas
#VehCode External Path Import


DEFINE_PATHS   1
IPATH = NPATH
PATH_ID IPATH
OPT_PATH_START 0
OPT_PATH_LOOP 0
SPATH_START 0
PATH_ID_DM  = PATH_ID
set_description path_id Path_1
NSEGMENTS   1
IPATHSEG 1
SEGMENT_TYPE 1
DEFINE_XY_TABLES 1
ITAB_XY = NTAB_XY
XY_TABLE_ID = ITAB_XY
SET_DESCRIPTION XY_TABLE_ID Path_1 Segment 1
XY_SEGMENT_ID = XY_TABLE_ID
SEGMENT_XY_TABLE
0.000000, 0.000000, 0.000000, 0.000000
0.211614, 4.518081, -0.059296, 4.523034
0.423229, 9.036162, -0.109558, 9.046068
0.634844, 13.554243, -0.178253, 13.569102
0.846460, 18.072324, -0.223938, 18.092136
1.058075, 22.590405, -0.278992, 22.615170
1.269691, 27.108486, -0.348328, 27.138204
1.481307, 31.626567, -0.413910, 31.661238
1.692923, 36.144648, -0.485260, 36.184272
1.904540, 40.662729, -0.548187, 40.707306
2.116157, 45.180810, -0.600159, 45.230341
2.327774, 49.698891, -0.661652, 49.753375
2.539392, 54.216972, -0.722748, 54.276409
2.751010, 58.735053, -0.792511, 58.799443
2.962628, 63.253134, -0.867310, 63.322477
3.174246, 67.771215, -0.922119, 67.845511
3.385864, 72.289296, -0.989502, 72.368546
3.597483, 76.807377, -1.029724, 76.891580
3.809102, 81.325458, -1.089020, 81.414614
4.020722, 85.843539, -1.159088, 85.937648
4.232341, 90.361620, -1.239471, 90.460683
4.443961, 94.879701, -1.298431, 94.983717
4.655582, 99.397782, -1.359528, 99.506751
4.867202, 103.915863, -1.418365, 104.029785
5.078823, 108.433943, -1.478424, 108.552819
5.290444, 112.952024, -1.528503, 113.075853
5.502065, 117.470105, -1.606689, 117.598887
5.713687, 121.988186, -1.682556, 122.121922
5.934837, 126.505810, -1.760193, 126.644955
6.159874, 131.023247, -1.805725, 131.167994
6.384911, 135.540685, -1.872467, 135.691034
6.609949, 140.058122, -1.940277, 140.214072
6.834987, 144.575559, -2.010529, 144.737111
7.060025, 149.092997, -2.071014, 149.260151
7.285064, 153.610434, -2.122192, 153.783190
7.510102, 158.127871, -2.192169, 158.306228
7.735141, 162.645309, -2.225769, 162.829268
7.960181, 167.162746, -2.292419, 167.352307
8.185220, 171.680183, -2.357422, 171.875346
8.410260, 176.197620, -2.404175, 176.398384
8.635301, 180.715058, -2.472961, 180.921424
8.860341, 185.232495, -2.524353, 185.444463
9.085382, 189.749932, -2.570282, 189.967502
9.310423, 194.267369, -2.616394, 194.490541
9.535464, 198.784807, -2.657257, 199.013581
9.760506, 203.302244, -2.718109, 203.536620
9.985548, 207.819681, -2.755310, 208.059658
10.210590, 212.337118, -2.796417, 212.582697
10.435633, 216.854556, -2.844604, 217.105737
10.660676, 221.371993, -2.878601, 221.628776
10.885719, 225.889430, -2.905640, 226.151815
11.110762, 230.406867, -2.935638, 230.674854
11.335806, 234.924304, -2.969696, 235.197893
11.560850, 239.441742, -2.991547, 239.720933
11.785894, 243.959179, -3.030640, 244.243972
12.010939, 248.476616, -3.073730, 248.767011
12.235984, 252.994053, -3.104889, 253.290050
12.461029, 257.511490, -3.142548, 257.813089
12.686075, 262.028927, -3.151031, 262.336128
12.911120, 266.546365, -3.178650, 266.859168
13.136166, 271.063802, -3.220154, 271.382208
13.361213, 275.581239, -3.262390, 275.905247
13.586259, 280.098676, -3.305542, 280.428286
13.811306, 284.616113, -3.341095, 284.951325
14.036353, 289.133550, -3.366180, 289.474364
14.261401, 293.650987, -3.383850, 293.997403
14.486449, 298.168424, -3.404877, 298.520443
14.711497, 302.685861, -3.426453, 303.043482
14.936981, 307.203277, -3.455933, 307.566522
15.163164, 311.720658, -3.480072, 312.089562
15.389348, 316.238038, -3.503845, 316.612601
15.615531, 320.755419, -3.502655, 321.135640
15.841715, 325.272800, -3.492981, 325.658680
16.067899, 329.790181, -3.504822, 330.181720
16.294083, 334.307562, -3.521393, 334.704760
16.520268, 338.824943, -3.522095, 339.227800
16.746453, 343.342323, -3.519196, 343.750839
16.972638, 347.859704, -3.507080, 348.273879
17.198824, 352.377085, -3.510864, 352.796919
17.425010, 356.894466, -3.494995, 357.319959
17.651196, 361.411846, -3.478241, 361.842998
17.877382, 365.929227, -3.478577, 366.366038
18.103569, 370.446608, -3.474487, 370.889078
18.329756, 374.963989, -3.457764, 375.412119
18.555943, 379.481369, -3.428497, 379.935158
18.782131, 383.998750, -3.412750, 384.458198
19.008319, 388.516131, -3.390839, 388.981238
19.234507, 393.033511, -3.353363, 393.504277
19.460696, 397.550892, -3.324677, 398.027317
19.686884, 402.068273, -3.300934, 402.550357
19.913073, 406.585654, -3.266632, 407.073398
20.139263, 411.103034, -3.256805, 411.596437
20.365452, 415.620415, -3.239136, 416.119477
20.591642, 420.137796, -3.215240, 420.642517
20.817833, 424.655176, -3.191620, 425.165557
21.044023, 429.172557, -3.158417, 429.688597
21.270214, 433.689937, -3.130890, 434.211636
21.496405, 438.207318, -3.102936, 438.734676
21.722596, 442.724699, -3.125153, 443.257717
21.948788, 447.242079, -3.122864, 447.780756
22.174980, 451.759460, -3.097321, 452.303796
22.401172, 456.276841, -3.069458, 456.826837
22.627365, 460.794221, -3.034332, 461.349876
22.853558, 465.311602, -3.000916, 465.872916
23.079751, 469.828982, -2.961670, 470.395956
23.305944, 474.346363, -2.923187, 474.918996
23.532138, 478.863743, -2.879913, 479.442036
23.758332, 483.381124, -2.856049, 483.965076
23.984527, 487.898505, -2.811432, 488.488117
24.210721, 492.415885, -2.761047, 493.011156
24.436916, 496.933266, -2.714783, 497.534197
24.663111, 501.450646, -2.671936, 502.057236
24.879166, 505.968512, -2.624329, 506.580265
25.088898, 510.486681, -2.573639, 511.103299
25.298631, 515.004850, -2.538940, 515.626334
25.508363, 519.523019, -2.503693, 520.149368
25.718096, 524.041188, -2.465820, 524.672402
25.927829, 528.559357, -2.428009, 529.195437
26.137562, 533.077526, -2.388062, 533.718471
26.347296, 537.595694, -2.335175, 538.241504
26.599272, 542.111655, -2.283966, 542.764489
26.865423, 546.626874, -2.269257, 547.287546
27.131575, 551.142093, -2.243042, 551.810602
27.397727, 555.657312, -2.203888, 556.333659
27.663879, 560.172531, -2.158295, 560.856715
27.930031, 564.687750, -2.121185, 565.379771
28.196184, 569.202968, -2.082855, 569.902827
28.462337, 573.718187, -2.050262, 574.425883
28.728491, 578.233406, -2.015076, 578.948940
28.994645, 582.748625, -1.975494, 583.471997
29.260799, 587.263844, -1.936676, 587.995053
29.526954, 591.779063, -1.938110, 592.518110
29.793108, 596.294282, -1.897125, 597.041166
30.059264, 600.809501, -1.863037, 601.564223
30.325419, 605.324720, -1.826263, 606.087280
30.574378, 609.840815, -1.796112, 610.610232
30.771795, 614.359534, -1.768860, 615.133261
30.969212, 618.878254, -1.756897, 619.656291
31.166630, 623.396974, -1.730865, 624.179322
31.364048, 627.915693, -1.710236, 628.702351
31.561466, 632.434413, -1.689880, 633.225382
31.758884, 636.953133, -1.665192, 637.748412
31.956303, 641.471852, -1.644226, 642.271442
32.153722, 645.990572, -1.615143, 646.794472
32.351141, 650.509292, -1.578491, 651.317503
32.548560, 655.028011, -1.567291, 655.840532
32.745980, 659.546731, -1.538239, 660.363563
32.943400, 664.065451, -1.520203, 664.886593
33.140820, 668.584170, -1.514862, 669.409623
33.338240, 673.102890, -1.485748, 673.932653
33.535661, 677.621609, -1.452728, 678.455683
33.733082, 682.140329, -1.446686, 682.978713
33.930503, 686.659049, -1.420715, 687.501744
34.127924, 691.177768, -1.411285, 692.024773
34.325346, 695.696488, -1.397308, 696.547804
34.522768, 700.215207, -1.368500, 701.070834
34.738339, 704.733038, -1.354950, 705.593805
34.986800, 709.249258, -1.336151, 710.116854
35.235261, 713.765478, -1.323334, 714.639904
35.483723, 718.281697, -1.312286, 719.162952
35.732185, 722.797917, -1.295441, 723.686001
35.980647, 727.314137, -1.279449, 728.209051
36.229109, 731.830357, -1.280853, 732.732100
36.477572, 736.346576, -1.266968, 737.255149
36.726035, 740.862796, -1.260071, 741.778198
36.974499, 745.379016, -1.255829, 746.301248
37.222962, 749.895235, -1.243073, 750.824296
37.471427, 754.411455, -1.221954, 755.347346
37.719891, 758.927675, -1.211914, 759.870396
37.968356, 763.443894, -1.202576, 764.393444
38.216821, 767.960114, -1.200256, 768.916494
38.465286, 772.476334, -1.193512, 773.439544
38.713752, 776.992553, -1.182220, 777.962592
38.962218, 781.508773, -1.176178, 782.485642
39.210684, 786.024993, -1.160858, 787.008692
39.459151, 790.541212, -1.149597, 791.531740
39.707618, 795.057432, -1.149567, 796.054790
39.956085, 799.573651, -1.144989, 800.577839
40.204553, 804.089871, -1.154602, 805.100889
40.453020, 808.606091, -1.158386, 809.623938
40.701489, 813.122310, -1.149506, 814.146987
40.949957, 817.638530, -1.150543, 818.670037
41.198426, 822.154749, -1.150574, 823.193086
41.414484, 826.672593, -1.150421, 827.716093
41.622056, 831.190861, -1.158386, 832.239127
41.829629, 835.709129, -1.172333, 836.762160
42.037202, 840.227397, -1.177795, 841.285194
42.244775, 844.745666, -1.182159, 845.808228
42.452348, 849.263934, -1.180878, 850.331262
42.659922, 853.782202, -1.185669, 854.854295
42.867495, 858.300471, -1.189117, 859.377330
43.075070, 862.818739, -1.195160, 863.900364
43.282644, 867.337007, -1.208252, 868.423397
43.490219, 871.855275, -1.207794, 872.946431
43.697793, 876.373544, -1.202148, 877.469465
43.905369, 880.891812, -1.215790, 881.992499
44.112944, 885.410080, -1.223419, 886.515533
44.320520, 889.928348, -1.221008, 891.038566
44.528096, 894.446616, -1.214325, 895.561600
44.735672, 898.964885, -1.217804, 900.084635
44.943248, 903.483153, -1.227234, 904.607668
45.150825, 908.001421, -1.232971, 909.130702
45.358402, 912.519689, -1.233917, 913.653736
45.565980, 917.037958, -1.247620, 918.176770
45.773557, 921.556226, -1.263672, 922.699804
45.981135, 926.074494, -1.276611, 927.222838
46.188713, 930.592762, -1.281433, 931.745872
46.367062, 935.112263, -1.291718, 936.268890
46.543733, 939.631836, -1.321350, 940.791915
46.720404, 944.151408, -1.331573, 945.314939
46.897076, 948.670980, -1.339813, 949.837962
47.073748, 953.190552, -1.340668, 954.360986
47.250420, 957.710125, -1.353210, 958.884011
47.427092, 962.229697, -1.371460, 963.407035
47.603765, 966.749269, -1.377808, 967.930059
47.780437, 971.268841, -1.368439, 972.453082
47.849981, 975.790490, -1.373627, 976.975266
47.849981, 980.313488, -1.374969, 981.498264
47.849981, 984.836486, -1.379608, 986.021262
47.849981, 989.359484, -1.376923, 990.544260
47.849981, 993.882481, -1.380798, 995.067257
47.849981, 998.405479, -1.386658, 999.590255
47.849981, 1002.928477, -1.397705, 1004.113253
47.849981, 1007.451474, -1.409912, 1008.636250
47.849981, 1011.974472, -1.428345, 1013.159248
47.849981, 1016.497470, -1.431885, 1017.682246
47.849981, 1021.020468, -1.449860, 1022.205244
47.849981, 1025.543465, -1.465515, 1026.728241
47.849981, 1030.066463, -1.461731, 1031.251239
47.849981, 1034.589461, -1.469543, 1035.774237
47.849981, 1039.112458, -1.484131, 1040.297234
47.849981, 1043.635456, -1.484558, 1044.820232
47.849981, 1048.158454, -1.492004, 1049.343230
47.795837, 1052.680965, -1.508209, 1053.866065
47.713916, 1057.203226, -1.515594, 1058.389068
47.631995, 1061.725488, -1.513214, 1062.912072
47.550074, 1066.247749, -1.525604, 1067.435075
47.468153, 1070.770011, -1.523926, 1071.958079
47.386232, 1075.292272, -1.537415, 1076.481082
47.304311, 1079.814534, -1.548828, 1081.004086
47.222390, 1084.336795, -1.555145, 1085.527089
47.140468, 1088.859057, -1.557190, 1090.050093
47.058547, 1093.381318, -1.572113, 1094.573096
46.943531, 1097.902781, -1.586823, 1099.096021
46.805542, 1102.423689, -1.595886, 1103.619035
46.667554, 1106.944598, -1.605865, 1108.142049
46.529565, 1111.465506, -1.631042, 1112.665063
46.391575, 1115.986415, -1.646759, 1117.188077
46.253586, 1120.507323, -1.655640, 1121.711090
46.115596, 1125.028231, -1.677216, 1126.234104
45.977607, 1129.549140, -1.691132, 1130.757118
45.839617, 1134.070048, -1.693298, 1135.280132
45.701627, 1138.590957, -1.696259, 1139.803146
45.563637, 1143.111865, -1.690704, 1144.326159
45.425646, 1147.632774, -1.688934, 1148.849174
45.287656, 1152.153682, -1.705902, 1153.372187
45.149665, 1156.674590, -1.724304, 1157.895201
45.011674, 1161.195499, -1.718872, 1162.418215
44.873683, 1165.716407, -1.717316, 1166.941229
44.735691, 1170.237316, -1.723633, 1171.464243
44.597700, 1174.758224, -1.720520, 1175.987257
44.431285, 1179.278136, -1.717590, 1180.510231
44.249847, 1183.797521, -1.723511, 1185.033257
44.068408, 1188.316906, -1.731934, 1189.556282
43.886969, 1192.836291, -1.742157, 1194.079308
43.705530, 1197.355676, -1.746063, 1198.602334
43.524091, 1201.875061, -1.751648, 1203.125359
43.342651, 1206.394446, -1.763550, 1207.648385
43.161211, 1210.913831, -1.771210, 1212.171411
42.979771, 1215.433216, -1.786713, 1216.694436
42.691570, 1219.946106, -1.799957, 1221.216519
42.319569, 1224.453898, -1.811676, 1225.739635
41.947568, 1228.961690, -1.830566, 1230.262750
41.575566, 1233.469482, -1.852753, 1234.785866
41.203564, 1237.977273, -1.872742, 1239.308980
40.831562, 1242.485065, -1.901337, 1243.832096
40.459558, 1246.992857, -1.936493, 1248.355212
39.756826, 1251.460091, -1.981720, 1252.877381
39.020204, 1255.923170, -2.032074, 1257.400840
38.283581, 1260.386249, -2.079193, 1261.924300
37.546957, 1264.849328, -2.163300, 1266.447760
36.810333, 1269.312406, -2.224304, 1270.971218
36.073707, 1273.775485, -2.269867, 1275.494679
35.310451, 1278.233767, -2.367249, 1280.017823
34.431578, 1282.671226, -2.454529, 1284.541479
33.552704, 1287.108684, -2.995544, 1289.065134
32.673829, 1291.546143, -4.523834, 1293.588790
31.791439, 1295.982908, -6.335480, 1298.112449
30.904438, 1300.418762, -7.638672, 1302.636117
30.017435, 1304.854616, -8.032684, 1307.159786
29.130432, 1309.290470, -8.521240, 1311.683454
28.243427, 1313.726323, -9.187561, 1316.207122
27.356421, 1318.162177, -9.481934, 1320.730791
26.469414, 1322.598031, -9.364502, 1325.254460
25.192179, 1326.936825, -8.721863, 1329.777342
23.881807, 1331.267377, -7.679688, 1334.301804
22.571433, 1335.597929, -6.376862, 1338.826266
21.261057, 1339.928481, -4.999878, 1343.350729
19.950680, 1344.259033, -3.914520, 1347.875193
18.640301, 1348.589584, -3.485077, 1352.399655
17.329920, 1352.920135, -3.516724, 1356.924119
15.807067, 1357.181139, -3.609009, 1361.449076
14.283410, 1361.441880, -3.700470, 1365.974056
12.759751, 1365.702620, -3.795929, 1370.499036
11.236090, 1369.963360, -3.862122, 1375.024016
9.712428, 1374.224100, -3.918823, 1379.548997
8.188763, 1378.484840, -4.025848, 1384.073979
6.665097, 1382.745579, -4.120758, 1388.598960
5.029362, 1386.964813, -4.233063, 1393.124175
3.388624, 1391.182195, -4.340088, 1397.649474
1.747885, 1395.399576, -4.444061, 1402.174772
0.107143, 1399.616957, -4.544647, 1406.700072
-1.533601, 1403.834337, -4.643890, 1411.225371
-3.306252, 1407.995104, -4.749756, 1415.748011
-5.256463, 1412.079663, -4.879150, 1420.274262
-7.206677, 1416.164222, -5.006500, 1424.800514
-9.156893, 1420.248779, -5.117737, 1429.326765
-11.107111, 1424.333337, -5.242645, 1433.853018
-13.057332, 1428.417894, -5.373627, 1438.379271
-15.007555, 1432.502450, -5.503754, 1442.905524
-16.957780, 1436.587005, -5.613678, 1447.431777
-19.100159, 1440.573552, -5.739288, 1451.957520
-21.287114, 1444.537363, -5.854187, 1456.484613
-23.474072, 1448.501174, -5.971832, 1461.011707
-25.661032, 1452.464983, -6.100800, 1465.538800
-27.847994, 1456.428792, -6.233612, 1470.065895
-30.034959, 1460.392601, -6.345367, 1474.592991
-32.221927, 1464.356408, -6.473175, 1479.120086
-34.408897, 1468.320215, -6.592743, 1483.647183
-36.595870, 1472.284022, -6.702271, 1488.174281
-38.783814, 1476.247252, -6.809509, 1492.701343
-41.240477, 1480.051085, -6.932129, 1497.229515
-43.697143, 1483.854917, -7.045166, 1501.757687
-46.153811, 1487.658748, -7.161163, 1506.285860
-48.610483, 1491.462578, -7.270111, 1510.814034
-51.067156, 1495.266407, -7.382599, 1515.342208
-53.523833, 1499.070236, -7.475372, 1519.870384
-55.959334, 1502.887350, -7.580505, 1524.398300
-58.342274, 1506.737443, -7.664337, 1528.926171
-60.725216, 1510.587534, -7.753235, 1533.454042
-63.108161, 1514.437625, -7.843903, 1537.981914
-65.943889, 1517.960813, -7.958832, 1542.504547
-68.875608, 1521.414699, -8.087158, 1547.034923
-71.807330, 1524.868583, -8.204742, 1551.565299
-74.739055, 1528.322466, -8.314636, 1556.095676
-77.670782, 1531.776348, -8.404449, 1560.626054
-80.602513, 1535.230228, -8.494904, 1565.156433
-83.536194, 1538.682454, -8.593811, 1569.686814
-86.495208, 1542.113174, -8.675964, 1574.217333
-89.454225, 1545.543892, -8.762756, 1578.747853
-92.413246, 1548.974609, -8.839935, 1583.278374
-95.372269, 1552.405324, -8.928711, 1587.808895
-98.331295, 1555.836039, -9.001312, 1592.339418
-101.290324, 1559.266752, -9.062897, 1596.869942
-104.249356, 1562.697464, -9.129822, 1601.400467
-107.208390, 1566.128174, -9.182129, 1605.930991
-110.167428, 1569.558884, -9.238953, 1610.461519
-113.138836, 1572.977769, -9.285156, 1614.991203
-116.458387, 1576.063849, -9.357361, 1619.523676
-119.777942, 1579.149928, -9.443939, 1624.056151
-123.097499, 1582.236005, -9.514099, 1628.588626
-126.417059, 1585.322081, -9.571320, 1633.121102
-129.736622, 1588.408155, -9.637329, 1637.653580
-133.056187, 1591.494228, -9.685211, 1642.186058
-136.375756, 1594.580299, -9.731445, 1646.718537
-139.695328, 1597.666368, -9.785065, 1651.251018
-143.014903, 1600.752436, -9.822235, 1655.783500
-146.334480, 1603.838503, -9.845337, 1660.315983
-149.762117, 1606.802011, -9.894043, 1664.847106
-153.262943, 1609.682509, -9.941559, 1669.380653
-156.763772, 1612.563006, -9.980713, 1673.914202
-160.264604, 1615.443502, -10.013550, 1678.447753
-163.720217, 1618.376198, -10.046143, 1682.980078
-167.230207, 1621.240800, -10.078094, 1687.510638
-170.823805, 1624.005631, -10.137512, 1692.044757
-174.417407, 1626.770460, -10.159271, 1696.578878
-178.011011, 1629.535288, -10.180206, 1701.113000
-181.604617, 1632.300113, -10.170807, 1705.647122
-185.361504, 1634.836597, -10.189941, 1710.180107
-189.159325, 1637.315836, -10.215881, 1714.715531
-192.957149, 1639.795073, -10.261169, 1719.250956
-196.754975, 1642.274308, -10.294220, 1723.786382
-200.552804, 1644.753541, -10.312805, 1728.321810
-204.350636, 1647.232771, -10.340118, 1732.857238
-208.148470, 1649.712000, -10.366486, 1737.392667
-212.000337, 1652.105851, -10.384491, 1741.927797
-215.883805, 1654.449770, -10.390442, 1746.463795
-219.767275, 1656.793688, -10.411621, 1750.999795
-223.650748, 1659.137603, -10.424042, 1755.535795
-227.534223, 1661.481516, -10.427521, 1760.071796
-231.417701, 1663.825427, -10.430634, 1764.607799
-235.343609, 1666.096362, -10.448486, 1769.143204
-239.317314, 1668.285095, -10.457367, 1773.679820
-243.291021, 1670.473825, -10.454285, 1778.216436
-247.264730, 1672.662553, -10.449554, 1782.753053
-251.238442, 1674.851278, -10.458221, 1787.289671
-255.196554, 1677.067850, -10.458130, 1791.826172
-259.152987, 1679.287420, -10.446045, 1796.362674
-263.182920, 1681.362195, -10.451233, 1800.895339
-267.322874, 1683.220224, -10.460541, 1805.433124
-271.462830, 1685.078250, -10.490051, 1809.970910
-275.602788, 1686.936274, -10.480286, 1814.508696
-279.742748, 1688.794296, -10.489777, 1819.046483
-283.882711, 1690.652315, -10.486816, 1823.584272
-288.022676, 1692.510332, -10.486420, 1828.122062
-292.228250, 1694.214150, -10.511810, 1832.659666
-296.447805, 1695.885110, -10.520325, 1837.198030
-300.667363, 1697.556066, -10.523773, 1841.736396
-304.886923, 1699.227021, -10.516296, 1846.274763
-309.106485, 1700.897972, -10.526001, 1850.813131
-313.326048, 1702.568921, -10.538055, 1855.351499
-317.552850, 1704.221051, -10.535828, 1859.889713
-321.813361, 1705.785523, -10.538147, 1864.428383
-326.073873, 1707.349993, -10.555756, 1868.967054
-330.334387, 1708.914460, -10.543854, 1873.505725
-334.594903, 1710.478924, -10.547333, 1878.044397
-338.931032, 1711.819657, -10.558990, 1882.583073
-343.274034, 1713.140053, -10.570129, 1887.122358
-347.617038, 1714.460447, -10.576538, 1891.661645
-351.960044, 1715.780838, -10.590576, 1896.200933
-356.303051, 1717.101227, -10.598694, 1900.740221
-360.647188, 1718.417705, -10.611053, 1905.279455
-365.030632, 1719.598100, -10.617279, 1909.819049
-369.414078, 1720.778491, -10.608734, 1914.358643
-373.797525, 1721.958880, -10.623108, 1918.898239
-378.180973, 1723.139266, -10.628937, 1923.437834
-382.564423, 1724.319650, -10.626282, 1927.977431
-386.947874, 1725.500031, -10.634430, 1932.517028
-391.331327, 1726.680409, -10.632965, 1937.056627
-395.714782, 1727.860784, -10.648926, 1941.596226
-400.098238, 1729.041157, -10.659149, 1946.135826
-404.481695, 1730.221526, -10.665283, 1950.675426
-408.872794, 1731.373191, -10.654114, 1955.215038
-413.267548, 1732.511127, -10.691772, 1959.754726
-417.662303, 1733.649060, -10.703583, 1964.294413
-422.057060, 1734.786990, -10.709045, 1968.834102
-426.451818, 1735.924918, -10.718475, 1973.373791
-430.846578, 1737.062843, -10.727173, 1977.913481
-435.241339, 1738.200765, -10.718384, 1982.453172
-439.636102, 1739.338684, -10.733673, 1986.992864
-444.030866, 1740.476601, -10.744019, 1991.532556
-448.425631, 1741.614515, -10.748993, 1996.072249
-452.820398, 1742.752426, -10.759308, 2000.611942
-457.215166, 1743.890334, -10.771667, 2005.151636
-461.609936, 1745.028240, -10.788452, 2009.691331
-466.004707, 1746.166143, -10.804321, 2014.231027
-470.399480, 1747.304043, -10.802551, 2018.770724
-474.794254, 1748.441940, -10.807861, 2023.310420
-479.189029, 1749.579835, -10.824036, 2027.850118
-483.583806, 1750.717727, -10.829498, 2032.389816
-487.978584, 1751.855616, -10.822021, 2036.929515
-492.374566, 1752.988830, -10.827515, 2041.469210
-496.777188, 1754.096231, -10.832275, 2046.008970
-501.179812, 1755.203629, -10.833069, 2050.548731
-505.582438, 1756.311025, -10.863800, 2055.088493
-509.985064, 1757.418417, -10.860535, 2059.628254
-514.387692, 1758.525807, -10.876831, 2064.168017
-518.790322, 1759.633194, -10.878754, 2068.707781
-523.192952, 1760.740579, -10.879791, 2073.247545
-527.595585, 1761.847961, -10.869690, 2077.787310
-531.998218, 1762.955339, -10.885590, 2082.327075
-536.400853, 1764.062716, -10.879456, 2086.866841
-540.803490, 1765.170089, -10.885712, 2091.406609
-545.206127, 1766.277460, -10.891907, 2095.946376
-549.608767, 1767.384828, -10.902557, 2100.486145
-554.011407, 1768.492193, -10.897308, 2105.025913
-558.414049, 1769.599555, -10.900452, 2109.565682
-562.816693, 1770.706915, -10.927887, 2114.105453
-567.219315, 1771.814361, -10.938232, 2118.645224
-571.621736, 1772.922602, -10.944061, 2123.184994
-576.024159, 1774.030839, -10.946930, 2127.724764
-580.426583, 1775.139074, -10.951965, 2132.264535
-584.829008, 1776.247307, -10.948090, 2136.804307
-589.231435, 1777.355536, -10.975311, 2141.344080
-593.633864, 1778.463763, -10.963684, 2145.883854
-598.036294, 1779.571987, -10.967865, 2150.423628
-602.438725, 1780.680208, -10.976807, 2154.963402
-606.841157, 1781.788426, -10.981018, 2159.503177
-611.243591, 1782.896642, -10.989502, 2164.042953
-615.646026, 1784.004855, -10.995789, 2168.582730
-620.048463, 1785.113065, -10.993347, 2173.122507
-624.450901, 1786.221273, -10.980316, 2177.662285
-628.853341, 1787.329477, -10.990356, 2182.202064
-633.255782, 1788.437679, -11.000977, 2186.741844
-637.658224, 1789.545879, -11.007233, 2191.281624
-642.060668, 1790.654075, -11.014648, 2195.821405
-646.463113, 1791.762269, -11.001160, 2200.361187
-650.865559, 1792.870460, -11.009094, 2204.900968
-655.268007, 1793.978648, -11.027710, 2209.440751
-659.670456, 1795.086834, -11.044128, 2213.980535
-664.072907, 1796.195016, -11.063263, 2218.520319
-668.475359, 1797.303196, -11.071960, 2223.060104
-672.877812, 1798.411374, -11.083252, 2227.599889
-677.280267, 1799.519548, -11.084412, 2232.139675
-681.682724, 1800.627720, -11.123016, 2236.679463
-686.085181, 1801.735889, -11.145752, 2241.219250
-690.487640, 1802.844055, -11.146881, 2245.759038
-694.890101, 1803.952219, -11.156494, 2250.298828
-699.292562, 1805.060379, -11.148895, 2254.838617
-703.695026, 1806.168537, -11.135284, 2259.378408
-708.097490, 1807.276693, -11.134521, 2263.918199
-712.499956, 1808.384845, -11.158905, 2268.457990
-716.902424, 1809.492995, -11.152802, 2272.997783
-721.304892, 1810.601142, -11.173309, 2277.537576
-725.707363, 1811.709286, -11.190002, 2282.077370
-730.109834, 1812.817428, -11.213409, 2286.617164
-734.512307, 1813.925567, -11.201721, 2291.156959
-738.914782, 1815.033703, -11.203247, 2295.696756
-743.317257, 1816.141836, -11.213379, 2300.236551
-747.719734, 1817.249966, -11.218018, 2304.776348
-752.122213, 1818.358094, -11.236694, 2309.316147
-756.524693, 1819.466219, -11.222443, 2313.855945
ENDTABLE
ROAD_ZS_TABLE SPLINE_FLAT
0.000000, 0.000000
4.523034, -0.059296
9.046068, -0.109558
13.569102, -0.178253
18.092136, -0.223938
22.615170, -0.278992
27.138204, -0.348328
31.661238, -0.413910
36.184272, -0.485260
40.707306, -0.548187
45.230341, -0.600159
49.753375, -0.661652
54.276409, -0.722748
58.799443, -0.792511
63.322477, -0.867310
67.845511, -0.922119
72.368546, -0.989502
76.891580, -1.029724
81.414614, -1.089020
85.937648, -1.159088
90.460683, -1.239471
94.983717, -1.298431
99.506751, -1.359528
104.029785, -1.418365
108.552819, -1.478424
113.075853, -1.528503
117.598887, -1.606689
122.121922, -1.682556
126.644955, -1.760193
131.167994, -1.805725
135.691034, -1.872467
140.214072, -1.940277
144.737111, -2.010529
149.260151, -2.071014
153.783190, -2.122192
158.306228, -2.192169
162.829268, -2.225769
167.352307, -2.292419
171.875346, -2.357422
176.398384, -2.404175
180.921424, -2.472961
185.444463, -2.524353
189.967502, -2.570282
194.490541, -2.616394
199.013581, -2.657257
203.536620, -2.718109
208.059658, -2.755310
212.582697, -2.796417
217.105737, -2.844604
221.628776, -2.878601
226.151815, -2.905640
230.674854, -2.935638
235.197893, -2.969696
239.720933, -2.991547
244.243972, -3.030640
248.767011, -3.073730
253.290050, -3.104889
257.813089, -3.142548
262.336128, -3.151031
266.859168, -3.178650
271.382208, -3.220154
275.905247, -3.262390
280.428286, -3.305542
284.951325, -3.341095
289.474364, -3.366180
293.997403, -3.383850
298.520443, -3.404877
303.043482, -3.426453
307.566522, -3.455933
312.089562, -3.480072
316.612601, -3.503845
321.135640, -3.502655
325.658680, -3.492981
330.181720, -3.504822
334.704760, -3.521393
339.227800, -3.522095
343.750839, -3.519196
348.273879, -3.507080
352.796919, -3.510864
357.319959, -3.494995
361.842998, -3.478241
366.366038, -3.478577
370.889078, -3.474487
375.412119, -3.457764
379.935158, -3.428497
384.458198, -3.412750
388.981238, -3.390839
393.504277, -3.353363
398.027317, -3.324677
402.550357, -3.300934
407.073398, -3.266632
411.596437, -3.256805
416.119477, -3.239136
420.642517, -3.215240
425.165557, -3.191620
429.688597, -3.158417
434.211636, -3.130890
438.734676, -3.102936
443.257717, -3.125153
447.780756, -3.122864
452.303796, -3.097321
456.826837, -3.069458
461.349876, -3.034332
465.872916, -3.000916
470.395956, -2.961670
474.918996, -2.923187
479.442036, -2.879913
483.965076, -2.856049
488.488117, -2.811432
493.011156, -2.761047
497.534197, -2.714783
502.057236, -2.671936
506.580265, -2.624329
511.103299, -2.573639
515.626334, -2.538940
520.149368, -2.503693
524.672402, -2.465820
529.195437, -2.428009
533.718471, -2.388062
538.241504, -2.335175
542.764489, -2.283966
547.287546, -2.269257
551.810602, -2.243042
556.333659, -2.203888
560.856715, -2.158295
565.379771, -2.121185
569.902827, -2.082855
574.425883, -2.050262
578.948940, -2.015076
583.471997, -1.975494
587.995053, -1.936676
592.518110, -1.938110
597.041166, -1.897125
601.564223, -1.863037
606.087280, -1.826263
610.610232, -1.796112
615.133261, -1.768860
619.656291, -1.756897
624.179322, -1.730865
628.702351, -1.710236
633.225382, -1.689880
637.748412, -1.665192
642.271442, -1.644226
646.794472, -1.615143
651.317503, -1.578491
655.840532, -1.567291
660.363563, -1.538239
664.886593, -1.520203
669.409623, -1.514862
673.932653, -1.485748
678.455683, -1.452728
682.978713, -1.446686
687.501744, -1.420715
692.024773, -1.411285
696.547804, -1.397308
701.070834, -1.368500
705.593805, -1.354950
710.116854, -1.336151
714.639904, -1.323334
719.162952, -1.312286
723.686001, -1.295441
728.209051, -1.279449
732.732100, -1.280853
737.255149, -1.266968
741.778198, -1.260071
746.301248, -1.255829
750.824296, -1.243073
755.347346, -1.221954
759.870396, -1.211914
764.393444, -1.202576
768.916494, -1.200256
773.439544, -1.193512
777.962592, -1.182220
782.485642, -1.176178
787.008692, -1.160858
791.531740, -1.149597
796.054790, -1.149567
800.577839, -1.144989
805.100889, -1.154602
809.623938, -1.158386
814.146987, -1.149506
818.670037, -1.150543
823.193086, -1.150574
827.716093, -1.150421
832.239127, -1.158386
836.762160, -1.172333
841.285194, -1.177795
845.808228, -1.182159
850.331262, -1.180878
854.854295, -1.185669
859.377330, -1.189117
863.900364, -1.195160
868.423397, -1.208252
872.946431, -1.207794
877.469465, -1.202148
881.992499, -1.215790
886.515533, -1.223419
891.038566, -1.221008
895.561600, -1.214325
900.084635, -1.217804
904.607668, -1.227234
909.130702, -1.232971
913.653736, -1.233917
918.176770, -1.247620
922.699804, -1.263672
927.222838, -1.276611
931.745872, -1.281433
936.268890, -1.291718
940.791915, -1.321350
945.314939, -1.331573
949.837962, -1.339813
954.360986, -1.340668
958.884011, -1.353210
963.407035, -1.371460
967.930059, -1.377808
972.453082, -1.368439
976.975266, -1.373627
981.498264, -1.374969
986.021262, -1.379608
990.544260, -1.376923
995.067257, -1.380798
999.590255, -1.386658
1004.113253, -1.397705
1008.636250, -1.409912
1013.159248, -1.428345
1017.682246, -1.431885
1022.205244, -1.449860
1026.728241, -1.465515
1031.251239, -1.461731
1035.774237, -1.469543
1040.297234, -1.484131
1044.820232, -1.484558
1049.343230, -1.492004
1053.866065, -1.508209
1058.389068, -1.515594
1062.912072, -1.513214
1067.435075, -1.525604
1071.958079, -1.523926
1076.481082, -1.537415
1081.004086, -1.548828
1085.527089, -1.555145
1090.050093, -1.557190
1094.573096, -1.572113
1099.096021, -1.586823
1103.619035, -1.595886
1108.142049, -1.605865
1112.665063, -1.631042
1117.188077, -1.646759
1121.711090, -1.655640
1126.234104, -1.677216
1130.757118, -1.691132
1135.280132, -1.693298
1139.803146, -1.696259
1144.326159, -1.690704
1148.849174, -1.688934
1153.372187, -1.705902
1157.895201, -1.724304
1162.418215, -1.718872
1166.941229, -1.717316
1171.464243, -1.723633
1175.987257, -1.720520
1180.510231, -1.717590
1185.033257, -1.723511
1189.556282, -1.731934
1194.079308, -1.742157
1198.602334, -1.746063
1203.125359, -1.751648
1207.648385, -1.763550
1212.171411, -1.771210
1216.694436, -1.786713
1221.216519, -1.799957
1225.739635, -1.811676
1230.262750, -1.830566
1234.785866, -1.852753
1239.308980, -1.872742
1243.832096, -1.901337
1248.355212, -1.936493
1252.877381, -1.981720
1257.400840, -2.032074
1261.924300, -2.079193
1266.447760, -2.163300
1270.971218, -2.224304
1275.494679, -2.269867
1280.017823, -2.367249
1284.541479, -2.454529
1289.065134, -2.995544
1293.588790, -4.523834
1298.112449, -6.335480
1302.636117, -7.638672
1307.159786, -8.032684
1311.683454, -8.521240
1316.207122, -9.187561
1320.730791, -9.481934
1325.254460, -9.364502
1329.777342, -8.721863
1334.301804, -7.679688
1338.826266, -6.376862
1343.350729, -4.999878
1347.875193, -3.914520
1352.399655, -3.485077
1356.924119, -3.516724
1361.449076, -3.609009
1365.974056, -3.700470
1370.499036, -3.795929
1375.024016, -3.862122
1379.548997, -3.918823
1384.073979, -4.025848
1388.598960, -4.120758
1393.124175, -4.233063
1397.649474, -4.340088
1402.174772, -4.444061
1406.700072, -4.544647
1411.225371, -4.643890
1415.748011, -4.749756
1420.274262, -4.879150
1424.800514, -5.006500
1429.326765, -5.117737
1433.853018, -5.242645
1438.379271, -5.373627
1442.905524, -5.503754
1447.431777, -5.613678
1451.957520, -5.739288
1456.484613, -5.854187
1461.011707, -5.971832
1465.538800, -6.100800
1470.065895, -6.233612
1474.592991, -6.345367
1479.120086, -6.473175
1483.647183, -6.592743
1488.174281, -6.702271
1492.701343, -6.809509
1497.229515, -6.932129
1501.757687, -7.045166
1506.285860, -7.161163
1510.814034, -7.270111
1515.342208, -7.382599
1519.870384, -7.475372
1524.398300, -7.580505
1528.926171, -7.664337
1533.454042, -7.753235
1537.981914, -7.843903
1542.504547, -7.958832
1547.034923, -8.087158
1551.565299, -8.204742
1556.095676, -8.314636
1560.626054, -8.404449
1565.156433, -8.494904
1569.686814, -8.593811
1574.217333, -8.675964
1578.747853, -8.762756
1583.278374, -8.839935
1587.808895, -8.928711
1592.339418, -9.001312
1596.869942, -9.062897
1601.400467, -9.129822
1605.930991, -9.182129
1610.461519, -9.238953
1614.991203, -9.285156
1619.523676, -9.357361
1624.056151, -9.443939
1628.588626, -9.514099
1633.121102, -9.571320
1637.653580, -9.637329
1642.186058, -9.685211
1646.718537, -9.731445
1651.251018, -9.785065
1655.783500, -9.822235
1660.315983, -9.845337
1664.847106, -9.894043
1669.380653, -9.941559
1673.914202, -9.980713
1678.447753, -10.013550
1682.980078, -10.046143
1687.510638, -10.078094
1692.044757, -10.137512
1696.578878, -10.159271
1701.113000, -10.180206
1705.647122, -10.170807
1710.180107, -10.189941
1714.715531, -10.215881
1719.250956, -10.261169
1723.786382, -10.294220
1728.321810, -10.312805
1732.857238, -10.340118
1737.392667, -10.366486
1741.927797, -10.384491
1746.463795, -10.390442
1750.999795, -10.411621
1755.535795, -10.424042
1760.071796, -10.427521
1764.607799, -10.430634
1769.143204, -10.448486
1773.679820, -10.457367
1778.216436, -10.454285
1782.753053, -10.449554
1787.289671, -10.458221
1791.826172, -10.458130
1796.362674, -10.446045
1800.895339, -10.451233
1805.433124, -10.460541
1809.970910, -10.490051
1814.508696, -10.480286
1819.046483, -10.489777
1823.584272, -10.486816
1828.122062, -10.486420
1832.659666, -10.511810
1837.198030, -10.520325
1841.736396, -10.523773
1846.274763, -10.516296
1850.813131, -10.526001
1855.351499, -10.538055
1859.889713, -10.535828
1864.428383, -10.538147
1868.967054, -10.555756
1873.505725, -10.543854
1878.044397, -10.547333
1882.583073, -10.558990
1887.122358, -10.570129
1891.661645, -10.576538
1896.200933, -10.590576
1900.740221, -10.598694
1905.279455, -10.611053
1909.819049, -10.617279
1914.358643, -10.608734
1918.898239, -10.623108
1923.437834, -10.628937
1927.977431, -10.626282
1932.517028, -10.634430
1937.056627, -10.632965
1941.596226, -10.648926
1946.135826, -10.659149
1950.675426, -10.665283
1955.215038, -10.654114
1959.754726, -10.691772
1964.294413, -10.703583
1968.834102, -10.709045
1973.373791, -10.718475
1977.913481, -10.727173
1982.453172, -10.718384
1986.992864, -10.733673
1991.532556, -10.744019
1996.072249, -10.748993
2000.611942, -10.759308
2005.151636, -10.771667
2009.691331, -10.788452
2014.231027, -10.804321
2018.770724, -10.802551
2023.310420, -10.807861
2027.850118, -10.824036
2032.389816, -10.829498
2036.929515, -10.822021
2041.469210, -10.827515
2046.008970, -10.832275
2050.548731, -10.833069
2055.088493, -10.863800
2059.628254, -10.860535
2064.168017, -10.876831
2068.707781, -10.878754
2073.247545, -10.879791
2077.787310, -10.869690
2082.327075, -10.885590
2086.866841, -10.879456
2091.406609, -10.885712
2095.946376, -10.891907
2100.486145, -10.902557
2105.025913, -10.897308
2109.565682, -10.900452
2114.105453, -10.927887
2118.645224, -10.938232
2123.184994, -10.944061
2127.724764, -10.946930
2132.264535, -10.951965
2136.804307, -10.948090
2141.344080, -10.975311
2145.883854, -10.963684
2150.423628, -10.967865
2154.963402, -10.976807
2159.503177, -10.981018
2164.042953, -10.989502
2168.582730, -10.995789
2173.122507, -10.993347
2177.662285, -10.980316
2182.202064, -10.990356
2186.741844, -11.000977
2191.281624, -11.007233
2195.821405, -11.014648
2200.361187, -11.001160
2204.900968, -11.009094
2209.440751, -11.027710
2213.980535, -11.044128
2218.520319, -11.063263
2223.060104, -11.071960
2227.599889, -11.083252
2232.139675, -11.084412
2236.679463, -11.123016
2241.219250, -11.145752
2245.759038, -11.146881
2250.298828, -11.156494
2254.838617, -11.148895
2259.378408, -11.135284
2263.918199, -11.134521
2268.457990, -11.158905
2272.997783, -11.152802
2277.537576, -11.173309
2282.077370, -11.190002
2286.617164, -11.213409
2291.156959, -11.201721
2295.696756, -11.203247
2300.236551, -11.213379
2304.776348, -11.218018
2309.316147, -11.236694
2313.855945, -11.222443
ENDTABLE
#CheckBox0 0    
#CheckBox1 0    
#CheckBox2 1    
#CheckBox3 1    
SMTH_MULT 0.1
SMTH_MINACC 1
JSON_FILENAME Scene_Import\Atlas\I-94 N near exit 172.vsscene
#RingCtrl0 1
SMTH_PASS 1
GPS_REF_LAT 42.26972
GPS_REF_LONG -83.78449
GPS_REF_ALT 295.543732

!!!!!!!!!!!!!!!!!!!!!!!!!!!!!!!!!!!!!!!!!!!!!!!!!!!!!!!!!!!!!!
!!!!!!!!!!!!!!!!!!!  Warning: Raw Data Below  !!!!!!!!!!!!!!!!
!!!!!!!!!!!!!!!!!!!!!!!!!  Do Not Edit  !!!!!!!!!!!!!!!!!!!!!!
!!!!!!!!!!!!!!!!!!!!!!!!!!!!!!!!!!!!!!!!!!!!!!!!!!!!!!!!!!!!!!
! Table Columns:
!   NOTE: Label columns are not written to parsfile.
!
! 0: (Text) Describes the import object type (PATH or SEGM)
! 1: (Text) Describes the import object internal ID
! 2: (Text) Describes the import object name
! 3: (Text) Id of segment linked to by a path
! 4: (Text) X Coordinate of Segment definition
! 5: (Text) Y Coordinate of Segment definition
! 6: (Text) Z Coordinate of Segment definition
! 7: (Text) S Coordinate of Segment definition
! 8: (Text) Heading of a segment linked to by a path
! 9: (Text) RenderObject Title
! 10: (Text) RenderObject Path
! 11: (Text) RenderObject Z Angle
! 12: (Text) RenderObject X Offset
! 13: (Text) RenderObject Y Offset
! 14: (Text) RenderObject Z Offset
! 15: (Text) RenderObject No Shadows
! 16: (Text) SensorObject Title
! 17: (Text) SensorObject X
! 18: (Text) SensorObject Y
! 19: (Text) SensorObject Height
! 20: (Text) SensorObject Diameter
! 21: (Text) SensorObject Type
! 22: (Text) SensorObject Message
! 23: (Text) Path is looped
#MIXTABLE0
#NUMROWS 514
#SEGM, 0, , , 0.000000, 0.000000, 0.000000, 0.000000, , , , , , , , , , , , , , , , 
#SEGM, 0, , , 0.211614, 4.518081, -0.059296, 4.523034, , , , , , , , , , , , , , , , 
#SEGM, 0, , , 0.423229, 9.036162, -0.109558, 9.046068, , , , , , , , , , , , , , , , 
#SEGM, 0, , , 0.634844, 13.554243, -0.178253, 13.569102, , , , , , , , , , , , , , , , 
#SEGM, 0, , , 0.846460, 18.072324, -0.223938, 18.092136, , , , , , , , , , , , , , , , 
#SEGM, 0, , , 1.058075, 22.590405, -0.278992, 22.615170, , , , , , , , , , , , , , , , 
#SEGM, 0, , , 1.269691, 27.108486, -0.348328, 27.138204, , , , , , , , , , , , , , , , 
#SEGM, 0, , , 1.481307, 31.626567, -0.413910, 31.661239, , , , , , , , , , , , , , , , 
#SEGM, 0, , , 1.692923, 36.144648, -0.485260, 36.184273, , , , , , , , , , , , , , , , 
#SEGM, 0, , , 1.904540, 40.662729, -0.548187, 40.707307, , , , , , , , , , , , , , , , 
#SEGM, 0, , , 2.116157, 45.180810, -0.600159, 45.230341, , , , , , , , , , , , , , , , 
#SEGM, 0, , , 2.327774, 49.698891, -0.661652, 49.753375, , , , , , , , , , , , , , , , 
#SEGM, 0, , , 2.539392, 54.216972, -0.722748, 54.276409, , , , , , , , , , , , , , , , 
#SEGM, 0, , , 2.751010, 58.735053, -0.792511, 58.799443, , , , , , , , , , , , , , , , 
#SEGM, 0, , , 2.962628, 63.253134, -0.867310, 63.322477, , , , , , , , , , , , , , , , 
#SEGM, 0, , , 3.174246, 67.771215, -0.922119, 67.845512, , , , , , , , , , , , , , , , 
#SEGM, 0, , , 3.385864, 72.289296, -0.989502, 72.368546, , , , , , , , , , , , , , , , 
#SEGM, 0, , , 3.597483, 76.807377, -1.029724, 76.891580, , , , , , , , , , , , , , , , 
#SEGM, 0, , , 3.809102, 81.325458, -1.089020, 81.414614, , , , , , , , , , , , , , , , 
#SEGM, 0, , , 4.020722, 85.843539, -1.159088, 85.937648, , , , , , , , , , , , , , , , 
#SEGM, 0, , , 4.232341, 90.361620, -1.239471, 90.460682, , , , , , , , , , , , , , , , 
#SEGM, 0, , , 4.443961, 94.879701, -1.298431, 94.983717, , , , , , , , , , , , , , , , 
#SEGM, 0, , , 4.655582, 99.397782, -1.359528, 99.506751, , , , , , , , , , , , , , , , 
#SEGM, 0, , , 4.867202, 103.915863, -1.418365, 104.029785, , , , , , , , , , , , , , , , 
#SEGM, 0, , , 5.078823, 108.433943, -1.478424, 108.552819, , , , , , , , , , , , , , , , 
#SEGM, 0, , , 5.290444, 112.952024, -1.528503, 113.075853, , , , , , , , , , , , , , , , 
#SEGM, 0, , , 5.502065, 117.470105, -1.606689, 117.598888, , , , , , , , , , , , , , , , 
#SEGM, 0, , , 5.713687, 121.988186, -1.682556, 122.121922, , , , , , , , , , , , , , , , 
#SEGM, 0, , , 5.934837, 126.505810, -1.760193, 126.644955, , , , , , , , , , , , , , , , 
#SEGM, 0, , , 6.159874, 131.023247, -1.805725, 131.167994, , , , , , , , , , , , , , , , 
#SEGM, 0, , , 6.384911, 135.540685, -1.872467, 135.691033, , , , , , , , , , , , , , , , 
#SEGM, 0, , , 6.609949, 140.058122, -1.940277, 140.214072, , , , , , , , , , , , , , , , 
#SEGM, 0, , , 6.834987, 144.575559, -2.010529, 144.737111, , , , , , , , , , , , , , , , 
#SEGM, 0, , , 7.060025, 149.092997, -2.071014, 149.260150, , , , , , , , , , , , , , , , 
#SEGM, 0, , , 7.285064, 153.610434, -2.122192, 153.783189, , , , , , , , , , , , , , , , 
#SEGM, 0, , , 7.510102, 158.127871, -2.192169, 158.306229, , , , , , , , , , , , , , , , 
#SEGM, 0, , , 7.735141, 162.645309, -2.225769, 162.829268, , , , , , , , , , , , , , , , 
#SEGM, 0, , , 7.960181, 167.162746, -2.292419, 167.352307, , , , , , , , , , , , , , , , 
#SEGM, 0, , , 8.185220, 171.680183, -2.357422, 171.875346, , , , , , , , , , , , , , , , 
#SEGM, 0, , , 8.410260, 176.197620, -2.404175, 176.398385, , , , , , , , , , , , , , , , 
#SEGM, 0, , , 8.635301, 180.715058, -2.472961, 180.921424, , , , , , , , , , , , , , , , 
#SEGM, 0, , , 8.860341, 185.232495, -2.524353, 185.444463, , , , , , , , , , , , , , , , 
#SEGM, 0, , , 9.085382, 189.749932, -2.570282, 189.967502, , , , , , , , , , , , , , , , 
#SEGM, 0, , , 9.310423, 194.267369, -2.616394, 194.490541, , , , , , , , , , , , , , , , 
#SEGM, 0, , , 9.535464, 198.784807, -2.657257, 199.013580, , , , , , , , , , , , , , , , 
#SEGM, 0, , , 9.760506, 203.302244, -2.718109, 203.536619, , , , , , , , , , , , , , , , 
#SEGM, 0, , , 9.985548, 207.819681, -2.755310, 208.059659, , , , , , , , , , , , , , , , 
#SEGM, 0, , , 10.210590, 212.337118, -2.796417, 212.582698, , , , , , , , , , , , , , , , 
#SEGM, 0, , , 10.435633, 216.854556, -2.844604, 217.105737, , , , , , , , , , , , , , , , 
#SEGM, 0, , , 10.660676, 221.371993, -2.878601, 221.628776, , , , , , , , , , , , , , , , 
#SEGM, 0, , , 10.885719, 225.889430, -2.905640, 226.151815, , , , , , , , , , , , , , , , 
#SEGM, 0, , , 11.110762, 230.406867, -2.935638, 230.674854, , , , , , , , , , , , , , , , 
#SEGM, 0, , , 11.335806, 234.924304, -2.969696, 235.197894, , , , , , , , , , , , , , , , 
#SEGM, 0, , , 11.560850, 239.441742, -2.991547, 239.720933, , , , , , , , , , , , , , , , 
#SEGM, 0, , , 11.785894, 243.959179, -3.030640, 244.243972, , , , , , , , , , , , , , , , 
#SEGM, 0, , , 12.010939, 248.476616, -3.073730, 248.767011, , , , , , , , , , , , , , , , 
#SEGM, 0, , , 12.235984, 252.994053, -3.104889, 253.290050, , , , , , , , , , , , , , , , 
#SEGM, 0, , , 12.461029, 257.511490, -3.142548, 257.813090, , , , , , , , , , , , , , , , 
#SEGM, 0, , , 12.686075, 262.028927, -3.151031, 262.336129, , , , , , , , , , , , , , , , 
#SEGM, 0, , , 12.911120, 266.546365, -3.178650, 266.859168, , , , , , , , , , , , , , , , 
#SEGM, 0, , , 13.136166, 271.063802, -3.220154, 271.382207, , , , , , , , , , , , , , , , 
#SEGM, 0, , , 13.361213, 275.581239, -3.262390, 275.905247, , , , , , , , , , , , , , , , 
#SEGM, 0, , , 13.586259, 280.098676, -3.305542, 280.428286, , , , , , , , , , , , , , , , 
#SEGM, 0, , , 13.811306, 284.616113, -3.341095, 284.951325, , , , , , , , , , , , , , , , 
#SEGM, 0, , , 14.036353, 289.133550, -3.366180, 289.474364, , , , , , , , , , , , , , , , 
#SEGM, 0, , , 14.261401, 293.650987, -3.383850, 293.997404, , , , , , , , , , , , , , , , 
#SEGM, 0, , , 14.486449, 298.168424, -3.404877, 298.520443, , , , , , , , , , , , , , , , 
#SEGM, 0, , , 14.711497, 302.685861, -3.426453, 303.043482, , , , , , , , , , , , , , , , 
#SEGM, 0, , , 14.936981, 307.203277, -3.455933, 307.566522, , , , , , , , , , , , , , , , 
#SEGM, 0, , , 15.163164, 311.720658, -3.480072, 312.089561, , , , , , , , , , , , , , , , 
#SEGM, 0, , , 15.389348, 316.238038, -3.503845, 316.612601, , , , , , , , , , , , , , , , 
#SEGM, 0, , , 15.615531, 320.755419, -3.502655, 321.135641, , , , , , , , , , , , , , , , 
#SEGM, 0, , , 15.841715, 325.272800, -3.492981, 325.658680, , , , , , , , , , , , , , , , 
#SEGM, 0, , , 16.067899, 329.790181, -3.504822, 330.181720, , , , , , , , , , , , , , , , 
#SEGM, 0, , , 16.294083, 334.307562, -3.521393, 334.704760, , , , , , , , , , , , , , , , 
#SEGM, 0, , , 16.520268, 338.824943, -3.522095, 339.227800, , , , , , , , , , , , , , , , 
#SEGM, 0, , , 16.746453, 343.342323, -3.519196, 343.750840, , , , , , , , , , , , , , , , 
#SEGM, 0, , , 16.972638, 347.859704, -3.507080, 348.273879, , , , , , , , , , , , , , , , 
#SEGM, 0, , , 17.198824, 352.377085, -3.510864, 352.796919, , , , , , , , , , , , , , , , 
#SEGM, 0, , , 17.425010, 356.894466, -3.494995, 357.319959, , , , , , , , , , , , , , , , 
#SEGM, 0, , , 17.651196, 361.411846, -3.478241, 361.842999, , , , , , , , , , , , , , , , 
#SEGM, 0, , , 17.877382, 365.929227, -3.478577, 366.366039, , , , , , , , , , , , , , , , 
#SEGM, 0, , , 18.103569, 370.446608, -3.474487, 370.889078, , , , , , , , , , , , , , , , 
#SEGM, 0, , , 18.329756, 374.963989, -3.457764, 375.412118, , , , , , , , , , , , , , , , 
#SEGM, 0, , , 18.555943, 379.481369, -3.428497, 379.935158, , , , , , , , , , , , , , , , 
#SEGM, 0, , , 18.782131, 383.998750, -3.412750, 384.458198, , , , , , , , , , , , , , , , 
#SEGM, 0, , , 19.008319, 388.516131, -3.390839, 388.981238, , , , , , , , , , , , , , , , 
#SEGM, 0, , , 19.234507, 393.033511, -3.353363, 393.504278, , , , , , , , , , , , , , , , 
#SEGM, 0, , , 19.460696, 397.550892, -3.324677, 398.027317, , , , , , , , , , , , , , , , 
#SEGM, 0, , , 19.686884, 402.068273, -3.300934, 402.550357, , , , , , , , , , , , , , , , 
#SEGM, 0, , , 19.913073, 406.585654, -3.266632, 407.073397, , , , , , , , , , , , , , , , 
#SEGM, 0, , , 20.139263, 411.103034, -3.256805, 411.596437, , , , , , , , , , , , , , , , 
#SEGM, 0, , , 20.365452, 415.620415, -3.239136, 416.119477, , , , , , , , , , , , , , , , 
#SEGM, 0, , , 20.591642, 420.137796, -3.215240, 420.642517, , , , , , , , , , , , , , , , 
#SEGM, 0, , , 20.817833, 424.655176, -3.191620, 425.165557, , , , , , , , , , , , , , , , 
#SEGM, 0, , , 21.044023, 429.172557, -3.158417, 429.688597, , , , , , , , , , , , , , , , 
#SEGM, 0, , , 21.270214, 433.689937, -3.130890, 434.211637, , , , , , , , , , , , , , , , 
#SEGM, 0, , , 21.496405, 438.207318, -3.102936, 438.734677, , , , , , , , , , , , , , , , 
#SEGM, 0, , , 21.722596, 442.724699, -3.125153, 443.257716, , , , , , , , , , , , , , , , 
#SEGM, 0, , , 21.948788, 447.242079, -3.122864, 447.780756, , , , , , , , , , , , , , , , 
#SEGM, 0, , , 22.174980, 451.759460, -3.097321, 452.303796, , , , , , , , , , , , , , , , 
#SEGM, 0, , , 22.401172, 456.276841, -3.069458, 456.826836, , , , , , , , , , , , , , , , 
#SEGM, 0, , , 22.627365, 460.794221, -3.034332, 461.349876, , , , , , , , , , , , , , , , 
#SEGM, 0, , , 22.853558, 465.311602, -3.000916, 465.872916, , , , , , , , , , , , , , , , 
#SEGM, 0, , , 23.079751, 469.828982, -2.961670, 470.395956, , , , , , , , , , , , , , , , 
#SEGM, 0, , , 23.305944, 474.346363, -2.923187, 474.918996, , , , , , , , , , , , , , , , 
#SEGM, 0, , , 23.532138, 478.863743, -2.879913, 479.442036, , , , , , , , , , , , , , , , 
#SEGM, 0, , , 23.758332, 483.381124, -2.856049, 483.965076, , , , , , , , , , , , , , , , 
#SEGM, 0, , , 23.984527, 487.898505, -2.811432, 488.488116, , , , , , , , , , , , , , , , 
#SEGM, 0, , , 24.210721, 492.415885, -2.761047, 493.011156, , , , , , , , , , , , , , , , 
#SEGM, 0, , , 24.436916, 496.933266, -2.714783, 497.534196, , , , , , , , , , , , , , , , 
#SEGM, 0, , , 24.663111, 501.450646, -2.671936, 502.057236, , , , , , , , , , , , , , , , 
#SEGM, 0, , , 24.879166, 505.968512, -2.624329, 506.580266, , , , , , , , , , , , , , , , 
#SEGM, 0, , , 25.088898, 510.486681, -2.573639, 511.103300, , , , , , , , , , , , , , , , 
#SEGM, 0, , , 25.298631, 515.004850, -2.538940, 515.626334, , , , , , , , , , , , , , , , 
#SEGM, 0, , , 25.508363, 519.523019, -2.503693, 520.149368, , , , , , , , , , , , , , , , 
#SEGM, 0, , , 25.718096, 524.041188, -2.465820, 524.672402, , , , , , , , , , , , , , , , 
#SEGM, 0, , , 25.927829, 528.559357, -2.428009, 529.195436, , , , , , , , , , , , , , , , 
#SEGM, 0, , , 26.137562, 533.077526, -2.388062, 533.718470, , , , , , , , , , , , , , , , 
#SEGM, 0, , , 26.347296, 537.595694, -2.335175, 538.241504, , , , , , , , , , , , , , , , 
#SEGM, 0, , , 26.599272, 542.111655, -2.283966, 542.764489, , , , , , , , , , , , , , , , 
#SEGM, 0, , , 26.865423, 546.626874, -2.269257, 547.287545, , , , , , , , , , , , , , , , 
#SEGM, 0, , , 27.131575, 551.142093, -2.243042, 551.810602, , , , , , , , , , , , , , , , 
#SEGM, 0, , , 27.397727, 555.657312, -2.203888, 556.333658, , , , , , , , , , , , , , , , 
#SEGM, 0, , , 27.663879, 560.172531, -2.158295, 560.856715, , , , , , , , , , , , , , , , 
#SEGM, 0, , , 27.930031, 564.687750, -2.121185, 565.379771, , , , , , , , , , , , , , , , 
#SEGM, 0, , , 28.196184, 569.202968, -2.082855, 569.902827, , , , , , , , , , , , , , , , 
#SEGM, 0, , , 28.462337, 573.718187, -2.050262, 574.425884, , , , , , , , , , , , , , , , 
#SEGM, 0, , , 28.728491, 578.233406, -2.015076, 578.948940, , , , , , , , , , , , , , , , 
#SEGM, 0, , , 28.994645, 582.748625, -1.975494, 583.471997, , , , , , , , , , , , , , , , 
#SEGM, 0, , , 29.260799, 587.263844, -1.936676, 587.995053, , , , , , , , , , , , , , , , 
#SEGM, 0, , , 29.526954, 591.779063, -1.938110, 592.518110, , , , , , , , , , , , , , , , 
#SEGM, 0, , , 29.793108, 596.294282, -1.897125, 597.041166, , , , , , , , , , , , , , , , 
#SEGM, 0, , , 30.059264, 600.809501, -1.863037, 601.564223, , , , , , , , , , , , , , , , 
#SEGM, 0, , , 30.325419, 605.324720, -1.826263, 606.087279, , , , , , , , , , , , , , , , 
#SEGM, 0, , , 30.574378, 609.840815, -1.796112, 610.610231, , , , , , , , , , , , , , , , 
#SEGM, 0, , , 30.771795, 614.359534, -1.768860, 615.133261, , , , , , , , , , , , , , , , 
#SEGM, 0, , , 30.969212, 618.878254, -1.756897, 619.656291, , , , , , , , , , , , , , , , 
#SEGM, 0, , , 31.166630, 623.396974, -1.730865, 624.179321, , , , , , , , , , , , , , , , 
#SEGM, 0, , , 31.364048, 627.915693, -1.710236, 628.702352, , , , , , , , , , , , , , , , 
#SEGM, 0, , , 31.561466, 632.434413, -1.689880, 633.225382, , , , , , , , , , , , , , , , 
#SEGM, 0, , , 31.758884, 636.953133, -1.665192, 637.748412, , , , , , , , , , , , , , , , 
#SEGM, 0, , , 31.956303, 641.471852, -1.644226, 642.271442, , , , , , , , , , , , , , , , 
#SEGM, 0, , , 32.153722, 645.990572, -1.615143, 646.794472, , , , , , , , , , , , , , , , 
#SEGM, 0, , , 32.351141, 650.509292, -1.578491, 651.317502, , , , , , , , , , , , , , , , 
#SEGM, 0, , , 32.548560, 655.028011, -1.567291, 655.840532, , , , , , , , , , , , , , , , 
#SEGM, 0, , , 32.745980, 659.546731, -1.538239, 660.363562, , , , , , , , , , , , , , , , 
#SEGM, 0, , , 32.943400, 664.065451, -1.520203, 664.886593, , , , , , , , , , , , , , , , 
#SEGM, 0, , , 33.140820, 668.584170, -1.514862, 669.409623, , , , , , , , , , , , , , , , 
#SEGM, 0, , , 33.338240, 673.102890, -1.485748, 673.932653, , , , , , , , , , , , , , , , 
#SEGM, 0, , , 33.535661, 677.621609, -1.452728, 678.455683, , , , , , , , , , , , , , , , 
#SEGM, 0, , , 33.733082, 682.140329, -1.446686, 682.978713, , , , , , , , , , , , , , , , 
#SEGM, 0, , , 33.930503, 686.659049, -1.420715, 687.501743, , , , , , , , , , , , , , , , 
#SEGM, 0, , , 34.127924, 691.177768, -1.411285, 692.024774, , , , , , , , , , , , , , , , 
#SEGM, 0, , , 34.325346, 695.696488, -1.397308, 696.547804, , , , , , , , , , , , , , , , 
#SEGM, 0, , , 34.522768, 700.215207, -1.368500, 701.070834, , , , , , , , , , , , , , , , 
#SEGM, 0, , , 34.738339, 704.733038, -1.354950, 705.593805, , , , , , , , , , , , , , , , 
#SEGM, 0, , , 34.986800, 709.249258, -1.336151, 710.116854, , , , , , , , , , , , , , , , 
#SEGM, 0, , , 35.235261, 713.765478, -1.323334, 714.639903, , , , , , , , , , , , , , , , 
#SEGM, 0, , , 35.483723, 718.281697, -1.312286, 719.162952, , , , , , , , , , , , , , , , 
#SEGM, 0, , , 35.732185, 722.797917, -1.295441, 723.686002, , , , , , , , , , , , , , , , 
#SEGM, 0, , , 35.980647, 727.314137, -1.279449, 728.209051, , , , , , , , , , , , , , , , 
#SEGM, 0, , , 36.229109, 731.830357, -1.280853, 732.732100, , , , , , , , , , , , , , , , 
#SEGM, 0, , , 36.477572, 736.346576, -1.266968, 737.255149, , , , , , , , , , , , , , , , 
#SEGM, 0, , , 36.726035, 740.862796, -1.260071, 741.778198, , , , , , , , , , , , , , , , 
#SEGM, 0, , , 36.974499, 745.379016, -1.255829, 746.301248, , , , , , , , , , , , , , , , 
#SEGM, 0, , , 37.222962, 749.895235, -1.243073, 750.824297, , , , , , , , , , , , , , , , 
#SEGM, 0, , , 37.471427, 754.411455, -1.221954, 755.347346, , , , , , , , , , , , , , , , 
#SEGM, 0, , , 37.719891, 758.927675, -1.211914, 759.870395, , , , , , , , , , , , , , , , 
#SEGM, 0, , , 37.968356, 763.443894, -1.202576, 764.393445, , , , , , , , , , , , , , , , 
#SEGM, 0, , , 38.216821, 767.960114, -1.200256, 768.916494, , , , , , , , , , , , , , , , 
#SEGM, 0, , , 38.465286, 772.476334, -1.193512, 773.439543, , , , , , , , , , , , , , , , 
#SEGM, 0, , , 38.713752, 776.992553, -1.182220, 777.962593, , , , , , , , , , , , , , , , 
#SEGM, 0, , , 38.962218, 781.508773, -1.176178, 782.485642, , , , , , , , , , , , , , , , 
#SEGM, 0, , , 39.210684, 786.024993, -1.160858, 787.008691, , , , , , , , , , , , , , , , 
#SEGM, 0, , , 39.459151, 790.541212, -1.149597, 791.531741, , , , , , , , , , , , , , , , 
#SEGM, 0, , , 39.707618, 795.057432, -1.149567, 796.054790, , , , , , , , , , , , , , , , 
#SEGM, 0, , , 39.956085, 799.573651, -1.144989, 800.577839, , , , , , , , , , , , , , , , 
#SEGM, 0, , , 40.204553, 804.089871, -1.154602, 805.100889, , , , , , , , , , , , , , , , 
#SEGM, 0, , , 40.453020, 808.606091, -1.158386, 809.623938, , , , , , , , , , , , , , , , 
#SEGM, 0, , , 40.701489, 813.122310, -1.149506, 814.146987, , , , , , , , , , , , , , , , 
#SEGM, 0, , , 40.949957, 817.638530, -1.150543, 818.670037, , , , , , , , , , , , , , , , 
#SEGM, 0, , , 41.198426, 822.154749, -1.150574, 823.193086, , , , , , , , , , , , , , , , 
#SEGM, 0, , , 41.414484, 826.672593, -1.150421, 827.716093, , , , , , , , , , , , , , , , 
#SEGM, 0, , , 41.622056, 831.190861, -1.158386, 832.239127, , , , , , , , , , , , , , , , 
#SEGM, 0, , , 41.829629, 835.709129, -1.172333, 836.762160, , , , , , , , , , , , , , , , 
#SEGM, 0, , , 42.037202, 840.227397, -1.177795, 841.285194, , , , , , , , , , , , , , , , 
#SEGM, 0, , , 42.244775, 844.745666, -1.182159, 845.808228, , , , , , , , , , , , , , , , 
#SEGM, 0, , , 42.452348, 849.263934, -1.180878, 850.331262, , , , , , , , , , , , , , , , 
#SEGM, 0, , , 42.659922, 853.782202, -1.185669, 854.854296, , , , , , , , , , , , , , , , 
#SEGM, 0, , , 42.867495, 858.300471, -1.189117, 859.377329, , , , , , , , , , , , , , , , 
#SEGM, 0, , , 43.075070, 862.818739, -1.195160, 863.900363, , , , , , , , , , , , , , , , 
#SEGM, 0, , , 43.282644, 867.337007, -1.208252, 868.423397, , , , , , , , , , , , , , , , 
#SEGM, 0, , , 43.490219, 871.855275, -1.207794, 872.946431, , , , , , , , , , , , , , , , 
#SEGM, 0, , , 43.697793, 876.373544, -1.202148, 877.469465, , , , , , , , , , , , , , , , 
#SEGM, 0, , , 43.905369, 880.891812, -1.215790, 881.992499, , , , , , , , , , , , , , , , 
#SEGM, 0, , , 44.112944, 885.410080, -1.223419, 886.515533, , , , , , , , , , , , , , , , 
#SEGM, 0, , , 44.320520, 889.928348, -1.221008, 891.038566, , , , , , , , , , , , , , , , 
#SEGM, 0, , , 44.528096, 894.446616, -1.214325, 895.561600, , , , , , , , , , , , , , , , 
#SEGM, 0, , , 44.735672, 898.964885, -1.217804, 900.084634, , , , , , , , , , , , , , , , 
#SEGM, 0, , , 44.943248, 903.483153, -1.227234, 904.607668, , , , , , , , , , , , , , , , 
#SEGM, 0, , , 45.150825, 908.001421, -1.232971, 909.130702, , , , , , , , , , , , , , , , 
#SEGM, 0, , , 45.358402, 912.519689, -1.233917, 913.653736, , , , , , , , , , , , , , , , 
#SEGM, 0, , , 45.565980, 917.037958, -1.247620, 918.176770, , , , , , , , , , , , , , , , 
#SEGM, 0, , , 45.773557, 921.556226, -1.263672, 922.699804, , , , , , , , , , , , , , , , 
#SEGM, 0, , , 45.981135, 926.074494, -1.276611, 927.222838, , , , , , , , , , , , , , , , 
#SEGM, 0, , , 46.188713, 930.592762, -1.281433, 931.745872, , , , , , , , , , , , , , , , 
#SEGM, 0, , , 46.367062, 935.112263, -1.291718, 936.268891, , , , , , , , , , , , , , , , 
#SEGM, 0, , , 46.543733, 939.631836, -1.321350, 940.791915, , , , , , , , , , , , , , , , 
#SEGM, 0, , , 46.720404, 944.151408, -1.331573, 945.314939, , , , , , , , , , , , , , , , 
#SEGM, 0, , , 46.897076, 948.670980, -1.339813, 949.837963, , , , , , , , , , , , , , , , 
#SEGM, 0, , , 47.073748, 953.190552, -1.340668, 954.360987, , , , , , , , , , , , , , , , 
#SEGM, 0, , , 47.250420, 957.710125, -1.353210, 958.884011, , , , , , , , , , , , , , , , 
#SEGM, 0, , , 47.427092, 962.229697, -1.371460, 963.407035, , , , , , , , , , , , , , , , 
#SEGM, 0, , , 47.603765, 966.749269, -1.377808, 967.930059, , , , , , , , , , , , , , , , 
#SEGM, 0, , , 47.780437, 971.268841, -1.368439, 972.453083, , , , , , , , , , , , , , , , 
#SEGM, 0, , , 47.849981, 975.790490, -1.373627, 976.975267, , , , , , , , , , , , , , , , 
#SEGM, 0, , , 47.849981, 980.313488, -1.374969, 981.498264, , , , , , , , , , , , , , , , 
#SEGM, 0, , , 47.849981, 984.836486, -1.379608, 986.021262, , , , , , , , , , , , , , , , 
#SEGM, 0, , , 47.849981, 989.359484, -1.376923, 990.544260, , , , , , , , , , , , , , , , 
#SEGM, 0, , , 47.849981, 993.882481, -1.380798, 995.067257, , , , , , , , , , , , , , , , 
#SEGM, 0, , , 47.849981, 998.405479, -1.386658, 999.590255, , , , , , , , , , , , , , , , 
#SEGM, 0, , , 47.849981, 1002.928477, -1.397705, 1004.113253, , , , , , , , , , , , , , , , 
#SEGM, 0, , , 47.849981, 1007.451474, -1.409912, 1008.636251, , , , , , , , , , , , , , , , 
#SEGM, 0, , , 47.849981, 1011.974472, -1.428345, 1013.159248, , , , , , , , , , , , , , , , 
#SEGM, 0, , , 47.849981, 1016.497470, -1.431885, 1017.682246, , , , , , , , , , , , , , , , 
#SEGM, 0, , , 47.849981, 1021.020468, -1.449860, 1022.205244, , , , , , , , , , , , , , , , 
#SEGM, 0, , , 47.849981, 1025.543465, -1.465515, 1026.728241, , , , , , , , , , , , , , , , 
#SEGM, 0, , , 47.849981, 1030.066463, -1.461731, 1031.251239, , , , , , , , , , , , , , , , 
#SEGM, 0, , , 47.849981, 1034.589461, -1.469543, 1035.774237, , , , , , , , , , , , , , , , 
#SEGM, 0, , , 47.849981, 1039.112458, -1.484131, 1040.297235, , , , , , , , , , , , , , , , 
#SEGM, 0, , , 47.849981, 1043.635456, -1.484558, 1044.820232, , , , , , , , , , , , , , , , 
#SEGM, 0, , , 47.849981, 1048.158454, -1.492004, 1049.343230, , , , , , , , , , , , , , , , 
#SEGM, 0, , , 47.795837, 1052.680965, -1.508209, 1053.866065, , , , , , , , , , , , , , , , 
#SEGM, 0, , , 47.713916, 1057.203226, -1.515594, 1058.389069, , , , , , , , , , , , , , , , 
#SEGM, 0, , , 47.631995, 1061.725488, -1.513214, 1062.912072, , , , , , , , , , , , , , , , 
#SEGM, 0, , , 47.550074, 1066.247749, -1.525604, 1067.435075, , , , , , , , , , , , , , , , 
#SEGM, 0, , , 47.468153, 1070.770011, -1.523926, 1071.958079, , , , , , , , , , , , , , , , 
#SEGM, 0, , , 47.386232, 1075.292272, -1.537415, 1076.481082, , , , , , , , , , , , , , , , 
#SEGM, 0, , , 47.304311, 1079.814534, -1.548828, 1081.004086, , , , , , , , , , , , , , , , 
#SEGM, 0, , , 47.222390, 1084.336795, -1.555145, 1085.527089, , , , , , , , , , , , , , , , 
#SEGM, 0, , , 47.140468, 1088.859057, -1.557190, 1090.050092, , , , , , , , , , , , , , , , 
#SEGM, 0, , , 47.058547, 1093.381318, -1.572113, 1094.573096, , , , , , , , , , , , , , , , 
#SEGM, 0, , , 46.943531, 1097.902781, -1.586823, 1099.096021, , , , , , , , , , , , , , , , 
#SEGM, 0, , , 46.805542, 1102.423689, -1.595886, 1103.619035, , , , , , , , , , , , , , , , 
#SEGM, 0, , , 46.667554, 1106.944598, -1.605865, 1108.142049, , , , , , , , , , , , , , , , 
#SEGM, 0, , , 46.529565, 1111.465506, -1.631042, 1112.665063, , , , , , , , , , , , , , , , 
#SEGM, 0, , , 46.391575, 1115.986415, -1.646759, 1117.188077, , , , , , , , , , , , , , , , 
#SEGM, 0, , , 46.253586, 1120.507323, -1.655640, 1121.711090, , , , , , , , , , , , , , , , 
#SEGM, 0, , , 46.115596, 1125.028231, -1.677216, 1126.234104, , , , , , , , , , , , , , , , 
#SEGM, 0, , , 45.977607, 1129.549140, -1.691132, 1130.757118, , , , , , , , , , , , , , , , 
#SEGM, 0, , , 45.839617, 1134.070048, -1.693298, 1135.280132, , , , , , , , , , , , , , , , 
#SEGM, 0, , , 45.701627, 1138.590957, -1.696259, 1139.803146, , , , , , , , , , , , , , , , 
#SEGM, 0, , , 45.563637, 1143.111865, -1.690704, 1144.326160, , , , , , , , , , , , , , , , 
#SEGM, 0, , , 45.425646, 1147.632774, -1.688934, 1148.849173, , , , , , , , , , , , , , , , 
#SEGM, 0, , , 45.287656, 1152.153682, -1.705902, 1153.372187, , , , , , , , , , , , , , , , 
#SEGM, 0, , , 45.149665, 1156.674590, -1.724304, 1157.895201, , , , , , , , , , , , , , , , 
#SEGM, 0, , , 45.011674, 1161.195499, -1.718872, 1162.418215, , , , , , , , , , , , , , , , 
#SEGM, 0, , , 44.873683, 1165.716407, -1.717316, 1166.941229, , , , , , , , , , , , , , , , 
#SEGM, 0, , , 44.735691, 1170.237316, -1.723633, 1171.464243, , , , , , , , , , , , , , , , 
#SEGM, 0, , , 44.597700, 1174.758224, -1.720520, 1175.987257, , , , , , , , , , , , , , , , 
#SEGM, 0, , , 44.431285, 1179.278136, -1.717590, 1180.510231, , , , , , , , , , , , , , , , 
#SEGM, 0, , , 44.249847, 1183.797521, -1.723511, 1185.033257, , , , , , , , , , , , , , , , 
#SEGM, 0, , , 44.068408, 1188.316906, -1.731934, 1189.556282, , , , , , , , , , , , , , , , 
#SEGM, 0, , , 43.886969, 1192.836291, -1.742157, 1194.079308, , , , , , , , , , , , , , , , 
#SEGM, 0, , , 43.705530, 1197.355676, -1.746063, 1198.602333, , , , , , , , , , , , , , , , 
#SEGM, 0, , , 43.524091, 1201.875061, -1.751648, 1203.125359, , , , , , , , , , , , , , , , 
#SEGM, 0, , , 43.342651, 1206.394446, -1.763550, 1207.648385, , , , , , , , , , , , , , , , 
#SEGM, 0, , , 43.161211, 1210.913831, -1.771210, 1212.171411, , , , , , , , , , , , , , , , 
#SEGM, 0, , , 42.979771, 1215.433216, -1.786713, 1216.694436, , , , , , , , , , , , , , , , 
#SEGM, 0, , , 42.691570, 1219.946106, -1.799957, 1221.216519, , , , , , , , , , , , , , , , 
#SEGM, 0, , , 42.319569, 1224.453898, -1.811676, 1225.739635, , , , , , , , , , , , , , , , 
#SEGM, 0, , , 41.947568, 1228.961690, -1.830566, 1230.262750, , , , , , , , , , , , , , , , 
#SEGM, 0, , , 41.575566, 1233.469482, -1.852753, 1234.785865, , , , , , , , , , , , , , , , 
#SEGM, 0, , , 41.203564, 1237.977273, -1.872742, 1239.308981, , , , , , , , , , , , , , , , 
#SEGM, 0, , , 40.831562, 1242.485065, -1.901337, 1243.832096, , , , , , , , , , , , , , , , 
#SEGM, 0, , , 40.459558, 1246.992857, -1.936493, 1248.355211, , , , , , , , , , , , , , , , 
#SEGM, 0, , , 39.756826, 1251.460091, -1.981720, 1252.877381, , , , , , , , , , , , , , , , 
#SEGM, 0, , , 39.020204, 1255.923170, -2.032074, 1257.400840, , , , , , , , , , , , , , , , 
#SEGM, 0, , , 38.283581, 1260.386249, -2.079193, 1261.924300, , , , , , , , , , , , , , , , 
#SEGM, 0, , , 37.546957, 1264.849328, -2.163300, 1266.447759, , , , , , , , , , , , , , , , 
#SEGM, 0, , , 36.810333, 1269.312406, -2.224304, 1270.971219, , , , , , , , , , , , , , , , 
#SEGM, 0, , , 36.073707, 1273.775485, -2.269867, 1275.494678, , , , , , , , , , , , , , , , 
#SEGM, 0, , , 35.310451, 1278.233767, -2.367249, 1280.017823, , , , , , , , , , , , , , , , 
#SEGM, 0, , , 34.431578, 1282.671226, -2.454529, 1284.541479, , , , , , , , , , , , , , , , 
#SEGM, 0, , , 33.552704, 1287.108684, -2.995544, 1289.065134, , , , , , , , , , , , , , , , 
#SEGM, 0, , , 32.673829, 1291.546143, -4.523834, 1293.588790, , , , , , , , , , , , , , , , 
#SEGM, 0, , , 31.791439, 1295.982908, -6.335480, 1298.112449, , , , , , , , , , , , , , , , 
#SEGM, 0, , , 30.904438, 1300.418762, -7.638672, 1302.636117, , , , , , , , , , , , , , , , 
#SEGM, 0, , , 30.017435, 1304.854616, -8.032684, 1307.159785, , , , , , , , , , , , , , , , 
#SEGM, 0, , , 29.130432, 1309.290470, -8.521240, 1311.683454, , , , , , , , , , , , , , , , 
#SEGM, 0, , , 28.243427, 1313.726323, -9.187561, 1316.207122, , , , , , , , , , , , , , , , 
#SEGM, 0, , , 27.356421, 1318.162177, -9.481934, 1320.730791, , , , , , , , , , , , , , , , 
#SEGM, 0, , , 26.469414, 1322.598031, -9.364502, 1325.254459, , , , , , , , , , , , , , , , 
#SEGM, 0, , , 25.192179, 1326.936825, -8.721863, 1329.777342, , , , , , , , , , , , , , , , 
#SEGM, 0, , , 23.881807, 1331.267377, -7.679688, 1334.301804, , , , , , , , , , , , , , , , 
#SEGM, 0, , , 22.571433, 1335.597929, -6.376862, 1338.826266, , , , , , , , , , , , , , , , 
#SEGM, 0, , , 21.261057, 1339.928481, -4.999878, 1343.350729, , , , , , , , , , , , , , , , 
#SEGM, 0, , , 19.950680, 1344.259033, -3.914520, 1347.875192, , , , , , , , , , , , , , , , 
#SEGM, 0, , , 18.640301, 1348.589584, -3.485077, 1352.399656, , , , , , , , , , , , , , , , 
#SEGM, 0, , , 17.329920, 1352.920135, -3.516724, 1356.924119, , , , , , , , , , , , , , , , 
#SEGM, 0, , , 15.807067, 1357.181139, -3.609009, 1361.449076, , , , , , , , , , , , , , , , 
#SEGM, 0, , , 14.283410, 1361.441880, -3.700470, 1365.974056, , , , , , , , , , , , , , , , 
#SEGM, 0, , , 12.759751, 1365.702620, -3.795929, 1370.499036, , , , , , , , , , , , , , , , 
#SEGM, 0, , , 11.236090, 1369.963360, -3.862122, 1375.024017, , , , , , , , , , , , , , , , 
#SEGM, 0, , , 9.712428, 1374.224100, -3.918823, 1379.548998, , , , , , , , , , , , , , , , 
#SEGM, 0, , , 8.188763, 1378.484840, -4.025848, 1384.073979, , , , , , , , , , , , , , , , 
#SEGM, 0, , , 6.665097, 1382.745579, -4.120758, 1388.598960, , , , , , , , , , , , , , , , 
#SEGM, 0, , , 5.029362, 1386.964813, -4.233063, 1393.124175, , , , , , , , , , , , , , , , 
#SEGM, 0, , , 3.388624, 1391.182195, -4.340088, 1397.649473, , , , , , , , , , , , , , , , 
#SEGM, 0, , , 1.747885, 1395.399576, -4.444061, 1402.174773, , , , , , , , , , , , , , , , 
#SEGM, 0, , , 0.107143, 1399.616957, -4.544647, 1406.700072, , , , , , , , , , , , , , , , 
#SEGM, 0, , , -1.533601, 1403.834337, -4.643890, 1411.225372, , , , , , , , , , , , , , , , 
#SEGM, 0, , , -3.306252, 1407.995104, -4.749756, 1415.748012, , , , , , , , , , , , , , , , 
#SEGM, 0, , , -5.256463, 1412.079663, -4.879150, 1420.274262, , , , , , , , , , , , , , , , 
#SEGM, 0, , , -7.206677, 1416.164222, -5.006500, 1424.800514, , , , , , , , , , , , , , , , 
#SEGM, 0, , , -9.156893, 1420.248779, -5.117737, 1429.326766, , , , , , , , , , , , , , , , 
#SEGM, 0, , , -11.107111, 1424.333337, -5.242645, 1433.853018, , , , , , , , , , , , , , , , 
#SEGM, 0, , , -13.057332, 1428.417894, -5.373627, 1438.379271, , , , , , , , , , , , , , , , 
#SEGM, 0, , , -15.007555, 1432.502450, -5.503754, 1442.905524, , , , , , , , , , , , , , , , 
#SEGM, 0, , , -16.957780, 1436.587005, -5.613678, 1447.431777, , , , , , , , , , , , , , , , 
#SEGM, 0, , , -19.100159, 1440.573552, -5.739288, 1451.957520, , , , , , , , , , , , , , , , 
#SEGM, 0, , , -21.287114, 1444.537363, -5.854187, 1456.484613, , , , , , , , , , , , , , , , 
#SEGM, 0, , , -23.474072, 1448.501174, -5.971832, 1461.011706, , , , , , , , , , , , , , , , 
#SEGM, 0, , , -25.661032, 1452.464983, -6.100800, 1465.538801, , , , , , , , , , , , , , , , 
#SEGM, 0, , , -27.847994, 1456.428792, -6.233612, 1470.065895, , , , , , , , , , , , , , , , 
#SEGM, 0, , , -30.034959, 1460.392601, -6.345367, 1474.592991, , , , , , , , , , , , , , , , 
#SEGM, 0, , , -32.221927, 1464.356408, -6.473175, 1479.120087, , , , , , , , , , , , , , , , 
#SEGM, 0, , , -34.408897, 1468.320215, -6.592743, 1483.647184, , , , , , , , , , , , , , , , 
#SEGM, 0, , , -36.595870, 1472.284022, -6.702271, 1488.174281, , , , , , , , , , , , , , , , 
#SEGM, 0, , , -38.783814, 1476.247252, -6.809509, 1492.701344, , , , , , , , , , , , , , , , 
#SEGM, 0, , , -41.240477, 1480.051085, -6.932129, 1497.229515, , , , , , , , , , , , , , , , 
#SEGM, 0, , , -43.697143, 1483.854917, -7.045166, 1501.757687, , , , , , , , , , , , , , , , 
#SEGM, 0, , , -46.153811, 1487.658748, -7.161163, 1506.285860, , , , , , , , , , , , , , , , 
#SEGM, 0, , , -48.610483, 1491.462578, -7.270111, 1510.814034, , , , , , , , , , , , , , , , 
#SEGM, 0, , , -51.067156, 1495.266407, -7.382599, 1515.342208, , , , , , , , , , , , , , , , 
#SEGM, 0, , , -53.523833, 1499.070236, -7.475372, 1519.870384, , , , , , , , , , , , , , , , 
#SEGM, 0, , , -55.959334, 1502.887350, -7.580505, 1524.398300, , , , , , , , , , , , , , , , 
#SEGM, 0, , , -58.342274, 1506.737443, -7.664337, 1528.926171, , , , , , , , , , , , , , , , 
#SEGM, 0, , , -60.725216, 1510.587534, -7.753235, 1533.454042, , , , , , , , , , , , , , , , 
#SEGM, 0, , , -63.108161, 1514.437625, -7.843903, 1537.981914, , , , , , , , , , , , , , , , 
#SEGM, 0, , , -65.943889, 1517.960813, -7.958832, 1542.504547, , , , , , , , , , , , , , , , 
#SEGM, 0, , , -68.875608, 1521.414699, -8.087158, 1547.034923, , , , , , , , , , , , , , , , 
#SEGM, 0, , , -71.807330, 1524.868583, -8.204742, 1551.565299, , , , , , , , , , , , , , , , 
#SEGM, 0, , , -74.739055, 1528.322466, -8.314636, 1556.095676, , , , , , , , , , , , , , , , 
#SEGM, 0, , , -77.670782, 1531.776348, -8.404449, 1560.626054, , , , , , , , , , , , , , , , 
#SEGM, 0, , , -80.602513, 1535.230228, -8.494904, 1565.156433, , , , , , , , , , , , , , , , 
#SEGM, 0, , , -83.536194, 1538.682454, -8.593811, 1569.686814, , , , , , , , , , , , , , , , 
#SEGM, 0, , , -86.495208, 1542.113174, -8.675964, 1574.217333, , , , , , , , , , , , , , , , 
#SEGM, 0, , , -89.454225, 1545.543892, -8.762756, 1578.747853, , , , , , , , , , , , , , , , 
#SEGM, 0, , , -92.413246, 1548.974609, -8.839935, 1583.278373, , , , , , , , , , , , , , , , 
#SEGM, 0, , , -95.372269, 1552.405324, -8.928711, 1587.808895, , , , , , , , , , , , , , , , 
#SEGM, 0, , , -98.331295, 1555.836039, -9.001312, 1592.339418, , , , , , , , , , , , , , , , 
#SEGM, 0, , , -101.290324, 1559.266752, -9.062897, 1596.869942, , , , , , , , , , , , , , , , 
#SEGM, 0, , , -104.249356, 1562.697464, -9.129822, 1601.400466, , , , , , , , , , , , , , , , 
#SEGM, 0, , , -107.208390, 1566.128174, -9.182129, 1605.930992, , , , , , , , , , , , , , , , 
#SEGM, 0, , , -110.167428, 1569.558884, -9.238953, 1610.461518, , , , , , , , , , , , , , , , 
#SEGM, 0, , , -113.138836, 1572.977769, -9.285156, 1614.991203, , , , , , , , , , , , , , , , 
#SEGM, 0, , , -116.458387, 1576.063849, -9.357361, 1619.523676, , , , , , , , , , , , , , , , 
#SEGM, 0, , , -119.777942, 1579.149928, -9.443939, 1624.056150, , , , , , , , , , , , , , , , 
#SEGM, 0, , , -123.097499, 1582.236005, -9.514099, 1628.588626, , , , , , , , , , , , , , , , 
#SEGM, 0, , , -126.417059, 1585.322081, -9.571320, 1633.121102, , , , , , , , , , , , , , , , 
#SEGM, 0, , , -129.736622, 1588.408155, -9.637329, 1637.653580, , , , , , , , , , , , , , , , 
#SEGM, 0, , , -133.056187, 1591.494228, -9.685211, 1642.186058, , , , , , , , , , , , , , , , 
#SEGM, 0, , , -136.375756, 1594.580299, -9.731445, 1646.718538, , , , , , , , , , , , , , , , 
#SEGM, 0, , , -139.695328, 1597.666368, -9.785065, 1651.251018, , , , , , , , , , , , , , , , 
#SEGM, 0, , , -143.014903, 1600.752436, -9.822235, 1655.783500, , , , , , , , , , , , , , , , 
#SEGM, 0, , , -146.334480, 1603.838503, -9.845337, 1660.315983, , , , , , , , , , , , , , , , 
#SEGM, 0, , , -149.762117, 1606.802011, -9.894043, 1664.847106, , , , , , , , , , , , , , , , 
#SEGM, 0, , , -153.262943, 1609.682509, -9.941559, 1669.380654, , , , , , , , , , , , , , , , 
#SEGM, 0, , , -156.763772, 1612.563006, -9.980713, 1673.914203, , , , , , , , , , , , , , , , 
#SEGM, 0, , , -160.264604, 1615.443502, -10.013550, 1678.447753, , , , , , , , , , , , , , , , 
#SEGM, 0, , , -163.720217, 1618.376198, -10.046143, 1682.980078, , , , , , , , , , , , , , , , 
#SEGM, 0, , , -167.230207, 1621.240800, -10.078094, 1687.510638, , , , , , , , , , , , , , , , 
#SEGM, 0, , , -170.823805, 1624.005631, -10.137512, 1692.044757, , , , , , , , , , , , , , , , 
#SEGM, 0, , , -174.417407, 1626.770460, -10.159271, 1696.578878, , , , , , , , , , , , , , , , 
#SEGM, 0, , , -178.011011, 1629.535288, -10.180206, 1701.113000, , , , , , , , , , , , , , , , 
#SEGM, 0, , , -181.604617, 1632.300113, -10.170807, 1705.647123, , , , , , , , , , , , , , , , 
#SEGM, 0, , , -185.361504, 1634.836597, -10.189941, 1710.180107, , , , , , , , , , , , , , , , 
#SEGM, 0, , , -189.159325, 1637.315836, -10.215881, 1714.715531, , , , , , , , , , , , , , , , 
#SEGM, 0, , , -192.957149, 1639.795073, -10.261169, 1719.250956, , , , , , , , , , , , , , , , 
#SEGM, 0, , , -196.754975, 1642.274308, -10.294220, 1723.786382, , , , , , , , , , , , , , , , 
#SEGM, 0, , , -200.552804, 1644.753541, -10.312805, 1728.321809, , , , , , , , , , , , , , , , 
#SEGM, 0, , , -204.350636, 1647.232771, -10.340118, 1732.857238, , , , , , , , , , , , , , , , 
#SEGM, 0, , , -208.148470, 1649.712000, -10.366486, 1737.392667, , , , , , , , , , , , , , , , 
#SEGM, 0, , , -212.000337, 1652.105851, -10.384491, 1741.927797, , , , , , , , , , , , , , , , 
#SEGM, 0, , , -215.883805, 1654.449770, -10.390442, 1746.463795, , , , , , , , , , , , , , , , 
#SEGM, 0, , , -219.767275, 1656.793688, -10.411621, 1750.999794, , , , , , , , , , , , , , , , 
#SEGM, 0, , , -223.650748, 1659.137603, -10.424042, 1755.535795, , , , , , , , , , , , , , , , 
#SEGM, 0, , , -227.534223, 1661.481516, -10.427521, 1760.071796, , , , , , , , , , , , , , , , 
#SEGM, 0, , , -231.417701, 1663.825427, -10.430634, 1764.607798, , , , , , , , , , , , , , , , 
#SEGM, 0, , , -235.343609, 1666.096362, -10.448486, 1769.143204, , , , , , , , , , , , , , , , 
#SEGM, 0, , , -239.317314, 1668.285095, -10.457367, 1773.679820, , , , , , , , , , , , , , , , 
#SEGM, 0, , , -243.291021, 1670.473825, -10.454285, 1778.216436, , , , , , , , , , , , , , , , 
#SEGM, 0, , , -247.264730, 1672.662553, -10.449554, 1782.753053, , , , , , , , , , , , , , , , 
#SEGM, 0, , , -251.238442, 1674.851278, -10.458221, 1787.289671, , , , , , , , , , , , , , , , 
#SEGM, 0, , , -255.196554, 1677.067850, -10.458130, 1791.826172, , , , , , , , , , , , , , , , 
#SEGM, 0, , , -259.152987, 1679.287420, -10.446045, 1796.362675, , , , , , , , , , , , , , , , 
#SEGM, 0, , , -263.182920, 1681.362195, -10.451233, 1800.895339, , , , , , , , , , , , , , , , 
#SEGM, 0, , , -267.322874, 1683.220224, -10.460541, 1805.433124, , , , , , , , , , , , , , , , 
#SEGM, 0, , , -271.462830, 1685.078250, -10.490051, 1809.970910, , , , , , , , , , , , , , , , 
#SEGM, 0, , , -275.602788, 1686.936274, -10.480286, 1814.508696, , , , , , , , , , , , , , , , 
#SEGM, 0, , , -279.742748, 1688.794296, -10.489777, 1819.046484, , , , , , , , , , , , , , , , 
#SEGM, 0, , , -283.882711, 1690.652315, -10.486816, 1823.584272, , , , , , , , , , , , , , , , 
#SEGM, 0, , , -288.022676, 1692.510332, -10.486420, 1828.122062, , , , , , , , , , , , , , , , 
#SEGM, 0, , , -292.228250, 1694.214150, -10.511810, 1832.659666, , , , , , , , , , , , , , , , 
#SEGM, 0, , , -296.447805, 1695.885110, -10.520325, 1837.198031, , , , , , , , , , , , , , , , 
#SEGM, 0, , , -300.667363, 1697.556066, -10.523773, 1841.736396, , , , , , , , , , , , , , , , 
#SEGM, 0, , , -304.886923, 1699.227021, -10.516296, 1846.274763, , , , , , , , , , , , , , , , 
#SEGM, 0, , , -309.106485, 1700.897972, -10.526001, 1850.813131, , , , , , , , , , , , , , , , 
#SEGM, 0, , , -313.326048, 1702.568921, -10.538055, 1855.351499, , , , , , , , , , , , , , , , 
#SEGM, 0, , , -317.552850, 1704.221051, -10.535828, 1859.889713, , , , , , , , , , , , , , , , 
#SEGM, 0, , , -321.813361, 1705.785523, -10.538147, 1864.428383, , , , , , , , , , , , , , , , 
#SEGM, 0, , , -326.073873, 1707.349993, -10.555756, 1868.967054, , , , , , , , , , , , , , , , 
#SEGM, 0, , , -330.334387, 1708.914460, -10.543854, 1873.505725, , , , , , , , , , , , , , , , 
#SEGM, 0, , , -334.594903, 1710.478924, -10.547333, 1878.044397, , , , , , , , , , , , , , , , 
#SEGM, 0, , , -338.931032, 1711.819657, -10.558990, 1882.583073, , , , , , , , , , , , , , , , 
#SEGM, 0, , , -343.274034, 1713.140053, -10.570129, 1887.122359, , , , , , , , , , , , , , , , 
#SEGM, 0, , , -347.617038, 1714.460447, -10.576538, 1891.661645, , , , , , , , , , , , , , , , 
#SEGM, 0, , , -351.960044, 1715.780838, -10.590576, 1896.200933, , , , , , , , , , , , , , , , 
#SEGM, 0, , , -356.303051, 1717.101227, -10.598694, 1900.740221, , , , , , , , , , , , , , , , 
#SEGM, 0, , , -360.647188, 1718.417705, -10.611053, 1905.279455, , , , , , , , , , , , , , , , 
#SEGM, 0, , , -365.030632, 1719.598100, -10.617279, 1909.819049, , , , , , , , , , , , , , , , 
#SEGM, 0, , , -369.414078, 1720.778491, -10.608734, 1914.358643, , , , , , , , , , , , , , , , 
#SEGM, 0, , , -373.797525, 1721.958880, -10.623108, 1918.898238, , , , , , , , , , , , , , , , 
#SEGM, 0, , , -378.180973, 1723.139266, -10.628937, 1923.437834, , , , , , , , , , , , , , , , 
#SEGM, 0, , , -382.564423, 1724.319650, -10.626282, 1927.977431, , , , , , , , , , , , , , , , 
#SEGM, 0, , , -386.947874, 1725.500031, -10.634430, 1932.517029, , , , , , , , , , , , , , , , 
#SEGM, 0, , , -391.331327, 1726.680409, -10.632965, 1937.056627, , , , , , , , , , , , , , , , 
#SEGM, 0, , , -395.714782, 1727.860784, -10.648926, 1941.596226, , , , , , , , , , , , , , , , 
#SEGM, 0, , , -400.098238, 1729.041157, -10.659149, 1946.135825, , , , , , , , , , , , , , , , 
#SEGM, 0, , , -404.481695, 1730.221526, -10.665283, 1950.675426, , , , , , , , , , , , , , , , 
#SEGM, 0, , , -408.872794, 1731.373191, -10.654114, 1955.215038, , , , , , , , , , , , , , , , 
#SEGM, 0, , , -413.267548, 1732.511127, -10.691772, 1959.754725, , , , , , , , , , , , , , , , 
#SEGM, 0, , , -417.662303, 1733.649060, -10.703583, 1964.294413, , , , , , , , , , , , , , , , 
#SEGM, 0, , , -422.057060, 1734.786990, -10.709045, 1968.834102, , , , , , , , , , , , , , , , 
#SEGM, 0, , , -426.451818, 1735.924918, -10.718475, 1973.373791, , , , , , , , , , , , , , , , 
#SEGM, 0, , , -430.846578, 1737.062843, -10.727173, 1977.913481, , , , , , , , , , , , , , , , 
#SEGM, 0, , , -435.241339, 1738.200765, -10.718384, 1982.453172, , , , , , , , , , , , , , , , 
#SEGM, 0, , , -439.636102, 1739.338684, -10.733673, 1986.992864, , , , , , , , , , , , , , , , 
#SEGM, 0, , , -444.030866, 1740.476601, -10.744019, 1991.532556, , , , , , , , , , , , , , , , 
#SEGM, 0, , , -448.425631, 1741.614515, -10.748993, 1996.072249, , , , , , , , , , , , , , , , 
#SEGM, 0, , , -452.820398, 1742.752426, -10.759308, 2000.611942, , , , , , , , , , , , , , , , 
#SEGM, 0, , , -457.215166, 1743.890334, -10.771667, 2005.151636, , , , , , , , , , , , , , , , 
#SEGM, 0, , , -461.609936, 1745.028240, -10.788452, 2009.691331, , , , , , , , , , , , , , , , 
#SEGM, 0, , , -466.004707, 1746.166143, -10.804321, 2014.231027, , , , , , , , , , , , , , , , 
#SEGM, 0, , , -470.399480, 1747.304043, -10.802551, 2018.770723, , , , , , , , , , , , , , , , 
#SEGM, 0, , , -474.794254, 1748.441940, -10.807861, 2023.310420, , , , , , , , , , , , , , , , 
#SEGM, 0, , , -479.189029, 1749.579835, -10.824036, 2027.850118, , , , , , , , , , , , , , , , 
#SEGM, 0, , , -483.583806, 1750.717727, -10.829498, 2032.389817, , , , , , , , , , , , , , , , 
#SEGM, 0, , , -487.978584, 1751.855616, -10.822021, 2036.929516, , , , , , , , , , , , , , , , 
#SEGM, 0, , , -492.374566, 1752.988830, -10.827515, 2041.469210, , , , , , , , , , , , , , , , 
#SEGM, 0, , , -496.777188, 1754.096231, -10.832275, 2046.008970, , , , , , , , , , , , , , , , 
#SEGM, 0, , , -501.179812, 1755.203629, -10.833069, 2050.548731, , , , , , , , , , , , , , , , 
#SEGM, 0, , , -505.582438, 1756.311025, -10.863800, 2055.088493, , , , , , , , , , , , , , , , 
#SEGM, 0, , , -509.985064, 1757.418417, -10.860535, 2059.628255, , , , , , , , , , , , , , , , 
#SEGM, 0, , , -514.387692, 1758.525807, -10.876831, 2064.168017, , , , , , , , , , , , , , , , 
#SEGM, 0, , , -518.790322, 1759.633194, -10.878754, 2068.707781, , , , , , , , , , , , , , , , 
#SEGM, 0, , , -523.192952, 1760.740579, -10.879791, 2073.247545, , , , , , , , , , , , , , , , 
#SEGM, 0, , , -527.595585, 1761.847961, -10.869690, 2077.787310, , , , , , , , , , , , , , , , 
#SEGM, 0, , , -531.998218, 1762.955339, -10.885590, 2082.327075, , , , , , , , , , , , , , , , 
#SEGM, 0, , , -536.400853, 1764.062716, -10.879456, 2086.866842, , , , , , , , , , , , , , , , 
#SEGM, 0, , , -540.803490, 1765.170089, -10.885712, 2091.406608, , , , , , , , , , , , , , , , 
#SEGM, 0, , , -545.206127, 1766.277460, -10.891907, 2095.946376, , , , , , , , , , , , , , , , 
#SEGM, 0, , , -549.608767, 1767.384828, -10.902557, 2100.486144, , , , , , , , , , , , , , , , 
#SEGM, 0, , , -554.011407, 1768.492193, -10.897308, 2105.025913, , , , , , , , , , , , , , , , 
#SEGM, 0, , , -558.414049, 1769.599555, -10.900452, 2109.565683, , , , , , , , , , , , , , , , 
#SEGM, 0, , , -562.816693, 1770.706915, -10.927887, 2114.105453, , , , , , , , , , , , , , , , 
#SEGM, 0, , , -567.219315, 1771.814361, -10.938232, 2118.645224, , , , , , , , , , , , , , , , 
#SEGM, 0, , , -571.621736, 1772.922602, -10.944061, 2123.184994, , , , , , , , , , , , , , , , 
#SEGM, 0, , , -576.024159, 1774.030839, -10.946930, 2127.724764, , , , , , , , , , , , , , , , 
#SEGM, 0, , , -580.426583, 1775.139074, -10.951965, 2132.264535, , , , , , , , , , , , , , , , 
#SEGM, 0, , , -584.829008, 1776.247307, -10.948090, 2136.804307, , , , , , , , , , , , , , , , 
#SEGM, 0, , , -589.231435, 1777.355536, -10.975311, 2141.344080, , , , , , , , , , , , , , , , 
#SEGM, 0, , , -593.633864, 1778.463763, -10.963684, 2145.883853, , , , , , , , , , , , , , , , 
#SEGM, 0, , , -598.036294, 1779.571987, -10.967865, 2150.423627, , , , , , , , , , , , , , , , 
#SEGM, 0, , , -602.438725, 1780.680208, -10.976807, 2154.963402, , , , , , , , , , , , , , , , 
#SEGM, 0, , , -606.841157, 1781.788426, -10.981018, 2159.503177, , , , , , , , , , , , , , , , 
#SEGM, 0, , , -611.243591, 1782.896642, -10.989502, 2164.042953, , , , , , , , , , , , , , , , 
#SEGM, 0, , , -615.646026, 1784.004855, -10.995789, 2168.582730, , , , , , , , , , , , , , , , 
#SEGM, 0, , , -620.048463, 1785.113065, -10.993347, 2173.122508, , , , , , , , , , , , , , , , 
#SEGM, 0, , , -624.450901, 1786.221273, -10.980316, 2177.662286, , , , , , , , , , , , , , , , 
#SEGM, 0, , , -628.853341, 1787.329477, -10.990356, 2182.202064, , , , , , , , , , , , , , , , 
#SEGM, 0, , , -633.255782, 1788.437679, -11.000977, 2186.741844, , , , , , , , , , , , , , , , 
#SEGM, 0, , , -637.658224, 1789.545879, -11.007233, 2191.281624, , , , , , , , , , , , , , , , 
#SEGM, 0, , , -642.060668, 1790.654075, -11.014648, 2195.821405, , , , , , , , , , , , , , , , 
#SEGM, 0, , , -646.463113, 1791.762269, -11.001160, 2200.361186, , , , , , , , , , , , , , , , 
#SEGM, 0, , , -650.865559, 1792.870460, -11.009094, 2204.900969, , , , , , , , , , , , , , , , 
#SEGM, 0, , , -655.268007, 1793.978648, -11.027710, 2209.440751, , , , , , , , , , , , , , , , 
#SEGM, 0, , , -659.670456, 1795.086834, -11.044128, 2213.980535, , , , , , , , , , , , , , , , 
#SEGM, 0, , , -664.072907, 1796.195016, -11.063263, 2218.520319, , , , , , , , , , , , , , , , 
#SEGM, 0, , , -668.475359, 1797.303196, -11.071960, 2223.060104, , , , , , , , , , , , , , , , 
#SEGM, 0, , , -672.877812, 1798.411374, -11.083252, 2227.599890, , , , , , , , , , , , , , , , 
#SEGM, 0, , , -677.280267, 1799.519548, -11.084412, 2232.139676, , , , , , , , , , , , , , , , 
#SEGM, 0, , , -681.682724, 1800.627720, -11.123016, 2236.679463, , , , , , , , , , , , , , , , 
#SEGM, 0, , , -686.085181, 1801.735889, -11.145752, 2241.219250, , , , , , , , , , , , , , , , 
#SEGM, 0, , , -690.487640, 1802.844055, -11.146881, 2245.759039, , , , , , , , , , , , , , , , 
#SEGM, 0, , , -694.890101, 1803.952219, -11.156494, 2250.298828, , , , , , , , , , , , , , , , 
#SEGM, 0, , , -699.292562, 1805.060379, -11.148895, 2254.838617, , , , , , , , , , , , , , , , 
#SEGM, 0, , , -703.695026, 1806.168537, -11.135284, 2259.378408, , , , , , , , , , , , , , , , 
#SEGM, 0, , , -708.097490, 1807.276693, -11.134521, 2263.918199, , , , , , , , , , , , , , , , 
#SEGM, 0, , , -712.499956, 1808.384845, -11.158905, 2268.457991, , , , , , , , , , , , , , , , 
#SEGM, 0, , , -716.902424, 1809.492995, -11.152802, 2272.997783, , , , , , , , , , , , , , , , 
#SEGM, 0, , , -721.304892, 1810.601142, -11.173309, 2277.537576, , , , , , , , , , , , , , , , 
#SEGM, 0, , , -725.707363, 1811.709286, -11.190002, 2282.077370, , , , , , , , , , , , , , , , 
#SEGM, 0, , , -730.109834, 1812.817428, -11.213409, 2286.617164, , , , , , , , , , , , , , , , 
#SEGM, 0, , , -734.512307, 1813.925567, -11.201721, 2291.156959, , , , , , , , , , , , , , , , 
#SEGM, 0, , , -738.914782, 1815.033703, -11.203247, 2295.696755, , , , , , , , , , , , , , , , 
#SEGM, 0, , , -743.317257, 1816.141836, -11.213379, 2300.236552, , , , , , , , , , , , , , , , 
#SEGM, 0, , , -747.719734, 1817.249966, -11.218018, 2304.776349, , , , , , , , , , , , , , , , 
#SEGM, 0, , , -752.122213, 1818.358094, -11.236694, 2309.316147, , , , , , , , , , , , , , , , 
#SEGM, 0, , , -756.524693, 1819.466219, -11.222443, 2313.855945, , , , , , , , , , , , , , , , 
#PATH, 0, Path_1, 0, , , , , 0.000000, , , , , , , , , , , , , , , 0
#, , , , , , , , , , , , , , , , , , , , , , , 
#ENDTABLE

! Table Columns:
!   NOTE: Label columns are not written to parsfile.
!
! 0: (Ring) Choose Yes to set a custom Path ID
! 1: (Text) Path ID (if active; ignored otherwise)  Specify an integer 999 or greater to identify this reference path. If a path already exists with this ID, then information from this dataset will override the properties of the existing path. If not, a new one will be added to the model.
! 2: (Text) Path Description
! 3: (Text) Starting Station for path
! 4: (Text) Ending Station for path (calculated)
! 5: (Text) Path Length (calculated)
! 6: (Text) Start X location (Global Coordinates)
! 7: (Text) Start Y location (Global Coordinates)
! 8: (Ring) Choose Yes to set path as looped.
#MIXTABLE1
#NUMROWS 1
#No, 1000, Path_1, 0, 2313.856, 2313.856, 0.000, 0.000, No
#ENDTABLE

#EMBEDDED_NOTES
#This path from Google is between the two N-bound lanes of I-94 at exit 172.
#
#The three GPS reference values (Lat, Long, Altitude) apply for the first point. Those values are used with three other External Import datasets such that all share the same X-Y-Z coordinate system used by the math model and VS Visualizer.
#
#This version  has all of the original GPS points, with no smoothing. Notice that there is a dip of 7m at S near 1300m. This is where I-94 has a bridge crossing Jackson Ave. The downloaded GPS altitude seems to be for Jackson, rather than the I-94 bridge.
#END_EMBEDDED_NOTES

LOG_ENTRY Used Dataset: Scene: External Import; { Atlas } I-94, Exit 172 (Jackson Ave), Raw GPS
#Library : Scene: External Import
#DataSet : I-94, Exit 172 (Jackson Ave), Raw GPS
#Category: Atlas
#FileID  : SceneImp_a4a79779-ffe1-479c-b98e-e730c08c0ec4
#Product : TruckSim 2020.1
#VehCode External Path Import

END
