PARSFILE
#FullDataName Scene: External Import`OpenDRIVE Scene Import`VS Scene Builder
#VehCode VS Terrain Scene
ADD_REFERENCE_FRAME CrossingComplex8Course
add_obj Animator/3D_Shape_Files/VS_SceneBuilder/Resources/OpenDRIVE/CrossingComplex8Course/CrossingComplex8Course.fbx
vsv_enable_shadows_recursive
SET_ANGLE_Z 0.000000
SET_OFFSET_X -148.642558
SET_OFFSET_Y -835.507701
SET_OFFSET_Z 0.000000


DEFINE_PATHS   1
IPATH = NPATH
PATH_ID IPATH
OPT_PATH_START 0
OPT_PATH_LOOP 0
SPATH_START 0
PATH_ID_DM  = PATH_ID
set_description path_id User Path
NSEGMENTS   1
IPATHSEG 1
SEGMENT_TYPE 1
DEFINE_XY_TABLES 1
ITAB_XY = NTAB_XY
XY_TABLE_ID = ITAB_XY
SET_DESCRIPTION XY_TABLE_ID User Path Segment 1
XY_SEGMENT_ID = XY_TABLE_ID
SEGMENT_XY_TABLE
309.604181, -460.212426, 0.000000, 0.000000
309.594111, -458.178553, 0.000000, 2.033898
309.584041, -456.144679, 0.000000, 4.067797
309.573971, -454.110806, 0.000000, 6.101695
309.563901, -452.076932, 0.000000, 8.135594
309.553831, -450.043059, 0.000000, 10.169492
309.543761, -448.009186, 0.000000, 12.203390
309.533691, -445.975312, 0.000000, 14.237289
309.523621, -443.941439, 0.000000, 16.271186
309.513551, -441.907566, 0.000000, 18.305084
309.503481, -439.873692, 0.000000, 20.338983
309.493410, -437.839819, 0.000000, 22.372881
309.483340, -435.805945, 0.000000, 24.406780
309.473270, -433.772072, 0.000000, 26.440678
309.463200, -431.738199, 0.000000, 28.474576
309.453130, -429.704325, 0.000000, 30.508475
309.443060, -427.670452, 0.000000, 32.542373
309.432990, -425.636579, 0.000000, 34.576271
309.422920, -423.602705, 0.000000, 36.610170
309.412850, -421.568832, 0.000000, 38.644068
309.402780, -419.534958, 0.000000, 40.677967
309.392710, -417.501085, 0.000000, 42.711865
309.382640, -415.467212, 0.000000, 44.745762
309.372570, -413.433338, 0.000000, 46.779661
309.360834, -411.399473, 0.000000, 48.813560
309.354288, -409.365582, 0.000000, 50.847462
309.404831, -407.331409, 0.000000, 52.882263
309.501913, -405.297005, 0.000000, 54.918982
309.630924, -403.262443, 0.000000, 56.957630
309.777255, -401.227795, 0.000000, 58.997533
309.926298, -399.193134, 0.000000, 61.037646
310.063442, -397.158532, 0.000000, 63.076865
310.174079, -395.124061, 0.000000, 65.114342
310.243600, -393.089793, 0.000000, 67.149797
310.267301, -391.055753, 0.000000, 69.183975
310.270257, -389.021815, 0.000000, 71.217915
310.226388, -386.988109, 0.000000, 73.252095
310.118414, -384.954720, 0.000000, 75.288348
309.940518, -382.921678, 0.000000, 77.329159
309.690844, -380.888991, 0.000000, 79.377122
309.373948, -378.856636, 0.000000, 81.434035
309.002352, -376.824553, 0.000000, 83.499814
308.597101, -374.792636, 0.000000, 85.571749
308.187349, -372.760742, 0.000000, 87.644547
307.808939, -370.728692, 0.000000, 89.711530
307.502012, -368.696289, 0.000000, 91.766978
307.307625, -366.663328, 0.000000, 93.809212
307.255911, -364.629661, 0.000000, 95.843536
307.245841, -362.595787, 0.000000, 97.877435
307.235771, -360.561914, 0.000000, 99.911333
307.225701, -358.528040, 0.000000, 101.945232
307.215631, -356.494167, 0.000000, 103.979130
307.205561, -354.460294, 0.000000, 106.013028
307.195491, -352.426420, 0.000000, 108.046927
307.185421, -350.392547, 0.000000, 110.080824
307.175351, -348.358674, 0.000000, 112.114722
307.165281, -346.324800, 0.000000, 114.148621
307.155211, -344.290927, 0.000000, 116.182519
307.145141, -342.257053, 0.000000, 118.216418
307.135071, -340.223180, 0.000000, 120.250316
307.124903, -338.169376, 0.000000, 122.304145
307.114452, -336.111671, 0.000000, 124.361877
307.030505, -333.908803, 0.000000, 126.566344
306.602012, -331.526220, 0.000000, 128.987151
305.500286, -329.146755, 0.000000, 131.609298
303.658265, -327.213915, 0.000000, 134.279300
301.311177, -325.998718, 0.000000, 136.922315
298.905165, -325.500409, 0.000000, 139.379387
296.666045, -325.401555, 0.000000, 141.620688
294.598063, -325.410071, 0.000000, 143.688688
292.544259, -325.420239, 0.000000, 145.742517
290.490455, -325.430408, 0.000000, 147.796346
288.436651, -325.440577, 0.000000, 149.850175
286.414176, -325.450591, 0.000000, 151.872675
284.391701, -325.460604, 0.000000, 153.895175
282.369226, -325.470618, 0.000000, 155.917675
280.346750, -325.480631, 0.000000, 157.940175
278.324275, -325.490645, 0.000000, 159.962675
276.301800, -325.500659, 0.000000, 161.985175
274.279325, -325.510672, 0.000000, 164.007675
272.256849, -325.520686, 0.000000, 166.030176
270.234374, -325.530700, 0.000000, 168.052675
268.211899, -325.540713, 0.000000, 170.075175
266.189424, -325.550727, 0.000000, 172.097675
264.166949, -325.560740, 0.000000, 174.120175
262.144473, -325.570754, 0.000000, 176.142676
260.121998, -325.580768, 0.000000, 178.165175
258.099523, -325.590781, 0.000000, 180.187675
256.077048, -325.600795, 0.000000, 182.210175
254.054573, -325.610809, 0.000000, 184.232675
252.032097, -325.620822, 0.000000, 186.255176
250.009622, -325.630836, 0.000000, 188.277675
247.987147, -325.640849, 0.000000, 190.300175
245.964672, -325.650863, 0.000000, 192.322675
243.942197, -325.660877, 0.000000, 194.345175
241.919721, -325.670890, 0.000000, 196.367675
239.897246, -325.680904, 0.000000, 198.390175
237.874771, -325.690918, 0.000000, 200.412675
235.852296, -325.700931, 0.000000, 202.435175
233.829820, -325.710945, 0.000000, 204.457676
231.807345, -325.720958, 0.000000, 206.480175
229.784870, -325.730972, 0.000000, 208.502675
227.762395, -325.740986, 0.000000, 210.525175
225.739920, -325.750999, 0.000000, 212.547675
223.717444, -325.761013, 0.000000, 214.570176
221.694969, -325.771027, 0.000000, 216.592675
219.672494, -325.781040, 0.000000, 218.615175
217.650019, -325.791054, 0.000000, 220.637675
215.627544, -325.801067, 0.000000, 222.660175
213.605068, -325.811081, 0.000000, 224.682676
211.582593, -325.821095, 0.000000, 226.705175
209.560118, -325.831108, 0.000000, 228.727675
207.537643, -325.841122, 0.000000, 230.750175
205.515168, -325.851136, 0.000000, 232.772675
203.492692, -325.861149, 0.000000, 234.795175
201.470217, -325.871163, 0.000000, 236.817675
199.447742, -325.881176, 0.000000, 238.840175
197.425267, -325.891190, 0.000000, 240.862675
195.402791, -325.901204, 0.000000, 242.885176
193.380316, -325.911217, 0.000000, 244.907675
191.357841, -325.921231, 0.000000, 246.930175
189.335366, -325.931244, 0.000000, 248.952675
187.312891, -325.941258, 0.000000, 250.975175
185.310955, -325.951170, 0.000000, 252.977135
183.309020, -325.961082, 0.000000, 254.979095
181.307084, -325.970994, 0.000000, 256.981055
179.305148, -325.980906, 0.000000, 258.983016
177.303271, -325.990811, 0.000000, 260.984917
175.302358, -326.000225, 0.000000, 262.985853
173.302715, -326.007863, 0.000000, 264.985510
171.304339, -326.012365, 0.000000, 266.983891
169.307236, -326.012376, 0.000000, 268.980994
167.311419, -326.006541, 0.000000, 270.976820
165.316913, -325.993509, 0.000000, 272.971368
163.323759, -325.971933, 0.000000, 274.964639
161.332015, -325.940467, 0.000000, 276.956632
159.341758, -325.897768, 0.000000, 278.947347
157.353088, -325.842499, 0.000000, 280.936785
155.366133, -325.773323, 0.000000, 282.924943
153.381046, -325.688911, 0.000000, 284.911824
151.398012, -325.587935, 0.000000, 286.897427
149.417250, -325.469076, 0.000000, 288.881752
147.439015, -325.331019, 0.000000, 290.864799
145.463600, -325.172455, 0.000000, 292.846568
143.491341, -324.992086, 0.000000, 294.827057
141.522615, -324.788620, 0.000000, 296.806269
139.557849, -324.560778, 0.000000, 298.784202
137.597516, -324.307292, 0.000000, 300.760856
135.642140, -324.026906, 0.000000, 302.736232
133.692302, -323.718381, 0.000000, 304.710328
131.748634, -323.380495, 0.000000, 306.683147
129.811708, -323.012039, 0.000000, 308.654806
127.881219, -322.612224, 0.000000, 310.626263
125.957485, -322.181079, 0.000000, 312.597718
124.041014, -321.718717, 0.000000, 314.569175
122.132313, -321.225261, 0.000000, 316.540631
120.231886, -320.700842, 0.000000, 318.512086
118.340236, -320.145597, 0.000000, 320.483542
116.457861, -319.559674, 0.000000, 322.454999
114.585261, -318.943228, 0.000000, 324.426454
112.722929, -318.296421, 0.000000, 326.397910
110.871359, -317.619424, 0.000000, 328.369366
109.031038, -316.912417, 0.000000, 330.340822
107.202455, -316.175585, 0.000000, 332.312278
105.386091, -315.409125, 0.000000, 334.283734
103.582427, -314.613238, 0.000000, 336.255190
101.791940, -313.788135, 0.000000, 338.226646
100.015103, -312.934033, 0.000000, 340.198102
98.252386, -312.051159, 0.000000, 342.169558
96.504254, -311.139747, 0.000000, 344.141014
94.771170, -310.200035, 0.000000, 346.112470
93.053591, -309.232275, 0.000000, 348.083925
91.351971, -308.236720, 0.000000, 350.055382
89.666761, -307.213634, 0.000000, 352.026837
87.998405, -306.163287, 0.000000, 353.998294
86.347345, -305.085958, 0.000000, 355.969749
84.714016, -303.981930, 0.000000, 357.941206
83.098851, -302.851496, 0.000000, 359.912662
81.502277, -301.694955, 0.000000, 361.884117
79.924715, -300.512611, 0.000000, 363.855573
78.366582, -299.304778, 0.000000, 365.827029
76.828291, -298.071774, 0.000000, 367.798485
75.310247, -296.813926, 0.000000, 369.769941
73.812852, -295.531566, 0.000000, 371.741397
72.336501, -294.225034, 0.000000, 373.712853
70.881586, -292.894673, 0.000000, 375.684309
69.448490, -291.540836, 0.000000, 377.655765
68.037592, -290.163881, 0.000000, 379.627221
66.649265, -288.764171, 0.000000, 381.598677
65.283876, -287.342077, 0.000000, 383.570133
63.941785, -285.897975, 0.000000, 385.541589
62.623349, -284.432245, 0.000000, 387.513045
61.328914, -282.945276, 0.000000, 389.484501
60.058823, -281.437460, 0.000000, 391.455957
58.813412, -279.909197, 0.000000, 393.427413
57.593010, -278.360889, 0.000000, 395.398869
56.397939, -276.792946, 0.000000, 397.370325
55.228516, -275.205782, 0.000000, 399.341781
54.085049, -273.599818, 0.000000, 401.313237
52.967841, -271.975477, 0.000000, 403.284693
51.877186, -270.333188, 0.000000, 405.256149
50.813374, -268.673386, 0.000000, 407.227605
49.776685, -266.996510, 0.000000, 409.199061
48.767393, -265.303002, 0.000000, 411.170517
47.785765, -263.593311, 0.000000, 413.141973
46.832061, -261.867887, 0.000000, 415.113429
45.906532, -260.127188, 0.000000, 417.084884
45.009423, -258.371672, 0.000000, 419.056341
44.140971, -256.601805, 0.000000, 421.027797
43.301407, -254.818053, 0.000000, 422.999253
42.490950, -253.020889, 0.000000, 424.970709
41.709817, -251.210787, 0.000000, 426.942165
40.958213, -249.388226, 0.000000, 428.913620
40.236337, -247.553687, 0.000000, 430.885076
39.544379, -245.707655, 0.000000, 432.856532
38.882523, -243.850618, 0.000000, 434.827989
38.250944, -241.983067, 0.000000, 436.799445
37.649808, -240.105496, 0.000000, 438.770900
37.079275, -238.218400, 0.000000, 440.742356
36.539494, -236.322279, 0.000000, 442.713812
36.030609, -234.417633, 0.000000, 444.685269
35.552755, -232.504967, 0.000000, 446.656724
35.106057, -230.584784, 0.000000, 448.628181
34.690634, -228.657594, 0.000000, 450.599636
34.306595, -226.723905, 0.000000, 452.571092
33.954042, -224.784229, 0.000000, 454.542548
33.633068, -222.839077, 0.000000, 456.514004
33.343758, -220.888965, 0.000000, 458.485460
33.086188, -218.934407, 0.000000, 460.456916
32.860427, -216.975920, 0.000000, 462.428372
32.666534, -215.014022, 0.000000, 464.399828
32.504560, -213.049231, 0.000000, 466.371284
32.374548, -211.082067, 0.000000, 468.342740
32.276533, -209.113049, 0.000000, 470.314196
32.210541, -207.142698, 0.000000, 472.285652
32.176588, -205.171534, 0.000000, 474.257108
32.174684, -203.200079, 0.000000, 476.228564
32.204830, -201.228854, 0.000000, 478.200020
32.267016, -199.258379, 0.000000, 480.171476
32.361228, -197.289175, 0.000000, 482.142932
32.487440, -195.321763, 0.000000, 484.114388
32.645619, -193.356663, 0.000000, 486.085844
32.835722, -191.394394, 0.000000, 488.057300
33.057700, -189.435475, 0.000000, 490.028756
33.311494, -187.480423, 0.000000, 492.000212
33.597037, -185.529756, 0.000000, 493.971668
33.914254, -183.583988, 0.000000, 495.943124
34.263060, -181.643634, 0.000000, 497.914580
34.643363, -179.709207, 0.000000, 499.886036
35.055063, -177.781218, 0.000000, 501.857492
35.498052, -175.860177, 0.000000, 503.828947
35.972211, -173.946591, 0.000000, 505.800403
36.477416, -172.040966, 0.000000, 507.771859
37.013533, -170.143806, 0.000000, 509.743315
37.580421, -168.255612, 0.000000, 511.714771
38.177930, -166.376883, 0.000000, 513.686227
38.805901, -164.508115, 0.000000, 515.657684
39.464169, -162.649804, 0.000000, 517.629139
40.152559, -160.802439, 0.000000, 519.600595
40.870891, -158.966509, 0.000000, 521.572051
41.618973, -157.142499, 0.000000, 523.543507
42.396609, -155.330892, 0.000000, 525.514963
43.203593, -153.532166, 0.000000, 527.486419
44.039711, -151.746796, 0.000000, 529.457875
44.904742, -149.975255, 0.000000, 531.429331
45.798459, -148.218010, 0.000000, 533.400787
46.720624, -146.475526, 0.000000, 535.372243
47.671071, -144.748000, 0.000000, 537.343967
48.649310, -143.034684, 0.000000, 539.316884
49.654028, -141.335274, 0.000000, 541.291081
50.683877, -139.649477, 0.000000, 543.266556
51.737536, -137.976946, 0.000000, 545.243310
52.813704, -136.317285, 0.000000, 547.221342
53.911102, -134.670048, 0.000000, 549.200653
55.028475, -133.034746, 0.000000, 551.181243
56.164588, -131.410847, 0.000000, 553.163111
57.318225, -129.797778, 0.000000, 555.146258
58.488193, -128.194932, 0.000000, 557.130682
59.673318, -126.601667, 0.000000, 559.116385
60.872442, -125.017307, 0.000000, 561.103366
62.084425, -123.441151, 0.000000, 563.091624
63.308145, -121.872469, 0.000000, 565.081160
64.542493, -120.310505, 0.000000, 567.071976
65.786371, -118.754485, 0.000000, 569.064068
67.038697, -117.203613, 0.000000, 571.057438
68.298397, -115.657076, 0.000000, 573.052086
69.564405, -114.114047, 0.000000, 575.048010
70.835664, -112.573683, 0.000000, 577.045214
72.111121, -111.035134, 0.000000, 579.043694
73.389727, -109.497539, 0.000000, 581.043452
74.670434, -107.960032, 0.000000, 583.044486
75.952111, -106.422166, 0.000000, 585.046417
77.233734, -104.884218, 0.000000, 587.048377
78.515358, -103.346270, 0.000000, 589.050337
79.796981, -101.808321, 0.000000, 591.052297
81.078605, -100.270373, 0.000000, 593.054257
82.360229, -98.732425, 0.000000, 595.056217
83.641852, -97.194476, 0.000000, 597.058177
84.923476, -95.656528, 0.000000, 599.060137
86.204956, -94.118903, 0.000000, 601.061757
87.486466, -92.582652, 0.000000, 603.062341
88.768857, -91.048510, 0.000000, 605.061870
90.052986, -89.517202, 0.000000, 607.060343
91.339709, -87.989452, 0.000000, 609.057760
92.629874, -86.465990, 0.000000, 611.054122
93.924321, -84.947554, 0.000000, 613.049427
95.223885, -83.434885, 0.000000, 615.043677
96.529388, -81.928736, 0.000000, 617.036871
97.841640, -80.429868, 0.000000, 619.029008
99.161443, -78.939054, 0.000000, 621.020090
100.489581, -77.457079, 0.000000, 623.010115
101.826825, -75.984741, 0.000000, 624.999085
103.173929, -74.522855, 0.000000, 626.986999
104.531627, -73.072251, 0.000000, 628.973854
105.900637, -71.633774, 0.000000, 630.959655
107.281654, -70.208290, 0.000000, 632.944400
108.675348, -68.796684, 0.000000, 634.928087
110.082368, -67.399858, 0.000000, 636.910719
111.503336, -66.018739, 0.000000, 638.892294
112.938844, -64.654273, 0.000000, 640.872812
114.389458, -63.307429, 0.000000, 642.852274
115.855708, -61.979199, 0.000000, 644.830678
117.338094, -60.670598, 0.000000, 646.808026
118.837078, -59.382664, 0.000000, 648.784317
120.353087, -58.116461, 0.000000, 650.759552
121.886505, -56.873077, 0.000000, 652.733729
123.437677, -55.653622, 0.000000, 654.706850
125.006902, -54.459232, 0.000000, 656.678913
126.594435, -53.291068, 0.000000, 658.649920
128.200479, -52.150312, 0.000000, 660.619870
129.825230, -51.038138, 0.000000, 662.588815
131.469200, -49.955022, 0.000000, 664.557515
133.132109, -48.901214, 0.000000, 666.526214
134.813436, -47.877045, 0.000000, 668.494915
136.512650, -46.882838, 0.000000, 670.463614
138.229219, -45.918904, 0.000000, 672.432314
139.962604, -44.985546, 0.000000, 674.401014
141.712259, -44.083057, 0.000000, 676.369714
143.477635, -43.211722, 0.000000, 678.338413
145.258178, -42.371813, 0.000000, 680.307113
147.053327, -41.563595, 0.000000, 682.275812
148.862520, -40.787322, 0.000000, 684.244512
150.685187, -40.043236, 0.000000, 686.213212
152.520756, -39.331573, 0.000000, 688.181912
154.368651, -38.652556, 0.000000, 690.150612
156.228290, -38.006398, 0.000000, 692.119311
158.099090, -37.393302, 0.000000, 694.088011
159.980463, -36.813461, 0.000000, 696.056711
161.871817, -36.267056, 0.000000, 698.025411
163.772559, -35.754260, 0.000000, 699.994111
165.682091, -35.275234, 0.000000, 701.962810
167.599813, -34.830128, 0.000000, 703.931510
169.525123, -34.419082, 0.000000, 705.900209
171.457417, -34.042225, 0.000000, 707.868910
173.396086, -33.699676, 0.000000, 709.837609
175.340522, -33.391541, 0.000000, 711.806309
177.290114, -33.117919, 0.000000, 713.775008
179.244250, -32.878895, 0.000000, 715.743708
181.202315, -32.674543, 0.000000, 717.712408
183.163695, -32.504929, 0.000000, 719.681108
185.127772, -32.370105, 0.000000, 721.649807
187.093931, -32.270115, 0.000000, 723.618507
189.061553, -32.204988, 0.000000, 725.587207
191.030021, -32.174746, 0.000000, 727.555907
192.998715, -32.179399, 0.000000, 729.524606
194.967017, -32.218944, 0.000000, 731.493306
196.934310, -32.293370, 0.000000, 733.462006
198.899974, -32.402652, 0.000000, 735.430705
200.863393, -32.546757, 0.000000, 737.399406
202.823949, -32.725640, 0.000000, 739.368105
204.781026, -32.939244, 0.000000, 741.336805
206.734010, -33.187501, 0.000000, 743.305504
208.682287, -33.470335, 0.000000, 745.274204
210.625245, -33.787656, 0.000000, 747.242904
212.562274, -34.139365, 0.000000, 749.211604
214.492764, -34.525350, 0.000000, 751.180303
216.416110, -34.945492, 0.000000, 753.149003
218.331708, -35.399657, 0.000000, 755.117703
220.238954, -35.887703, 0.000000, 757.086402
222.137251, -36.409477, 0.000000, 759.055102
224.026002, -36.964814, 0.000000, 761.023802
225.904613, -37.553541, 0.000000, 762.992502
227.772494, -38.175473, 0.000000, 764.961202
229.629058, -38.830413, 0.000000, 766.929901
231.473723, -39.518157, 0.000000, 768.898601
233.305908, -40.238487, 0.000000, 770.867301
235.125038, -40.991179, 0.000000, 772.836001
236.930541, -41.775995, 0.000000, 774.804700
238.721851, -42.592688, 0.000000, 776.773400
240.498404, -43.441003, 0.000000, 778.742099
242.259642, -44.320673, 0.000000, 780.710799
244.005012, -45.231421, 0.000000, 782.679499
245.733966, -46.172961, 0.000000, 784.648199
247.445960, -47.144998, 0.000000, 786.616899
249.140457, -48.147225, 0.000000, 788.585599
250.816923, -49.179329, 0.000000, 790.554298
252.474833, -50.240985, 0.000000, 792.522998
254.113666, -51.331858, 0.000000, 794.491697
255.732907, -52.451608, 0.000000, 796.460398
257.332046, -53.599881, 0.000000, 798.429097
258.910582, -54.776318, 0.000000, 800.397797
260.468019, -55.980548, 0.000000, 802.366497
262.003867, -57.212193, 0.000000, 804.335197
263.517644, -58.470866, 0.000000, 806.303896
265.008874, -59.756172, 0.000000, 808.272596
266.477088, -61.067707, 0.000000, 810.241295
267.921827, -62.405059, 0.000000, 812.209996
269.342635, -63.767807, 0.000000, 814.178695
270.739066, -65.155524, 0.000000, 816.147395
272.110681, -66.567774, 0.000000, 818.116094
273.457050, -68.004113, 0.000000, 820.084794
274.777750, -69.464089, 0.000000, 822.053494
276.072365, -70.947245, 0.000000, 824.022194
277.340490, -72.453113, 0.000000, 825.990894
278.581724, -73.981221, 0.000000, 827.959593
279.795680, -75.531089, 0.000000, 829.928293
280.981974, -77.102230, 0.000000, 831.896992
282.140235, -78.694151, 0.000000, 833.865692
283.270099, -80.306350, 0.000000, 835.834392
284.371210, -81.938322, 0.000000, 837.803092
285.443222, -83.589554, 0.000000, 839.771791
286.485800, -85.259528, 0.000000, 841.740492
287.498615, -86.947718, 0.000000, 843.709192
288.481349, -88.653593, 0.000000, 845.677891
289.433693, -90.376620, 0.000000, 847.646591
290.355348, -92.116255, 0.000000, 849.615290
291.246025, -93.871952, 0.000000, 851.583990
292.105444, -95.643160, 0.000000, 853.552690
292.933335, -97.429322, 0.000000, 855.521389
293.729437, -99.229878, 0.000000, 857.490089
294.493501, -101.044260, 0.000000, 859.458788
295.225286, -102.871901, 0.000000, 861.427489
295.924563, -104.712224, 0.000000, 863.396188
296.591112, -106.564653, 0.000000, 865.364888
297.224724, -108.428604, 0.000000, 867.333588
297.825199, -110.303493, 0.000000, 869.302288
298.392350, -112.188735, 0.000000, 871.270992
298.926350, -114.084220, 0.000000, 873.240261
299.428051, -115.989602, 0.000000, 875.210587
299.898346, -117.904066, 0.000000, 877.181970
300.338156, -119.826847, 0.000000, 879.154410
300.748421, -121.757228, 0.000000, 881.127906
301.130102, -123.694541, 0.000000, 883.102460
301.484178, -125.638163, 0.000000, 885.078070
301.811643, -127.587517, 0.000000, 887.054738
302.113508, -129.542069, 0.000000, 889.032462
302.390795, -131.501325, 0.000000, 891.011243
302.644539, -133.464835, 0.000000, 892.991081
302.875785, -135.432185, 0.000000, 894.971975
303.085588, -137.403000, 0.000000, 896.953925
303.275011, -139.376940, 0.000000, 898.936933
303.445124, -141.353697, 0.000000, 900.920996
303.597006, -143.332998, 0.000000, 902.906116
303.731738, -145.314600, 0.000000, 904.892293
303.850409, -147.298286, 0.000000, 906.879526
303.954112, -149.283869, 0.000000, 908.867815
304.043944, -151.271185, 0.000000, 910.857160
304.121005, -153.260094, 0.000000, 912.847562
304.186399, -155.250478, 0.000000, 914.839020
304.241232, -157.242237, 0.000000, 916.831533
304.286614, -159.235290, 0.000000, 918.825103
304.323657, -161.229571, 0.000000, 920.819728
304.353474, -163.225030, 0.000000, 922.815410
304.377181, -165.221626, 0.000000, 924.812146
304.395897, -167.219332, 0.000000, 926.809940
304.410740, -169.218125, 0.000000, 928.808788
304.422834, -171.217993, 0.000000, 930.808693
304.433300, -173.218926, 0.000000, 932.809653
304.443092, -175.220765, 0.000000, 934.811516
304.453004, -177.222701, 0.000000, 936.813477
304.462916, -179.224636, 0.000000, 938.815436
304.472828, -181.226572, 0.000000, 940.817397
304.482740, -183.228508, 0.000000, 942.819357
304.492652, -185.230443, 0.000000, 944.821317
304.502564, -187.232379, 0.000000, 946.823277
304.512476, -189.234314, 0.000000, 948.825237
304.522546, -191.268188, 0.000000, 950.859136
304.532616, -193.302061, 0.000000, 952.893034
304.542686, -195.335934, 0.000000, 954.926932
304.552756, -197.369808, 0.000000, 956.960831
304.562826, -199.403681, 0.000000, 958.994728
304.572896, -201.437554, 0.000000, 961.028626
304.582966, -203.471428, 0.000000, 963.062525
304.593036, -205.505301, 0.000000, 965.096423
304.603106, -207.539175, 0.000000, 967.130322
304.613176, -209.573048, 0.000000, 969.164220
304.623246, -211.606921, 0.000000, 971.198118
304.633316, -213.640795, 0.000000, 973.232017
304.643386, -215.674668, 0.000000, 975.265915
304.653456, -217.708541, 0.000000, 977.299813
304.663526, -219.742415, 0.000000, 979.333712
304.673597, -221.776288, 0.000000, 981.367610
304.683667, -223.810162, 0.000000, 983.401509
304.693737, -225.844035, 0.000000, 985.435407
304.703807, -227.877908, 0.000000, 987.469304
304.713877, -229.911782, 0.000000, 989.503203
304.723947, -231.945655, 0.000000, 991.537101
304.734017, -233.979529, 0.000000, 993.571000
304.744087, -236.013402, 0.000000, 995.604898
304.755823, -238.047267, 0.000000, 997.638797
304.762368, -240.081158, 0.000000, 999.672699
304.711825, -242.115331, 0.000000, 1001.707499
304.614744, -244.149735, 0.000000, 1003.744218
304.485733, -246.184297, 0.000000, 1005.782867
304.339402, -248.218945, 0.000000, 1007.822770
304.190359, -250.253606, 0.000000, 1009.862882
304.053215, -252.288208, 0.000000, 1011.902101
303.942577, -254.322679, 0.000000, 1013.939578
303.873056, -256.356947, 0.000000, 1015.975034
303.839345, -258.391037, 0.000000, 1018.009403
303.771442, -260.425296, 0.000000, 1020.044795
303.689203, -262.459627, 0.000000, 1022.080788
303.605675, -264.493964, 0.000000, 1024.116839
303.522791, -266.528297, 0.000000, 1026.152860
303.442404, -268.562618, 0.000000, 1028.188768
303.366368, -270.596918, 0.000000, 1030.224489
303.296536, -272.631187, 0.000000, 1032.259956
303.234760, -274.665416, 0.000000, 1034.295123
303.182894, -276.699596, 0.000000, 1036.329964
303.142791, -278.733718, 0.000000, 1038.364481
303.116304, -280.767772, 0.000000, 1040.398708
303.105286, -282.801750, 0.000000, 1042.432716
303.110791, -284.835646, 0.000000, 1044.466619
303.120861, -286.869520, 0.000000, 1046.500518
303.130931, -288.903393, 0.000000, 1048.534416
303.141001, -290.937266, 0.000000, 1050.568314
303.151072, -292.971140, 0.000000, 1052.602213
303.161142, -295.005013, 0.000000, 1054.636111
303.171212, -297.038886, 0.000000, 1056.670009
303.181282, -299.072760, 0.000000, 1058.703908
303.191352, -301.106633, 0.000000, 1060.737805
303.201422, -303.140507, 0.000000, 1062.771704
303.211492, -305.174380, 0.000000, 1064.805602
303.221562, -307.208253, 0.000000, 1066.839500
303.231632, -309.242127, 0.000000, 1068.873399
ENDTABLE
#CheckBox0 0    
#CheckBox1 0    
#CheckBox2 1    
#CheckBox3 0    
SMTH_MULT 1.0
SMTH_MINACC 1.0
JSON_FILENAME Scene_Import\VS_Scene_Builder\OpenDRIVEexample.vsscene
VS_TERRAIN_FILE Scene_Import\VS_Scene_Builder\OpenDRIVEexample.vsterrain
#RingCtrl0 1
SMTH_PASS 1

!!!!!!!!!!!!!!!!!!!!!!!!!!!!!!!!!!!!!!!!!!!!!!!!!!!!!!!!!!!!!!
!!!!!!!!!!!!!!!!!!!  Warning: Raw Data Below  !!!!!!!!!!!!!!!!
!!!!!!!!!!!!!!!!!!!!!!!!!  Do Not Edit  !!!!!!!!!!!!!!!!!!!!!!
!!!!!!!!!!!!!!!!!!!!!!!!!!!!!!!!!!!!!!!!!!!!!!!!!!!!!!!!!!!!!!
! Table Columns:
!   NOTE: Label columns are not written to parsfile.
!
! 0: (Text) Describes the import object type (PATH or SEGM)
! 1: (Text) Describes the import object internal ID
! 2: (Text) Describes the import object name
! 3: (Text) Id of segment linked to by a path
! 4: (Text) X Coordinate of Segment definition
! 5: (Text) Y Coordinate of Segment definition
! 6: (Text) Z Coordinate of Segment definition
! 7: (Text) S Coordinate of Segment definition
! 8: (Text) Heading of a segment linked to by a path
! 9: (Text) RenderObject Title
! 10: (Text) RenderObject Path
! 11: (Text) RenderObject Z Angle
! 12: (Text) RenderObject X Offset
! 13: (Text) RenderObject Y Offset
! 14: (Text) RenderObject Z Offset
! 15: (Text) RenderObject No Shadows
! 16: (Text) SensorObject Title
! 17: (Text) SensorObject X
! 18: (Text) SensorObject Y
! 19: (Text) SensorObject Height
! 20: (Text) SensorObject Diameter
! 21: (Text) SensorObject Type
! 22: (Text) SensorObject Message
! 23: (Text) Path is looped
#MIXTABLE0
#NUMROWS 538
#SEGM, 0, , , 309.604181, -460.212426, -0.000000, 0.000000, , , , , , , , , , , , , , , , 
#SEGM, 0, , , 309.594111, -458.178553, 0.000000, 2.033898, , , , , , , , , , , , , , , , 
#SEGM, 0, , , 309.584041, -456.144679, -0.000000, 4.067797, , , , , , , , , , , , , , , , 
#SEGM, 0, , , 309.573971, -454.110806, 0.000000, 6.101695, , , , , , , , , , , , , , , , 
#SEGM, 0, , , 309.563901, -452.076932, 0.000000, 8.135593, , , , , , , , , , , , , , , , 
#SEGM, 0, , , 309.553831, -450.043059, 0.000000, 10.169492, , , , , , , , , , , , , , , , 
#SEGM, 0, , , 309.543761, -448.009186, -0.000000, 12.203390, , , , , , , , , , , , , , , , 
#SEGM, 0, , , 309.533691, -445.975312, 0.000000, 14.237288, , , , , , , , , , , , , , , , 
#SEGM, 0, , , 309.523621, -443.941439, 0.000000, 16.271186, , , , , , , , , , , , , , , , 
#SEGM, 0, , , 309.513551, -441.907566, -0.000000, 18.305085, , , , , , , , , , , , , , , , 
#SEGM, 0, , , 309.503481, -439.873692, 0.000000, 20.338983, , , , , , , , , , , , , , , , 
#SEGM, 0, , , 309.493410, -437.839819, 0.000000, 22.372881, , , , , , , , , , , , , , , , 
#SEGM, 0, , , 309.483340, -435.805945, -0.000000, 24.406780, , , , , , , , , , , , , , , , 
#SEGM, 0, , , 309.473270, -433.772072, 0.000000, 26.440678, , , , , , , , , , , , , , , , 
#SEGM, 0, , , 309.463200, -431.738199, 0.000000, 28.474576, , , , , , , , , , , , , , , , 
#SEGM, 0, , , 309.453130, -429.704325, 0.000000, 30.508475, , , , , , , , , , , , , , , , 
#SEGM, 0, , , 309.443060, -427.670452, -0.000000, 32.542373, , , , , , , , , , , , , , , , 
#SEGM, 0, , , 309.432990, -425.636579, 0.000000, 34.576271, , , , , , , , , , , , , , , , 
#SEGM, 0, , , 309.422920, -423.602705, 0.000000, 36.610169, , , , , , , , , , , , , , , , 
#SEGM, 0, , , 309.412850, -421.568832, -0.000000, 38.644068, , , , , , , , , , , , , , , , 
#SEGM, 0, , , 309.402780, -419.534958, 0.000000, 40.677966, , , , , , , , , , , , , , , , 
#SEGM, 0, , , 309.392710, -417.501085, 0.000000, 42.711864, , , , , , , , , , , , , , , , 
#SEGM, 0, , , 309.382640, -415.467212, 0.000000, 44.745763, , , , , , , , , , , , , , , , 
#SEGM, 0, , , 309.372570, -413.433338, -0.000000, 46.779661, , , , , , , , , , , , , , , , 
#SEGM, 0, , , 309.360834, -411.399473, 0.000000, 48.813560, , , , , , , , , , , , , , , , 
#SEGM, 0, , , 309.354288, -409.365582, -0.000000, 50.847461, , , , , , , , , , , , , , , , 
#SEGM, 0, , , 309.404831, -407.331409, 0.000000, 52.882263, , , , , , , , , , , , , , , , 
#SEGM, 0, , , 309.501913, -405.297005, 0.000000, 54.918982, , , , , , , , , , , , , , , , 
#SEGM, 0, , , 309.630924, -403.262443, 0.000000, 56.957630, , , , , , , , , , , , , , , , 
#SEGM, 0, , , 309.777255, -401.227795, 0.000000, 58.997533, , , , , , , , , , , , , , , , 
#SEGM, 0, , , 309.926298, -399.193134, 0.000000, 61.037645, , , , , , , , , , , , , , , , 
#SEGM, 0, , , 310.063442, -397.158532, 0.000000, 63.076865, , , , , , , , , , , , , , , , 
#SEGM, 0, , , 310.174079, -395.124061, 0.000000, 65.114342, , , , , , , , , , , , , , , , 
#SEGM, 0, , , 310.243600, -393.089793, 0.000000, 67.149797, , , , , , , , , , , , , , , , 
#SEGM, 0, , , 310.267301, -391.055753, 0.000000, 69.183975, , , , , , , , , , , , , , , , 
#SEGM, 0, , , 310.270257, -389.021815, 0.000000, 71.217915, , , , , , , , , , , , , , , , 
#SEGM, 0, , , 310.226388, -386.988109, 0.000000, 73.252095, , , , , , , , , , , , , , , , 
#SEGM, 0, , , 310.118414, -384.954720, -0.000000, 75.288348, , , , , , , , , , , , , , , , 
#SEGM, 0, , , 309.940518, -382.921678, 0.000000, 77.329159, , , , , , , , , , , , , , , , 
#SEGM, 0, , , 309.690844, -380.888991, 0.000000, 79.377122, , , , , , , , , , , , , , , , 
#SEGM, 0, , , 309.373948, -378.856636, 0.000000, 81.434034, , , , , , , , , , , , , , , , 
#SEGM, 0, , , 309.002352, -376.824553, 0.000000, 83.499814, , , , , , , , , , , , , , , , 
#SEGM, 0, , , 308.597101, -374.792636, 0.000000, 85.571749, , , , , , , , , , , , , , , , 
#SEGM, 0, , , 308.187349, -372.760742, 0.000000, 87.644547, , , , , , , , , , , , , , , , 
#SEGM, 0, , , 307.808939, -370.728692, 0.000000, 89.711530, , , , , , , , , , , , , , , , 
#SEGM, 0, , , 307.502012, -368.696289, 0.000000, 91.766979, , , , , , , , , , , , , , , , 
#SEGM, 0, , , 307.307625, -366.663328, 0.000000, 93.809212, , , , , , , , , , , , , , , , 
#SEGM, 0, , , 307.255911, -364.629661, 0.000000, 95.843536, , , , , , , , , , , , , , , , 
#SEGM, 0, , , 307.245841, -362.595787, 0.000000, 97.877435, , , , , , , , , , , , , , , , 
#SEGM, 0, , , 307.235771, -360.561914, 0.000000, 99.911333, , , , , , , , , , , , , , , , 
#SEGM, 0, , , 307.225701, -358.528040, 0.000000, 101.945231, , , , , , , , , , , , , , , , 
#SEGM, 0, , , 307.215631, -356.494167, 0.000000, 103.979129, , , , , , , , , , , , , , , , 
#SEGM, 0, , , 307.205561, -354.460294, 0.000000, 106.013028, , , , , , , , , , , , , , , , 
#SEGM, 0, , , 307.195491, -352.426420, 0.000000, 108.046926, , , , , , , , , , , , , , , , 
#SEGM, 0, , , 307.185421, -350.392547, 0.000000, 110.080824, , , , , , , , , , , , , , , , 
#SEGM, 0, , , 307.175351, -348.358674, 0.000000, 112.114723, , , , , , , , , , , , , , , , 
#SEGM, 0, , , 307.165281, -346.324800, 0.000000, 114.148621, , , , , , , , , , , , , , , , 
#SEGM, 0, , , 307.155211, -344.290927, 0.000000, 116.182519, , , , , , , , , , , , , , , , 
#SEGM, 0, , , 307.145141, -342.257053, 0.000000, 118.216418, , , , , , , , , , , , , , , , 
#SEGM, 0, , , 307.135071, -340.223180, 0.000000, 120.250316, , , , , , , , , , , , , , , , 
#SEGM, 0, , , 307.124903, -338.169376, 0.000000, 122.304145, , , , , , , , , , , , , , , , 
#SEGM, 0, , , 307.114452, -336.111671, 0.000000, 124.361877, , , , , , , , , , , , , , , , 
#SEGM, 0, , , 307.030505, -333.908803, 0.000000, 126.566344, , , , , , , , , , , , , , , , 
#SEGM, 0, , , 306.602012, -331.526220, 0.000000, 128.987151, , , , , , , , , , , , , , , , 
#SEGM, 0, , , 305.500286, -329.146755, 0.000000, 131.609297, , , , , , , , , , , , , , , , 
#SEGM, 0, , , 303.658265, -327.213915, 0.000000, 134.279300, , , , , , , , , , , , , , , , 
#SEGM, 0, , , 301.311177, -325.998718, 0.000000, 136.922315, , , , , , , , , , , , , , , , 
#SEGM, 0, , , 298.905165, -325.500409, 0.000000, 139.379387, , , , , , , , , , , , , , , , 
#SEGM, 0, , , 296.666045, -325.401555, 0.000000, 141.620688, , , , , , , , , , , , , , , , 
#SEGM, 0, , , 294.598063, -325.410071, 0.000000, 143.688688, , , , , , , , , , , , , , , , 
#SEGM, 0, , , 292.544259, -325.420239, 0.000000, 145.742517, , , , , , , , , , , , , , , , 
#SEGM, 0, , , 290.490455, -325.430408, 0.000000, 147.796346, , , , , , , , , , , , , , , , 
#SEGM, 0, , , 288.436651, -325.440577, 0.000000, 149.850175, , , , , , , , , , , , , , , , 
#SEGM, 0, , , 286.414176, -325.450591, 0.000000, 151.872675, , , , , , , , , , , , , , , , 
#SEGM, 0, , , 284.391701, -325.460604, 0.000000, 153.895175, , , , , , , , , , , , , , , , 
#SEGM, 0, , , 282.369226, -325.470618, 0.000000, 155.917675, , , , , , , , , , , , , , , , 
#SEGM, 0, , , 280.346750, -325.480631, 0.000000, 157.940175, , , , , , , , , , , , , , , , 
#SEGM, 0, , , 278.324275, -325.490645, 0.000000, 159.962675, , , , , , , , , , , , , , , , 
#SEGM, 0, , , 276.301800, -325.500659, 0.000000, 161.985175, , , , , , , , , , , , , , , , 
#SEGM, 0, , , 274.279325, -325.510672, 0.000000, 164.007675, , , , , , , , , , , , , , , , 
#SEGM, 0, , , 272.256849, -325.520686, 0.000000, 166.030175, , , , , , , , , , , , , , , , 
#SEGM, 0, , , 270.234374, -325.530700, 0.000000, 168.052675, , , , , , , , , , , , , , , , 
#SEGM, 0, , , 268.211899, -325.540713, 0.000000, 170.075175, , , , , , , , , , , , , , , , 
#SEGM, 0, , , 266.189424, -325.550727, 0.000000, 172.097675, , , , , , , , , , , , , , , , 
#SEGM, 0, , , 264.166949, -325.560740, 0.000000, 174.120175, , , , , , , , , , , , , , , , 
#SEGM, 0, , , 262.144473, -325.570754, 0.000000, 176.142675, , , , , , , , , , , , , , , , 
#SEGM, 0, , , 260.121998, -325.580768, 0.000000, 178.165175, , , , , , , , , , , , , , , , 
#SEGM, 0, , , 258.099523, -325.590781, 0.000000, 180.187675, , , , , , , , , , , , , , , , 
#SEGM, 0, , , 256.077048, -325.600795, 0.000000, 182.210175, , , , , , , , , , , , , , , , 
#SEGM, 0, , , 254.054573, -325.610809, 0.000000, 184.232675, , , , , , , , , , , , , , , , 
#SEGM, 0, , , 252.032097, -325.620822, 0.000000, 186.255175, , , , , , , , , , , , , , , , 
#SEGM, 0, , , 250.009622, -325.630836, 0.000000, 188.277675, , , , , , , , , , , , , , , , 
#SEGM, 0, , , 247.987147, -325.640849, 0.000000, 190.300175, , , , , , , , , , , , , , , , 
#SEGM, 0, , , 245.964672, -325.650863, 0.000000, 192.322675, , , , , , , , , , , , , , , , 
#SEGM, 0, , , 243.942197, -325.660877, 0.000000, 194.345175, , , , , , , , , , , , , , , , 
#SEGM, 0, , , 241.919721, -325.670890, 0.000000, 196.367675, , , , , , , , , , , , , , , , 
#SEGM, 0, , , 239.897246, -325.680904, 0.000000, 198.390175, , , , , , , , , , , , , , , , 
#SEGM, 0, , , 237.874771, -325.690918, 0.000000, 200.412675, , , , , , , , , , , , , , , , 
#SEGM, 0, , , 235.852296, -325.700931, 0.000000, 202.435175, , , , , , , , , , , , , , , , 
#SEGM, 0, , , 233.829820, -325.710945, 0.000000, 204.457675, , , , , , , , , , , , , , , , 
#SEGM, 0, , , 231.807345, -325.720958, 0.000000, 206.480175, , , , , , , , , , , , , , , , 
#SEGM, 0, , , 229.784870, -325.730972, 0.000000, 208.502675, , , , , , , , , , , , , , , , 
#SEGM, 0, , , 227.762395, -325.740986, 0.000000, 210.525175, , , , , , , , , , , , , , , , 
#SEGM, 0, , , 225.739920, -325.750999, 0.000000, 212.547675, , , , , , , , , , , , , , , , 
#SEGM, 0, , , 223.717444, -325.761013, 0.000000, 214.570175, , , , , , , , , , , , , , , , 
#SEGM, 0, , , 221.694969, -325.771027, 0.000000, 216.592675, , , , , , , , , , , , , , , , 
#SEGM, 0, , , 219.672494, -325.781040, 0.000000, 218.615175, , , , , , , , , , , , , , , , 
#SEGM, 0, , , 217.650019, -325.791054, 0.000000, 220.637675, , , , , , , , , , , , , , , , 
#SEGM, 0, , , 215.627544, -325.801067, 0.000000, 222.660175, , , , , , , , , , , , , , , , 
#SEGM, 0, , , 213.605068, -325.811081, 0.000000, 224.682675, , , , , , , , , , , , , , , , 
#SEGM, 0, , , 211.582593, -325.821095, 0.000000, 226.705175, , , , , , , , , , , , , , , , 
#SEGM, 0, , , 209.560118, -325.831108, 0.000000, 228.727675, , , , , , , , , , , , , , , , 
#SEGM, 0, , , 207.537643, -325.841122, 0.000000, 230.750175, , , , , , , , , , , , , , , , 
#SEGM, 0, , , 205.515168, -325.851136, 0.000000, 232.772675, , , , , , , , , , , , , , , , 
#SEGM, 0, , , 203.492692, -325.861149, 0.000000, 234.795175, , , , , , , , , , , , , , , , 
#SEGM, 0, , , 201.470217, -325.871163, 0.000000, 236.817675, , , , , , , , , , , , , , , , 
#SEGM, 0, , , 199.447742, -325.881176, 0.000000, 238.840175, , , , , , , , , , , , , , , , 
#SEGM, 0, , , 197.425267, -325.891190, 0.000000, 240.862675, , , , , , , , , , , , , , , , 
#SEGM, 0, , , 195.402791, -325.901204, 0.000000, 242.885175, , , , , , , , , , , , , , , , 
#SEGM, 0, , , 193.380316, -325.911217, 0.000000, 244.907675, , , , , , , , , , , , , , , , 
#SEGM, 0, , , 191.357841, -325.921231, 0.000000, 246.930175, , , , , , , , , , , , , , , , 
#SEGM, 0, , , 189.335366, -325.931244, 0.000000, 248.952675, , , , , , , , , , , , , , , , 
#SEGM, 0, , , 187.312891, -325.941258, 0.000000, 250.975175, , , , , , , , , , , , , , , , 
#SEGM, 0, , , 185.310955, -325.951170, 0.000000, 252.977135, , , , , , , , , , , , , , , , 
#SEGM, 0, , , 183.309020, -325.961082, 0.000000, 254.979095, , , , , , , , , , , , , , , , 
#SEGM, 0, , , 181.307084, -325.970994, 0.000000, 256.981055, , , , , , , , , , , , , , , , 
#SEGM, 0, , , 179.305148, -325.980906, 0.000000, 258.983015, , , , , , , , , , , , , , , , 
#SEGM, 0, , , 177.303271, -325.990811, 0.000000, 260.984917, , , , , , , , , , , , , , , , 
#SEGM, 0, , , 175.302358, -326.000225, 0.000000, 262.985852, , , , , , , , , , , , , , , , 
#SEGM, 0, , , 173.302715, -326.007863, 0.000000, 264.985510, , , , , , , , , , , , , , , , 
#SEGM, 0, , , 171.304339, -326.012365, -0.000000, 266.983891, , , , , , , , , , , , , , , , 
#SEGM, 0, , , 169.307236, -326.012376, 0.000000, 268.980994, , , , , , , , , , , , , , , , 
#SEGM, 0, , , 167.311419, -326.006541, 0.000000, 270.976820, , , , , , , , , , , , , , , , 
#SEGM, 0, , , 165.316913, -325.993509, 0.000000, 272.971368, , , , , , , , , , , , , , , , 
#SEGM, 0, , , 163.323759, -325.971933, -0.000000, 274.964639, , , , , , , , , , , , , , , , 
#SEGM, 0, , , 161.332015, -325.940467, 0.000000, 276.956632, , , , , , , , , , , , , , , , 
#SEGM, 0, , , 159.341758, -325.897768, 0.000000, 278.947347, , , , , , , , , , , , , , , , 
#SEGM, 0, , , 157.353088, -325.842499, 0.000000, 280.936784, , , , , , , , , , , , , , , , 
#SEGM, 0, , , 155.366133, -325.773323, 0.000000, 282.924943, , , , , , , , , , , , , , , , 
#SEGM, 0, , , 153.381046, -325.688911, 0.000000, 284.911824, , , , , , , , , , , , , , , , 
#SEGM, 0, , , 151.398012, -325.587935, 0.000000, 286.897427, , , , , , , , , , , , , , , , 
#SEGM, 0, , , 149.417250, -325.469076, 0.000000, 288.881752, , , , , , , , , , , , , , , , 
#SEGM, 0, , , 147.439015, -325.331019, -0.000000, 290.864799, , , , , , , , , , , , , , , , 
#SEGM, 0, , , 145.463600, -325.172455, 0.000000, 292.846567, , , , , , , , , , , , , , , , 
#SEGM, 0, , , 143.491341, -324.992086, 0.000000, 294.827057, , , , , , , , , , , , , , , , 
#SEGM, 0, , , 141.522615, -324.788620, 0.000000, 296.806269, , , , , , , , , , , , , , , , 
#SEGM, 0, , , 139.557849, -324.560778, 0.000000, 298.784202, , , , , , , , , , , , , , , , 
#SEGM, 0, , , 137.597516, -324.307292, 0.000000, 300.760856, , , , , , , , , , , , , , , , 
#SEGM, 0, , , 135.642140, -324.026906, 0.000000, 302.736231, , , , , , , , , , , , , , , , 
#SEGM, 0, , , 133.692302, -323.718381, 0.000000, 304.710328, , , , , , , , , , , , , , , , 
#SEGM, 0, , , 131.748634, -323.380495, 0.000000, 306.683146, , , , , , , , , , , , , , , , 
#SEGM, 0, , , 129.811708, -323.012039, 0.000000, 308.654806, , , , , , , , , , , , , , , , 
#SEGM, 0, , , 127.881219, -322.612224, 0.000000, 310.626262, , , , , , , , , , , , , , , , 
#SEGM, 0, , , 125.957485, -322.181079, 0.000000, 312.597718, , , , , , , , , , , , , , , , 
#SEGM, 0, , , 124.041014, -321.718717, 0.000000, 314.569174, , , , , , , , , , , , , , , , 
#SEGM, 0, , , 122.132313, -321.225261, 0.000000, 316.540630, , , , , , , , , , , , , , , , 
#SEGM, 0, , , 120.231886, -320.700842, 0.000000, 318.512086, , , , , , , , , , , , , , , , 
#SEGM, 0, , , 118.340236, -320.145597, 0.000000, 320.483542, , , , , , , , , , , , , , , , 
#SEGM, 0, , , 116.457861, -319.559674, 0.000000, 322.454998, , , , , , , , , , , , , , , , 
#SEGM, 0, , , 114.585261, -318.943228, 0.000000, 324.426454, , , , , , , , , , , , , , , , 
#SEGM, 0, , , 112.722929, -318.296421, 0.000000, 326.397910, , , , , , , , , , , , , , , , 
#SEGM, 0, , , 110.871359, -317.619424, 0.000000, 328.369366, , , , , , , , , , , , , , , , 
#SEGM, 0, , , 109.031038, -316.912417, -0.000000, 330.340822, , , , , , , , , , , , , , , , 
#SEGM, 0, , , 107.202455, -316.175585, 0.000000, 332.312278, , , , , , , , , , , , , , , , 
#SEGM, 0, , , 105.386091, -315.409125, -0.000000, 334.283734, , , , , , , , , , , , , , , , 
#SEGM, 0, , , 103.582427, -314.613238, 0.000000, 336.255190, , , , , , , , , , , , , , , , 
#SEGM, 0, , , 101.791940, -313.788135, 0.000000, 338.226646, , , , , , , , , , , , , , , , 
#SEGM, 0, , , 100.015103, -312.934033, 0.000000, 340.198102, , , , , , , , , , , , , , , , 
#SEGM, 0, , , 98.252386, -312.051159, -0.000000, 342.169558, , , , , , , , , , , , , , , , 
#SEGM, 0, , , 96.504254, -311.139747, -0.000000, 344.141014, , , , , , , , , , , , , , , , 
#SEGM, 0, , , 94.771170, -310.200035, 0.000000, 346.112470, , , , , , , , , , , , , , , , 
#SEGM, 0, , , 93.053591, -309.232275, 0.000000, 348.083926, , , , , , , , , , , , , , , , 
#SEGM, 0, , , 91.351971, -308.236720, 0.000000, 350.055382, , , , , , , , , , , , , , , , 
#SEGM, 0, , , 89.666761, -307.213634, 0.000000, 352.026838, , , , , , , , , , , , , , , , 
#SEGM, 0, , , 87.998405, -306.163287, 0.000000, 353.998293, , , , , , , , , , , , , , , , 
#SEGM, 0, , , 86.347345, -305.085958, -0.000000, 355.969749, , , , , , , , , , , , , , , , 
#SEGM, 0, , , 84.714016, -303.981930, 0.000000, 357.941205, , , , , , , , , , , , , , , , 
#SEGM, 0, , , 83.098851, -302.851496, 0.000000, 359.912661, , , , , , , , , , , , , , , , 
#SEGM, 0, , , 81.502277, -301.694955, 0.000000, 361.884117, , , , , , , , , , , , , , , , 
#SEGM, 0, , , 79.924715, -300.512611, 0.000000, 363.855573, , , , , , , , , , , , , , , , 
#SEGM, 0, , , 78.366582, -299.304778, 0.000000, 365.827029, , , , , , , , , , , , , , , , 
#SEGM, 0, , , 76.828291, -298.071774, 0.000000, 367.798485, , , , , , , , , , , , , , , , 
#SEGM, 0, , , 75.310247, -296.813926, -0.000000, 369.769941, , , , , , , , , , , , , , , , 
#SEGM, 0, , , 73.812852, -295.531566, 0.000000, 371.741397, , , , , , , , , , , , , , , , 
#SEGM, 0, , , 72.336501, -294.225034, -0.000000, 373.712853, , , , , , , , , , , , , , , , 
#SEGM, 0, , , 70.881586, -292.894673, 0.000000, 375.684309, , , , , , , , , , , , , , , , 
#SEGM, 0, , , 69.448490, -291.540836, 0.000000, 377.655765, , , , , , , , , , , , , , , , 
#SEGM, 0, , , 68.037592, -290.163881, 0.000000, 379.627221, , , , , , , , , , , , , , , , 
#SEGM, 0, , , 66.649265, -288.764171, 0.000000, 381.598677, , , , , , , , , , , , , , , , 
#SEGM, 0, , , 65.283876, -287.342077, 0.000000, 383.570133, , , , , , , , , , , , , , , , 
#SEGM, 0, , , 63.941785, -285.897975, 0.000000, 385.541589, , , , , , , , , , , , , , , , 
#SEGM, 0, , , 62.623349, -284.432245, 0.000000, 387.513045, , , , , , , , , , , , , , , , 
#SEGM, 0, , , 61.328914, -282.945276, 0.000000, 389.484501, , , , , , , , , , , , , , , , 
#SEGM, 0, , , 60.058823, -281.437460, 0.000000, 391.455957, , , , , , , , , , , , , , , , 
#SEGM, 0, , , 58.813412, -279.909197, 0.000000, 393.427413, , , , , , , , , , , , , , , , 
#SEGM, 0, , , 57.593010, -278.360889, 0.000000, 395.398869, , , , , , , , , , , , , , , , 
#SEGM, 0, , , 56.397939, -276.792946, 0.000000, 397.370325, , , , , , , , , , , , , , , , 
#SEGM, 0, , , 55.228516, -275.205782, 0.000000, 399.341781, , , , , , , , , , , , , , , , 
#SEGM, 0, , , 54.085049, -273.599818, 0.000000, 401.313237, , , , , , , , , , , , , , , , 
#SEGM, 0, , , 52.967841, -271.975477, 0.000000, 403.284693, , , , , , , , , , , , , , , , 
#SEGM, 0, , , 51.877186, -270.333188, 0.000000, 405.256149, , , , , , , , , , , , , , , , 
#SEGM, 0, , , 50.813374, -268.673386, 0.000000, 407.227605, , , , , , , , , , , , , , , , 
#SEGM, 0, , , 49.776685, -266.996510, 0.000000, 409.199061, , , , , , , , , , , , , , , , 
#SEGM, 0, , , 48.767393, -265.303002, 0.000000, 411.170517, , , , , , , , , , , , , , , , 
#SEGM, 0, , , 47.785765, -263.593311, 0.000000, 413.141973, , , , , , , , , , , , , , , , 
#SEGM, 0, , , 46.832061, -261.867887, -0.000000, 415.113429, , , , , , , , , , , , , , , , 
#SEGM, 0, , , 45.906532, -260.127188, 0.000000, 417.084885, , , , , , , , , , , , , , , , 
#SEGM, 0, , , 45.009423, -258.371672, 0.000000, 419.056341, , , , , , , , , , , , , , , , 
#SEGM, 0, , , 44.140971, -256.601805, 0.000000, 421.027797, , , , , , , , , , , , , , , , 
#SEGM, 0, , , 43.301407, -254.818053, 0.000000, 422.999253, , , , , , , , , , , , , , , , 
#SEGM, 0, , , 42.490950, -253.020889, 0.000000, 424.970708, , , , , , , , , , , , , , , , 
#SEGM, 0, , , 41.709817, -251.210787, -0.000000, 426.942164, , , , , , , , , , , , , , , , 
#SEGM, 0, , , 40.958213, -249.388226, 0.000000, 428.913620, , , , , , , , , , , , , , , , 
#SEGM, 0, , , 40.236337, -247.553687, 0.000000, 430.885076, , , , , , , , , , , , , , , , 
#SEGM, 0, , , 39.544379, -245.707655, 0.000000, 432.856532, , , , , , , , , , , , , , , , 
#SEGM, 0, , , 38.882523, -243.850618, 0.000000, 434.827988, , , , , , , , , , , , , , , , 
#SEGM, 0, , , 38.250944, -241.983067, 0.000000, 436.799444, , , , , , , , , , , , , , , , 
#SEGM, 0, , , 37.649808, -240.105496, 0.000000, 438.770900, , , , , , , , , , , , , , , , 
#SEGM, 0, , , 37.079275, -238.218400, 0.000000, 440.742356, , , , , , , , , , , , , , , , 
#SEGM, 0, , , 36.539494, -236.322279, -0.000000, 442.713812, , , , , , , , , , , , , , , , 
#SEGM, 0, , , 36.030609, -234.417633, -0.000000, 444.685268, , , , , , , , , , , , , , , , 
#SEGM, 0, , , 35.552755, -232.504967, 0.000000, 446.656724, , , , , , , , , , , , , , , , 
#SEGM, 0, , , 35.106057, -230.584784, 0.000000, 448.628180, , , , , , , , , , , , , , , , 
#SEGM, 0, , , 34.690634, -228.657594, 0.000000, 450.599636, , , , , , , , , , , , , , , , 
#SEGM, 0, , , 34.306595, -226.723905, 0.000000, 452.571092, , , , , , , , , , , , , , , , 
#SEGM, 0, , , 33.954042, -224.784229, 0.000000, 454.542548, , , , , , , , , , , , , , , , 
#SEGM, 0, , , 33.633068, -222.839077, 0.000000, 456.514004, , , , , , , , , , , , , , , , 
#SEGM, 0, , , 33.343758, -220.888965, 0.000000, 458.485460, , , , , , , , , , , , , , , , 
#SEGM, 0, , , 33.086188, -218.934407, -0.000000, 460.456916, , , , , , , , , , , , , , , , 
#SEGM, 0, , , 32.860427, -216.975920, 0.000000, 462.428372, , , , , , , , , , , , , , , , 
#SEGM, 0, , , 32.666534, -215.014022, 0.000000, 464.399828, , , , , , , , , , , , , , , , 
#SEGM, 0, , , 32.504560, -213.049231, 0.000000, 466.371284, , , , , , , , , , , , , , , , 
#SEGM, 0, , , 32.374548, -211.082067, 0.000000, 468.342740, , , , , , , , , , , , , , , , 
#SEGM, 0, , , 32.276533, -209.113049, 0.000000, 470.314196, , , , , , , , , , , , , , , , 
#SEGM, 0, , , 32.210541, -207.142698, -0.000000, 472.285652, , , , , , , , , , , , , , , , 
#SEGM, 0, , , 32.176588, -205.171534, 0.000000, 474.257108, , , , , , , , , , , , , , , , 
#SEGM, 0, , , 32.174684, -203.200079, 0.000000, 476.228564, , , , , , , , , , , , , , , , 
#SEGM, 0, , , 32.204830, -201.228854, 0.000000, 478.200020, , , , , , , , , , , , , , , , 
#SEGM, 0, , , 32.267016, -199.258379, 0.000000, 480.171476, , , , , , , , , , , , , , , , 
#SEGM, 0, , , 32.361228, -197.289175, 0.000000, 482.142932, , , , , , , , , , , , , , , , 
#SEGM, 0, , , 32.487440, -195.321763, 0.000000, 484.114388, , , , , , , , , , , , , , , , 
#SEGM, 0, , , 32.645619, -193.356663, 0.000000, 486.085844, , , , , , , , , , , , , , , , 
#SEGM, 0, , , 32.835722, -191.394394, 0.000000, 488.057300, , , , , , , , , , , , , , , , 
#SEGM, 0, , , 33.057700, -189.435475, 0.000000, 490.028756, , , , , , , , , , , , , , , , 
#SEGM, 0, , , 33.311494, -187.480423, 0.000000, 492.000212, , , , , , , , , , , , , , , , 
#SEGM, 0, , , 33.597037, -185.529756, 0.000000, 493.971668, , , , , , , , , , , , , , , , 
#SEGM, 0, , , 33.914254, -183.583988, 0.000000, 495.943124, , , , , , , , , , , , , , , , 
#SEGM, 0, , , 34.263060, -181.643634, 0.000000, 497.914579, , , , , , , , , , , , , , , , 
#SEGM, 0, , , 34.643363, -179.709207, -0.000000, 499.886035, , , , , , , , , , , , , , , , 
#SEGM, 0, , , 35.055063, -177.781218, 0.000000, 501.857491, , , , , , , , , , , , , , , , 
#SEGM, 0, , , 35.498052, -175.860177, 0.000000, 503.828947, , , , , , , , , , , , , , , , 
#SEGM, 0, , , 35.972211, -173.946591, -0.000000, 505.800403, , , , , , , , , , , , , , , , 
#SEGM, 0, , , 36.477416, -172.040966, 0.000000, 507.771859, , , , , , , , , , , , , , , , 
#SEGM, 0, , , 37.013533, -170.143806, -0.000000, 509.743315, , , , , , , , , , , , , , , , 
#SEGM, 0, , , 37.580421, -168.255612, 0.000000, 511.714771, , , , , , , , , , , , , , , , 
#SEGM, 0, , , 38.177930, -166.376883, 0.000000, 513.686227, , , , , , , , , , , , , , , , 
#SEGM, 0, , , 38.805901, -164.508115, 0.000000, 515.657683, , , , , , , , , , , , , , , , 
#SEGM, 0, , , 39.464169, -162.649804, -0.000000, 517.629139, , , , , , , , , , , , , , , , 
#SEGM, 0, , , 40.152559, -160.802439, 0.000000, 519.600595, , , , , , , , , , , , , , , , 
#SEGM, 0, , , 40.870891, -158.966509, 0.000000, 521.572051, , , , , , , , , , , , , , , , 
#SEGM, 0, , , 41.618973, -157.142499, 0.000000, 523.543507, , , , , , , , , , , , , , , , 
#SEGM, 0, , , 42.396609, -155.330892, 0.000000, 525.514963, , , , , , , , , , , , , , , , 
#SEGM, 0, , , 43.203593, -153.532166, 0.000000, 527.486419, , , , , , , , , , , , , , , , 
#SEGM, 0, , , 44.039711, -151.746796, 0.000000, 529.457875, , , , , , , , , , , , , , , , 
#SEGM, 0, , , 44.904742, -149.975255, 0.000000, 531.429331, , , , , , , , , , , , , , , , 
#SEGM, 0, , , 45.798459, -148.218010, 0.000000, 533.400787, , , , , , , , , , , , , , , , 
#SEGM, 0, , , 46.720624, -146.475526, 0.000000, 535.372243, , , , , , , , , , , , , , , , 
#SEGM, 0, , , 47.671071, -144.748000, 0.000000, 537.343967, , , , , , , , , , , , , , , , 
#SEGM, 0, , , 48.649310, -143.034684, 0.000000, 539.316885, , , , , , , , , , , , , , , , 
#SEGM, 0, , , 49.654028, -141.335274, 0.000000, 541.291081, , , , , , , , , , , , , , , , 
#SEGM, 0, , , 50.683877, -139.649477, 0.000000, 543.266556, , , , , , , , , , , , , , , , 
#SEGM, 0, , , 51.737536, -137.976946, 0.000000, 545.243310, , , , , , , , , , , , , , , , 
#SEGM, 0, , , 52.813704, -136.317285, 0.000000, 547.221343, , , , , , , , , , , , , , , , 
#SEGM, 0, , , 53.911102, -134.670048, 0.000000, 549.200654, , , , , , , , , , , , , , , , 
#SEGM, 0, , , 55.028475, -133.034746, -0.000000, 551.181243, , , , , , , , , , , , , , , , 
#SEGM, 0, , , 56.164588, -131.410847, -0.000000, 553.163111, , , , , , , , , , , , , , , , 
#SEGM, 0, , , 57.318225, -129.797778, -0.000000, 555.146257, , , , , , , , , , , , , , , , 
#SEGM, 0, , , 58.488193, -128.194932, -0.000000, 557.130682, , , , , , , , , , , , , , , , 
#SEGM, 0, , , 59.673318, -126.601667, 0.000000, 559.116384, , , , , , , , , , , , , , , , 
#SEGM, 0, , , 60.872442, -125.017307, 0.000000, 561.103365, , , , , , , , , , , , , , , , 
#SEGM, 0, , , 62.084425, -123.441151, 0.000000, 563.091624, , , , , , , , , , , , , , , , 
#SEGM, 0, , , 63.308145, -121.872469, 0.000000, 565.081161, , , , , , , , , , , , , , , , 
#SEGM, 0, , , 64.542493, -120.310505, 0.000000, 567.071975, , , , , , , , , , , , , , , , 
#SEGM, 0, , , 65.786371, -118.754485, 0.000000, 569.064068, , , , , , , , , , , , , , , , 
#SEGM, 0, , , 67.038697, -117.203613, 0.000000, 571.057438, , , , , , , , , , , , , , , , 
#SEGM, 0, , , 68.298397, -115.657076, 0.000000, 573.052086, , , , , , , , , , , , , , , , 
#SEGM, 0, , , 69.564405, -114.114047, -0.000000, 575.048011, , , , , , , , , , , , , , , , 
#SEGM, 0, , , 70.835664, -112.573683, 0.000000, 577.045214, , , , , , , , , , , , , , , , 
#SEGM, 0, , , 72.111121, -111.035134, 0.000000, 579.043694, , , , , , , , , , , , , , , , 
#SEGM, 0, , , 73.389727, -109.497539, 0.000000, 581.043451, , , , , , , , , , , , , , , , 
#SEGM, 0, , , 74.670434, -107.960032, -0.000000, 583.044486, , , , , , , , , , , , , , , , 
#SEGM, 0, , , 75.952111, -106.422166, 0.000000, 585.046417, , , , , , , , , , , , , , , , 
#SEGM, 0, , , 77.233734, -104.884218, -0.000000, 587.048377, , , , , , , , , , , , , , , , 
#SEGM, 0, , , 78.515358, -103.346270, 0.000000, 589.050337, , , , , , , , , , , , , , , , 
#SEGM, 0, , , 79.796981, -101.808321, -0.000000, 591.052297, , , , , , , , , , , , , , , , 
#SEGM, 0, , , 81.078605, -100.270373, 0.000000, 593.054257, , , , , , , , , , , , , , , , 
#SEGM, 0, , , 82.360229, -98.732425, -0.000000, 595.056217, , , , , , , , , , , , , , , , 
#SEGM, 0, , , 83.641852, -97.194476, 0.000000, 597.058177, , , , , , , , , , , , , , , , 
#SEGM, 0, , , 84.923476, -95.656528, -0.000000, 599.060137, , , , , , , , , , , , , , , , 
#SEGM, 0, , , 86.204956, -94.118903, -0.000000, 601.061757, , , , , , , , , , , , , , , , 
#SEGM, 0, , , 87.486466, -92.582652, 0.000000, 603.062341, , , , , , , , , , , , , , , , 
#SEGM, 0, , , 88.768857, -91.048510, 0.000000, 605.061870, , , , , , , , , , , , , , , , 
#SEGM, 0, , , 90.052986, -89.517202, 0.000000, 607.060343, , , , , , , , , , , , , , , , 
#SEGM, 0, , , 91.339709, -87.989452, 0.000000, 609.057760, , , , , , , , , , , , , , , , 
#SEGM, 0, , , 92.629874, -86.465990, 0.000000, 611.054122, , , , , , , , , , , , , , , , 
#SEGM, 0, , , 93.924321, -84.947554, -0.000000, 613.049427, , , , , , , , , , , , , , , , 
#SEGM, 0, , , 95.223885, -83.434885, 0.000000, 615.043677, , , , , , , , , , , , , , , , 
#SEGM, 0, , , 96.529388, -81.928736, 0.000000, 617.036871, , , , , , , , , , , , , , , , 
#SEGM, 0, , , 97.841640, -80.429868, -0.000000, 619.029008, , , , , , , , , , , , , , , , 
#SEGM, 0, , , 99.161443, -78.939054, 0.000000, 621.020090, , , , , , , , , , , , , , , , 
#SEGM, 0, , , 100.489581, -77.457079, 0.000000, 623.010115, , , , , , , , , , , , , , , , 
#SEGM, 0, , , 101.826825, -75.984741, 0.000000, 624.999085, , , , , , , , , , , , , , , , 
#SEGM, 0, , , 103.173929, -74.522855, -0.000000, 626.986998, , , , , , , , , , , , , , , , 
#SEGM, 0, , , 104.531627, -73.072251, -0.000000, 628.973855, , , , , , , , , , , , , , , , 
#SEGM, 0, , , 105.900637, -71.633774, 0.000000, 630.959655, , , , , , , , , , , , , , , , 
#SEGM, 0, , , 107.281654, -70.208290, 0.000000, 632.944400, , , , , , , , , , , , , , , , 
#SEGM, 0, , , 108.675348, -68.796684, -0.000000, 634.928087, , , , , , , , , , , , , , , , 
#SEGM, 0, , , 110.082368, -67.399858, 0.000000, 636.910719, , , , , , , , , , , , , , , , 
#SEGM, 0, , , 111.503336, -66.018739, 0.000000, 638.892293, , , , , , , , , , , , , , , , 
#SEGM, 0, , , 112.938844, -64.654273, 0.000000, 640.872811, , , , , , , , , , , , , , , , 
#SEGM, 0, , , 114.389458, -63.307429, 0.000000, 642.852273, , , , , , , , , , , , , , , , 
#SEGM, 0, , , 115.855708, -61.979199, -0.000000, 644.830678, , , , , , , , , , , , , , , , 
#SEGM, 0, , , 117.338094, -60.670598, 0.000000, 646.808026, , , , , , , , , , , , , , , , 
#SEGM, 0, , , 118.837078, -59.382664, -0.000000, 648.784317, , , , , , , , , , , , , , , , 
#SEGM, 0, , , 120.353087, -58.116461, -0.000000, 650.759552, , , , , , , , , , , , , , , , 
#SEGM, 0, , , 121.886505, -56.873077, 0.000000, 652.733729, , , , , , , , , , , , , , , , 
#SEGM, 0, , , 123.437677, -55.653622, 0.000000, 654.706850, , , , , , , , , , , , , , , , 
#SEGM, 0, , , 125.006902, -54.459232, 0.000000, 656.678913, , , , , , , , , , , , , , , , 
#SEGM, 0, , , 126.594435, -53.291068, -0.000000, 658.649920, , , , , , , , , , , , , , , , 
#SEGM, 0, , , 128.200479, -52.150312, 0.000000, 660.619870, , , , , , , , , , , , , , , , 
#SEGM, 0, , , 129.825230, -51.038138, 0.000000, 662.588815, , , , , , , , , , , , , , , , 
#SEGM, 0, , , 131.469200, -49.955022, 0.000000, 664.557515, , , , , , , , , , , , , , , , 
#SEGM, 0, , , 133.132109, -48.901214, 0.000000, 666.526215, , , , , , , , , , , , , , , , 
#SEGM, 0, , , 134.813436, -47.877045, 0.000000, 668.494914, , , , , , , , , , , , , , , , 
#SEGM, 0, , , 136.512650, -46.882838, 0.000000, 670.463614, , , , , , , , , , , , , , , , 
#SEGM, 0, , , 138.229219, -45.918904, 0.000000, 672.432314, , , , , , , , , , , , , , , , 
#SEGM, 0, , , 139.962604, -44.985546, 0.000000, 674.401014, , , , , , , , , , , , , , , , 
#SEGM, 0, , , 141.712259, -44.083057, -0.000000, 676.369713, , , , , , , , , , , , , , , , 
#SEGM, 0, , , 143.477635, -43.211722, 0.000000, 678.338413, , , , , , , , , , , , , , , , 
#SEGM, 0, , , 145.258178, -42.371813, -0.000000, 680.307113, , , , , , , , , , , , , , , , 
#SEGM, 0, , , 147.053327, -41.563595, 0.000000, 682.275813, , , , , , , , , , , , , , , , 
#SEGM, 0, , , 148.862520, -40.787322, 0.000000, 684.244512, , , , , , , , , , , , , , , , 
#SEGM, 0, , , 150.685187, -40.043236, -0.000000, 686.213212, , , , , , , , , , , , , , , , 
#SEGM, 0, , , 152.520756, -39.331573, 0.000000, 688.181912, , , , , , , , , , , , , , , , 
#SEGM, 0, , , 154.368651, -38.652556, 0.000000, 690.150612, , , , , , , , , , , , , , , , 
#SEGM, 0, , , 156.228290, -38.006398, -0.000000, 692.119311, , , , , , , , , , , , , , , , 
#SEGM, 0, , , 158.099090, -37.393302, 0.000000, 694.088011, , , , , , , , , , , , , , , , 
#SEGM, 0, , , 159.980463, -36.813461, 0.000000, 696.056711, , , , , , , , , , , , , , , , 
#SEGM, 0, , , 161.871817, -36.267056, -0.000000, 698.025410, , , , , , , , , , , , , , , , 
#SEGM, 0, , , 163.772559, -35.754260, -0.000000, 699.994110, , , , , , , , , , , , , , , , 
#SEGM, 0, , , 165.682091, -35.275234, 0.000000, 701.962810, , , , , , , , , , , , , , , , 
#SEGM, 0, , , 167.599813, -34.830128, 0.000000, 703.931510, , , , , , , , , , , , , , , , 
#SEGM, 0, , , 169.525123, -34.419082, 0.000000, 705.900209, , , , , , , , , , , , , , , , 
#SEGM, 0, , , 171.457417, -34.042225, 0.000000, 707.868909, , , , , , , , , , , , , , , , 
#SEGM, 0, , , 173.396086, -33.699676, 0.000000, 709.837609, , , , , , , , , , , , , , , , 
#SEGM, 0, , , 175.340522, -33.391541, 0.000000, 711.806309, , , , , , , , , , , , , , , , 
#SEGM, 0, , , 177.290114, -33.117919, 0.000000, 713.775008, , , , , , , , , , , , , , , , 
#SEGM, 0, , , 179.244250, -32.878895, 0.000000, 715.743708, , , , , , , , , , , , , , , , 
#SEGM, 0, , , 181.202315, -32.674543, 0.000000, 717.712408, , , , , , , , , , , , , , , , 
#SEGM, 0, , , 183.163695, -32.504929, 0.000000, 719.681108, , , , , , , , , , , , , , , , 
#SEGM, 0, , , 185.127772, -32.370105, 0.000000, 721.649807, , , , , , , , , , , , , , , , 
#SEGM, 0, , , 187.093931, -32.270115, -0.000000, 723.618507, , , , , , , , , , , , , , , , 
#SEGM, 0, , , 189.061553, -32.204988, 0.000000, 725.587207, , , , , , , , , , , , , , , , 
#SEGM, 0, , , 191.030021, -32.174746, -0.000000, 727.555906, , , , , , , , , , , , , , , , 
#SEGM, 0, , , 192.998715, -32.179399, 0.000000, 729.524606, , , , , , , , , , , , , , , , 
#SEGM, 0, , , 194.967017, -32.218944, 0.000000, 731.493306, , , , , , , , , , , , , , , , 
#SEGM, 0, , , 196.934310, -32.293370, 0.000000, 733.462006, , , , , , , , , , , , , , , , 
#SEGM, 0, , , 198.899974, -32.402652, 0.000000, 735.430705, , , , , , , , , , , , , , , , 
#SEGM, 0, , , 200.863393, -32.546757, 0.000000, 737.399405, , , , , , , , , , , , , , , , 
#SEGM, 0, , , 202.823949, -32.725640, 0.000000, 739.368105, , , , , , , , , , , , , , , , 
#SEGM, 0, , , 204.781026, -32.939244, 0.000000, 741.336805, , , , , , , , , , , , , , , , 
#SEGM, 0, , , 206.734010, -33.187501, 0.000000, 743.305504, , , , , , , , , , , , , , , , 
#SEGM, 0, , , 208.682287, -33.470335, -0.000000, 745.274204, , , , , , , , , , , , , , , , 
#SEGM, 0, , , 210.625245, -33.787656, 0.000000, 747.242904, , , , , , , , , , , , , , , , 
#SEGM, 0, , , 212.562274, -34.139365, 0.000000, 749.211604, , , , , , , , , , , , , , , , 
#SEGM, 0, , , 214.492764, -34.525350, -0.000000, 751.180303, , , , , , , , , , , , , , , , 
#SEGM, 0, , , 216.416110, -34.945492, 0.000000, 753.149003, , , , , , , , , , , , , , , , 
#SEGM, 0, , , 218.331708, -35.399657, 0.000000, 755.117703, , , , , , , , , , , , , , , , 
#SEGM, 0, , , 220.238954, -35.887703, 0.000000, 757.086402, , , , , , , , , , , , , , , , 
#SEGM, 0, , , 222.137251, -36.409477, 0.000000, 759.055102, , , , , , , , , , , , , , , , 
#SEGM, 0, , , 224.026002, -36.964814, 0.000000, 761.023802, , , , , , , , , , , , , , , , 
#SEGM, 0, , , 225.904613, -37.553541, 0.000000, 762.992502, , , , , , , , , , , , , , , , 
#SEGM, 0, , , 227.772494, -38.175473, 0.000000, 764.961201, , , , , , , , , , , , , , , , 
#SEGM, 0, , , 229.629058, -38.830413, 0.000000, 766.929901, , , , , , , , , , , , , , , , 
#SEGM, 0, , , 231.473723, -39.518157, 0.000000, 768.898601, , , , , , , , , , , , , , , , 
#SEGM, 0, , , 233.305908, -40.238487, 0.000000, 770.867301, , , , , , , , , , , , , , , , 
#SEGM, 0, , , 235.125038, -40.991179, 0.000000, 772.836000, , , , , , , , , , , , , , , , 
#SEGM, 0, , , 236.930541, -41.775995, 0.000000, 774.804700, , , , , , , , , , , , , , , , 
#SEGM, 0, , , 238.721851, -42.592688, 0.000000, 776.773400, , , , , , , , , , , , , , , , 
#SEGM, 0, , , 240.498404, -43.441003, 0.000000, 778.742100, , , , , , , , , , , , , , , , 
#SEGM, 0, , , 242.259642, -44.320673, -0.000000, 780.710799, , , , , , , , , , , , , , , , 
#SEGM, 0, , , 244.005012, -45.231421, 0.000000, 782.679499, , , , , , , , , , , , , , , , 
#SEGM, 0, , , 245.733966, -46.172961, -0.000000, 784.648199, , , , , , , , , , , , , , , , 
#SEGM, 0, , , 247.445960, -47.144998, 0.000000, 786.616898, , , , , , , , , , , , , , , , 
#SEGM, 0, , , 249.140457, -48.147225, 0.000000, 788.585598, , , , , , , , , , , , , , , , 
#SEGM, 0, , , 250.816923, -49.179329, 0.000000, 790.554298, , , , , , , , , , , , , , , , 
#SEGM, 0, , , 252.474833, -50.240985, 0.000000, 792.522998, , , , , , , , , , , , , , , , 
#SEGM, 0, , , 254.113666, -51.331858, 0.000000, 794.491697, , , , , , , , , , , , , , , , 
#SEGM, 0, , , 255.732907, -52.451608, 0.000000, 796.460397, , , , , , , , , , , , , , , , 
#SEGM, 0, , , 257.332046, -53.599881, 0.000000, 798.429097, , , , , , , , , , , , , , , , 
#SEGM, 0, , , 258.910582, -54.776318, 0.000000, 800.397797, , , , , , , , , , , , , , , , 
#SEGM, 0, , , 260.468019, -55.980548, 0.000000, 802.366496, , , , , , , , , , , , , , , , 
#SEGM, 0, , , 262.003867, -57.212193, 0.000000, 804.335196, , , , , , , , , , , , , , , , 
#SEGM, 0, , , 263.517644, -58.470866, -0.000000, 806.303896, , , , , , , , , , , , , , , , 
#SEGM, 0, , , 265.008874, -59.756172, 0.000000, 808.272596, , , , , , , , , , , , , , , , 
#SEGM, 0, , , 266.477088, -61.067707, 0.000000, 810.241295, , , , , , , , , , , , , , , , 
#SEGM, 0, , , 267.921827, -62.405059, 0.000000, 812.209995, , , , , , , , , , , , , , , , 
#SEGM, 0, , , 269.342635, -63.767807, -0.000000, 814.178695, , , , , , , , , , , , , , , , 
#SEGM, 0, , , 270.739066, -65.155524, 0.000000, 816.147395, , , , , , , , , , , , , , , , 
#SEGM, 0, , , 272.110681, -66.567774, -0.000000, 818.116094, , , , , , , , , , , , , , , , 
#SEGM, 0, , , 273.457050, -68.004113, 0.000000, 820.084794, , , , , , , , , , , , , , , , 
#SEGM, 0, , , 274.777750, -69.464089, 0.000000, 822.053494, , , , , , , , , , , , , , , , 
#SEGM, 0, , , 276.072365, -70.947245, -0.000000, 824.022193, , , , , , , , , , , , , , , , 
#SEGM, 0, , , 277.340490, -72.453113, 0.000000, 825.990893, , , , , , , , , , , , , , , , 
#SEGM, 0, , , 278.581724, -73.981221, 0.000000, 827.959593, , , , , , , , , , , , , , , , 
#SEGM, 0, , , 279.795680, -75.531089, 0.000000, 829.928293, , , , , , , , , , , , , , , , 
#SEGM, 0, , , 280.981974, -77.102230, 0.000000, 831.896992, , , , , , , , , , , , , , , , 
#SEGM, 0, , , 282.140235, -78.694151, 0.000000, 833.865692, , , , , , , , , , , , , , , , 
#SEGM, 0, , , 283.270099, -80.306350, 0.000000, 835.834392, , , , , , , , , , , , , , , , 
#SEGM, 0, , , 284.371210, -81.938322, 0.000000, 837.803092, , , , , , , , , , , , , , , , 
#SEGM, 0, , , 285.443222, -83.589554, 0.000000, 839.771791, , , , , , , , , , , , , , , , 
#SEGM, 0, , , 286.485800, -85.259528, 0.000000, 841.740491, , , , , , , , , , , , , , , , 
#SEGM, 0, , , 287.498615, -86.947718, 0.000000, 843.709191, , , , , , , , , , , , , , , , 
#SEGM, 0, , , 288.481349, -88.653593, 0.000000, 845.677891, , , , , , , , , , , , , , , , 
#SEGM, 0, , , 289.433693, -90.376620, -0.000000, 847.646590, , , , , , , , , , , , , , , , 
#SEGM, 0, , , 290.355348, -92.116255, 0.000000, 849.615290, , , , , , , , , , , , , , , , 
#SEGM, 0, , , 291.246025, -93.871952, 0.000000, 851.583990, , , , , , , , , , , , , , , , 
#SEGM, 0, , , 292.105444, -95.643160, 0.000000, 853.552689, , , , , , , , , , , , , , , , 
#SEGM, 0, , , 292.933335, -97.429322, 0.000000, 855.521389, , , , , , , , , , , , , , , , 
#SEGM, 0, , , 293.729437, -99.229878, -0.000000, 857.490089, , , , , , , , , , , , , , , , 
#SEGM, 0, , , 294.493501, -101.044260, 0.000000, 859.458789, , , , , , , , , , , , , , , , 
#SEGM, 0, , , 295.225286, -102.871901, 0.000000, 861.427488, , , , , , , , , , , , , , , , 
#SEGM, 0, , , 295.924563, -104.712224, 0.000000, 863.396188, , , , , , , , , , , , , , , , 
#SEGM, 0, , , 296.591112, -106.564653, 0.000000, 865.364888, , , , , , , , , , , , , , , , 
#SEGM, 0, , , 297.224724, -108.428604, 0.000000, 867.333588, , , , , , , , , , , , , , , , 
#SEGM, 0, , , 297.825199, -110.303493, 0.000000, 869.302287, , , , , , , , , , , , , , , , 
#SEGM, 0, , , 298.392350, -112.188735, 0.000000, 871.270992, , , , , , , , , , , , , , , , 
#SEGM, 0, , , 298.926350, -114.084220, 0.000000, 873.240261, , , , , , , , , , , , , , , , 
#SEGM, 0, , , 299.428051, -115.989602, 0.000000, 875.210586, , , , , , , , , , , , , , , , 
#SEGM, 0, , , 299.898346, -117.904066, 0.000000, 877.181969, , , , , , , , , , , , , , , , 
#SEGM, 0, , , 300.338156, -119.826847, -0.000000, 879.154409, , , , , , , , , , , , , , , , 
#SEGM, 0, , , 300.748421, -121.757228, 0.000000, 881.127906, , , , , , , , , , , , , , , , 
#SEGM, 0, , , 301.130102, -123.694541, 0.000000, 883.102460, , , , , , , , , , , , , , , , 
#SEGM, 0, , , 301.484178, -125.638163, 0.000000, 885.078070, , , , , , , , , , , , , , , , 
#SEGM, 0, , , 301.811643, -127.587517, -0.000000, 887.054738, , , , , , , , , , , , , , , , 
#SEGM, 0, , , 302.113508, -129.542069, -0.000000, 889.032462, , , , , , , , , , , , , , , , 
#SEGM, 0, , , 302.390795, -131.501325, 0.000000, 891.011243, , , , , , , , , , , , , , , , 
#SEGM, 0, , , 302.644539, -133.464835, 0.000000, 892.991080, , , , , , , , , , , , , , , , 
#SEGM, 0, , , 302.875785, -135.432185, 0.000000, 894.971975, , , , , , , , , , , , , , , , 
#SEGM, 0, , , 303.085588, -137.403000, 0.000000, 896.953925, , , , , , , , , , , , , , , , 
#SEGM, 0, , , 303.275011, -139.376940, 0.000000, 898.936933, , , , , , , , , , , , , , , , 
#SEGM, 0, , , 303.445124, -141.353697, 0.000000, 900.920996, , , , , , , , , , , , , , , , 
#SEGM, 0, , , 303.597006, -143.332998, -0.000000, 902.906117, , , , , , , , , , , , , , , , 
#SEGM, 0, , , 303.731738, -145.314600, 0.000000, 904.892293, , , , , , , , , , , , , , , , 
#SEGM, 0, , , 303.850409, -147.298286, 0.000000, 906.879526, , , , , , , , , , , , , , , , 
#SEGM, 0, , , 303.954112, -149.283869, 0.000000, 908.867815, , , , , , , , , , , , , , , , 
#SEGM, 0, , , 304.043944, -151.271185, -0.000000, 910.857160, , , , , , , , , , , , , , , , 
#SEGM, 0, , , 304.121005, -153.260094, 0.000000, 912.847562, , , , , , , , , , , , , , , , 
#SEGM, 0, , , 304.186399, -155.250478, 0.000000, 914.839019, , , , , , , , , , , , , , , , 
#SEGM, 0, , , 304.241232, -157.242237, -0.000000, 916.831533, , , , , , , , , , , , , , , , 
#SEGM, 0, , , 304.286614, -159.235290, 0.000000, 918.825102, , , , , , , , , , , , , , , , 
#SEGM, 0, , , 304.323657, -161.229571, 0.000000, 920.819728, , , , , , , , , , , , , , , , 
#SEGM, 0, , , 304.353474, -163.225030, -0.000000, 922.815409, , , , , , , , , , , , , , , , 
#SEGM, 0, , , 304.377181, -165.221626, 0.000000, 924.812147, , , , , , , , , , , , , , , , 
#SEGM, 0, , , 304.395897, -167.219332, 0.000000, 926.809940, , , , , , , , , , , , , , , , 
#SEGM, 0, , , 304.410740, -169.218125, 0.000000, 928.808788, , , , , , , , , , , , , , , , 
#SEGM, 0, , , 304.422834, -171.217993, 0.000000, 930.808693, , , , , , , , , , , , , , , , 
#SEGM, 0, , , 304.433300, -173.218926, 0.000000, 932.809653, , , , , , , , , , , , , , , , 
#SEGM, 0, , , 304.443092, -175.220765, 0.000000, 934.811516, , , , , , , , , , , , , , , , 
#SEGM, 0, , , 304.453004, -177.222701, 0.000000, 936.813476, , , , , , , , , , , , , , , , 
#SEGM, 0, , , 304.462916, -179.224636, -0.000000, 938.815436, , , , , , , , , , , , , , , , 
#SEGM, 0, , , 304.472828, -181.226572, 0.000000, 940.817396, , , , , , , , , , , , , , , , 
#SEGM, 0, , , 304.482740, -183.228508, 0.000000, 942.819357, , , , , , , , , , , , , , , , 
#SEGM, 0, , , 304.492652, -185.230443, -0.000000, 944.821317, , , , , , , , , , , , , , , , 
#SEGM, 0, , , 304.502564, -187.232379, 0.000000, 946.823277, , , , , , , , , , , , , , , , 
#SEGM, 0, , , 304.512476, -189.234314, 0.000000, 948.825237, , , , , , , , , , , , , , , , 
#SEGM, 0, , , 304.522546, -191.268188, 0.000000, 950.859135, , , , , , , , , , , , , , , , 
#SEGM, 0, , , 304.532616, -193.302061, 0.000000, 952.893033, , , , , , , , , , , , , , , , 
#SEGM, 0, , , 304.542686, -195.335934, 0.000000, 954.926932, , , , , , , , , , , , , , , , 
#SEGM, 0, , , 304.552756, -197.369808, 0.000000, 956.960830, , , , , , , , , , , , , , , , 
#SEGM, 0, , , 304.562826, -199.403681, 0.000000, 958.994728, , , , , , , , , , , , , , , , 
#SEGM, 0, , , 304.572896, -201.437554, 0.000000, 961.028627, , , , , , , , , , , , , , , , 
#SEGM, 0, , , 304.582966, -203.471428, 0.000000, 963.062525, , , , , , , , , , , , , , , , 
#SEGM, 0, , , 304.593036, -205.505301, 0.000000, 965.096423, , , , , , , , , , , , , , , , 
#SEGM, 0, , , 304.603106, -207.539175, 0.000000, 967.130322, , , , , , , , , , , , , , , , 
#SEGM, 0, , , 304.613176, -209.573048, 0.000000, 969.164220, , , , , , , , , , , , , , , , 
#SEGM, 0, , , 304.623246, -211.606921, 0.000000, 971.198118, , , , , , , , , , , , , , , , 
#SEGM, 0, , , 304.633316, -213.640795, 0.000000, 973.232017, , , , , , , , , , , , , , , , 
#SEGM, 0, , , 304.643386, -215.674668, 0.000000, 975.265915, , , , , , , , , , , , , , , , 
#SEGM, 0, , , 304.653456, -217.708541, 0.000000, 977.299813, , , , , , , , , , , , , , , , 
#SEGM, 0, , , 304.663526, -219.742415, 0.000000, 979.333711, , , , , , , , , , , , , , , , 
#SEGM, 0, , , 304.673597, -221.776288, 0.000000, 981.367610, , , , , , , , , , , , , , , , 
#SEGM, 0, , , 304.683667, -223.810162, 0.000000, 983.401508, , , , , , , , , , , , , , , , 
#SEGM, 0, , , 304.693737, -225.844035, 0.000000, 985.435406, , , , , , , , , , , , , , , , 
#SEGM, 0, , , 304.703807, -227.877908, 0.000000, 987.469305, , , , , , , , , , , , , , , , 
#SEGM, 0, , , 304.713877, -229.911782, 0.000000, 989.503203, , , , , , , , , , , , , , , , 
#SEGM, 0, , , 304.723947, -231.945655, 0.000000, 991.537101, , , , , , , , , , , , , , , , 
#SEGM, 0, , , 304.734017, -233.979529, 0.000000, 993.571000, , , , , , , , , , , , , , , , 
#SEGM, 0, , , 304.744087, -236.013402, 0.000000, 995.604898, , , , , , , , , , , , , , , , 
#SEGM, 0, , , 304.755823, -238.047267, 0.000000, 997.638797, , , , , , , , , , , , , , , , 
#SEGM, 0, , , 304.762368, -240.081158, 0.000000, 999.672698, , , , , , , , , , , , , , , , 
#SEGM, 0, , , 304.711825, -242.115331, 0.000000, 1001.707500, , , , , , , , , , , , , , , , 
#SEGM, 0, , , 304.614744, -244.149735, 0.000000, 1003.744218, , , , , , , , , , , , , , , , 
#SEGM, 0, , , 304.485733, -246.184297, 0.000000, 1005.782867, , , , , , , , , , , , , , , , 
#SEGM, 0, , , 304.339402, -248.218945, 0.000000, 1007.822770, , , , , , , , , , , , , , , , 
#SEGM, 0, , , 304.190359, -250.253606, -0.000000, 1009.862882, , , , , , , , , , , , , , , , 
#SEGM, 0, , , 304.053215, -252.288208, 0.000000, 1011.902102, , , , , , , , , , , , , , , , 
#SEGM, 0, , , 303.942577, -254.322679, 0.000000, 1013.939579, , , , , , , , , , , , , , , , 
#SEGM, 0, , , 303.873056, -256.356947, 0.000000, 1015.975034, , , , , , , , , , , , , , , , 
#SEGM, 0, , , 303.839345, -258.391037, -0.000000, 1018.009403, , , , , , , , , , , , , , , , 
#SEGM, 0, , , 303.771442, -260.425296, 0.000000, 1020.044796, , , , , , , , , , , , , , , , 
#SEGM, 0, , , 303.689203, -262.459627, 0.000000, 1022.080788, , , , , , , , , , , , , , , , 
#SEGM, 0, , , 303.605675, -264.493964, 0.000000, 1024.116838, , , , , , , , , , , , , , , , 
#SEGM, 0, , , 303.522791, -266.528297, 0.000000, 1026.152860, , , , , , , , , , , , , , , , 
#SEGM, 0, , , 303.442404, -268.562618, 0.000000, 1028.188769, , , , , , , , , , , , , , , , 
#SEGM, 0, , , 303.366368, -270.596918, 0.000000, 1030.224489, , , , , , , , , , , , , , , , 
#SEGM, 0, , , 303.296536, -272.631187, 0.000000, 1032.259956, , , , , , , , , , , , , , , , 
#SEGM, 0, , , 303.234760, -274.665416, 0.000000, 1034.295123, , , , , , , , , , , , , , , , 
#SEGM, 0, , , 303.182894, -276.699596, 0.000000, 1036.329964, , , , , , , , , , , , , , , , 
#SEGM, 0, , , 303.142791, -278.733718, 0.000000, 1038.364481, , , , , , , , , , , , , , , , 
#SEGM, 0, , , 303.116304, -280.767772, 0.000000, 1040.398708, , , , , , , , , , , , , , , , 
#SEGM, 0, , , 303.105286, -282.801750, 0.000000, 1042.432716, , , , , , , , , , , , , , , , 
#SEGM, 0, , , 303.110791, -284.835646, -0.000000, 1044.466619, , , , , , , , , , , , , , , , 
#SEGM, 0, , , 303.120861, -286.869520, 0.000000, 1046.500517, , , , , , , , , , , , , , , , 
#SEGM, 0, , , 303.130931, -288.903393, 0.000000, 1048.534416, , , , , , , , , , , , , , , , 
#SEGM, 0, , , 303.141001, -290.937266, 0.000000, 1050.568314, , , , , , , , , , , , , , , , 
#SEGM, 0, , , 303.151072, -292.971140, 0.000000, 1052.602212, , , , , , , , , , , , , , , , 
#SEGM, 0, , , 303.161142, -295.005013, 0.000000, 1054.636111, , , , , , , , , , , , , , , , 
#SEGM, 0, , , 303.171212, -297.038886, 0.000000, 1056.670009, , , , , , , , , , , , , , , , 
#SEGM, 0, , , 303.181282, -299.072760, 0.000000, 1058.703907, , , , , , , , , , , , , , , , 
#SEGM, 0, , , 303.191352, -301.106633, 0.000000, 1060.737806, , , , , , , , , , , , , , , , 
#SEGM, 0, , , 303.201422, -303.140507, 0.000000, 1062.771704, , , , , , , , , , , , , , , , 
#SEGM, 0, , , 303.211492, -305.174380, 0.000000, 1064.805602, , , , , , , , , , , , , , , , 
#SEGM, 0, , , 303.221562, -307.208253, 0.000000, 1066.839500, , , , , , , , , , , , , , , , 
#SEGM, 0, , , 303.231632, -309.242127, 0.000000, 1068.873399, , , , , , , , , , , , , , , , 
#PATH, 0, User Path, 0, , , , , 0.000000, , , , , , , , , , , , , , , 0
#REND, , , , , , , , , CrossingComplex8Course, Animator/3D_Shape_Files/VS_SceneBuilder/Resources/OpenDRIVE/CrossingComplex8Course/CrossingComplex8Course.fbx, -0.000000, -148.642558, -835.507701, 0.000000, 0, , , , , , , , 
#, , , , , , , , , , , , , , , , , , , , , , , 
#ENDTABLE

! Table Columns:
!   NOTE: Label columns are not written to parsfile.
!
! 0: (Ring) Choose Yes to set a custom Path ID
! 1: (Text) Path ID (if active; ignored otherwise)  Specify an integer 999 or greater to identify this reference path. If a path already exists with this ID, then information from this dataset will override the properties of the existing path. If not, a new one will be added to the model.
! 2: (Text) Path Description
! 3: (Text) Starting Station for path
! 4: (Text) Ending Station for path (calculated)
! 5: (Text) Path Length (calculated)
! 6: (Text) Start X location (Global Coordinates)
! 7: (Text) Start Y location (Global Coordinates)
! 8: (Ring) Choose Yes to set path as looped.
#MIXTABLE1
#NUMROWS 1
#No, 1000, User Path, 0, 1068.873, 1068.873, 309.604, -460.212, No
#ENDTABLE

#EMBEDDED_NOTES
#This dataset was imported from the file OpenDRIVEexample.vsscene, exported from the VS Scene Builder. (See the folder Scene_import\Scene_Builder.)
#
#The CrossingComplex8Course.xodr file is available on the OpenDRIVE website in the downloads section. The xodr file was modified to reduce z fighting between different mesh materials. Lane markings were improved as well.
#END_EMBEDDED_NOTES

LOG_ENTRY Used Dataset: Scene: External Import; { VS Scene Builder } OpenDRIVE Scene Import
#Library : Scene: External Import
#DataSet : OpenDRIVE Scene Import
#Category: VS Scene Builder
#FileID  : SceneImp_f53c92d2-ce6d-441b-afea-383dcc4b2027
#Product : TruckSim 2020.1
#VehCode VS Terrain Scene

END
