PARSFILE
#FullDataName Powertrain: Engine`1.5L, 43 kW  Engine`43 kW - 125 kW Engines
#RingCtrl0 CARPET
#CheckBox0 1    
OPT_THROTTLE_DELAY 1

*3D_XLabel Throttle (-)
*3D_YLabel Engine speed (rpm)
*3D_ZLabel Engine torque (N-m)

#DiagramTwo0
*3D_DATA 11, 61 ! columns x rows
MENGINE_CARPET 2D_LINEAR
0, 0, 0.1, 0.2, 0.3, 0.4, 0.5, 0.6, 0.7, 0.8, 0.9, 1
999.81, 0, 7.733, 15.466, 23.199, 30.932, 38.665, 46.398, 54.131, 61.864, 69.597, 77.33
1050.4, 0, 7.82, 15.64, 23.46, 31.28, 39.1, 46.92, 54.74, 62.56, 70.38, 78.2
1100.1, 0, 7.907, 15.814, 23.721, 31.628, 39.535, 47.442, 55.349, 63.256, 71.163, 79.07
1149.7, 0, 7.994, 15.988, 23.982, 31.976, 39.97, 47.964, 55.958, 63.952, 71.946, 79.94
1200.3, 0, 8.081, 16.162, 24.243, 32.324, 40.405, 48.486, 56.567, 64.648, 72.729, 80.81
1250, 0, 8.168, 16.336, 24.504, 32.672, 40.84, 49.008, 57.176, 65.344, 73.512, 81.68
1299.7, 0, 8.235, 16.47, 24.705, 32.94, 41.175, 49.41, 57.645, 65.88, 74.115, 82.35
1350.3, 0, 8.285, 16.57, 24.855, 33.14, 41.425, 49.71, 57.995, 66.28, 74.565, 82.85
1399.9, 0, 8.335, 16.67, 25.005, 33.34, 41.675, 50.01, 58.345, 66.68, 75.015, 83.35
1449.6, 0, 8.385, 16.77, 25.155, 33.54, 41.925, 50.31, 58.695, 67.08, 75.465, 83.85
1500.2, 0, 8.435, 16.87, 25.305, 33.74, 42.175, 50.61, 59.045, 67.48, 75.915, 84.35
1549.9, 0, 8.483, 16.966, 25.449, 33.932, 42.415, 50.898, 59.381, 67.864, 76.347, 84.83
1600.5, 0, 8.52, 17.04, 25.56, 34.08, 42.6, 51.12, 59.64, 68.16, 76.68, 85.2
1650.1, 0, 8.558, 17.116, 25.674, 34.232, 42.79, 51.348, 59.906, 68.464, 77.022, 85.58
1699.8, 0, 8.595, 17.19, 25.785, 34.38, 42.975, 51.57, 60.165, 68.76, 77.355, 85.95
1750.4, 0, 8.632, 17.264, 25.896, 34.528, 43.16, 51.792, 60.424, 69.056, 77.688, 86.32
1800, 0, 8.67, 17.34, 26.01, 34.68, 43.35, 52.02, 60.69, 69.36, 78.03, 86.7
1849.7, 0, 8.713, 17.426, 26.139, 34.852, 43.565, 52.278, 60.991, 69.704, 78.417, 87.13
1900.3, 0, 8.76, 17.52, 26.28, 35.04, 43.8, 52.56, 61.32, 70.08, 78.84, 87.6
1950, 0, 8.808, 17.616, 26.424, 35.232, 44.04, 52.848, 61.656, 70.464, 79.272, 88.08
1999.6, 0, 8.855, 17.71, 26.565, 35.42, 44.275, 53.13, 61.985, 70.84, 79.695, 88.55
2050.2, 0, 8.902, 17.804, 26.706, 35.608, 44.51, 53.412, 62.314, 71.216, 80.118, 89.02
2099.9, 0, 8.947, 17.894, 26.841, 35.788, 44.735, 53.682, 62.629, 71.576, 80.523, 89.47
2149.5, 0, 8.979, 17.958, 26.937, 35.916, 44.895, 53.874, 62.853, 71.832, 80.811, 89.79
2200.2, 0, 9.011, 18.022, 27.033, 36.044, 45.055, 54.066, 63.077, 72.088, 81.099, 90.11
2249.8, 0, 9.043, 18.086, 27.129, 36.172, 45.215, 54.258, 63.301, 72.344, 81.387, 90.43
2300.4, 0, 9.076, 18.152, 27.228, 36.304, 45.38, 54.456, 63.532, 72.608, 81.684, 90.76
2350.1, 0, 9.108, 18.216, 27.324, 36.432, 45.54, 54.648, 63.756, 72.864, 81.972, 91.08
2399.7, 0, 9.14, 18.28, 27.42, 36.56, 45.7, 54.84, 63.98, 73.12, 82.26, 91.4
2450.3, 0, 9.173, 18.346, 27.519, 36.692, 45.865, 55.038, 64.211, 73.384, 82.557, 91.73
2500, 0, 9.205, 18.41, 27.615, 36.82, 46.025, 55.23, 64.435, 73.64, 82.845, 92.05
2549.7, 0, 9.238, 18.476, 27.714, 36.952, 46.19, 55.428, 64.666, 73.904, 83.142, 92.38
2600.3, 0, 9.27, 18.54, 27.81, 37.08, 46.35, 55.62, 64.89, 74.16, 83.43, 92.7
2649.9, 0, 9.303, 18.606, 27.909, 37.212, 46.515, 55.818, 65.121, 74.424, 83.727, 93.03
2699.6, 0, 9.335, 18.67, 28.005, 37.34, 46.675, 56.01, 65.345, 74.68, 84.015, 93.35
2750.2, 0, 9.367, 18.734, 28.101, 37.468, 46.835, 56.202, 65.569, 74.936, 84.303, 93.67
2799.9, 0, 9.399, 18.798, 28.197, 37.596, 46.995, 56.394, 65.793, 75.192, 84.591, 93.99
2850.5, 0, 9.432, 18.864, 28.296, 37.728, 47.16, 56.592, 66.024, 75.456, 84.888, 94.32
2900.1, 0, 9.464, 18.928, 28.392, 37.856, 47.32, 56.784, 66.248, 75.712, 85.176, 94.64
2949.8, 0, 9.496, 18.992, 28.488, 37.984, 47.48, 56.976, 66.472, 75.968, 85.464, 94.96
3000.4, 0, 9.529, 19.058, 28.587, 38.116, 47.645, 57.174, 66.703, 76.232, 85.761, 95.29
3050, 0, 9.561, 19.122, 28.683, 38.244, 47.805, 57.366, 66.927, 76.488, 86.049, 95.61
3099.7, 0, 9.593, 19.186, 28.779, 38.372, 47.965, 57.558, 67.151, 76.744, 86.337, 95.93
3150.3, 0, 9.626, 19.252, 28.878, 38.504, 48.13, 57.756, 67.382, 77.008, 86.634, 96.26
3200, 0, 9.658, 19.316, 28.974, 38.632, 48.29, 57.948, 67.606, 77.264, 86.922, 96.58
3249.6, 0, 9.69, 19.38, 29.07, 38.76, 48.45, 58.14, 67.83, 77.52, 87.21, 96.9
3300.2, 0, 9.722, 19.444, 29.166, 38.888, 48.61, 58.332, 68.054, 77.776, 87.498, 97.22
3349.9, 0, 9.755, 19.51, 29.265, 39.02, 48.775, 58.53, 68.285, 78.04, 87.795, 97.55
3399.5, 0, 9.787, 19.574, 29.361, 39.148, 48.935, 58.722, 68.509, 78.296, 88.083, 97.87
3450.2, 0, 9.819, 19.638, 29.457, 39.276, 49.095, 58.914, 68.733, 78.552, 88.371, 98.19
3499.8, 0, 9.852, 19.704, 29.556, 39.408, 49.26, 59.112, 68.964, 78.816, 88.668, 98.52
3550.4, 0, 9.884, 19.768, 29.652, 39.536, 49.42, 59.304, 69.188, 79.072, 88.956, 98.84
3600.1, 0, 9.917, 19.834, 29.751, 39.668, 49.585, 59.502, 69.419, 79.336, 89.253, 99.17
3649.7, 0, 9.949, 19.898, 29.847, 39.796, 49.745, 59.694, 69.643, 79.592, 89.541, 99.49
3700.4, 0, 9.981, 19.962, 29.943, 39.924, 49.905, 59.886, 69.867, 79.848, 89.829, 99.81
3750, 0, 10.02, 20.04, 30.06, 40.08, 50.1, 60.12, 70.14, 80.16, 90.18, 100.2
3799.7, 0, 10.05, 20.1, 30.15, 40.2, 50.25, 60.3, 70.35, 80.4, 90.45, 100.5
3850.3, 0, 10.09, 20.18, 30.27, 40.36, 50.45, 60.54, 70.63, 80.72, 90.81, 100.9
3899.9, 0, 10.13, 20.26, 30.39, 40.52, 50.65, 60.78, 70.91, 81.04, 91.17, 101.3
3949.6, 0, 10.17, 20.34, 30.51, 40.68, 50.85, 61.02, 71.19, 81.36, 91.53, 101.7
4000.2, 0, 10.2, 20.4, 30.6, 40.8, 51, 61.2, 71.4, 81.6, 91.8, 102
ENDTABLE

#RadioCtrl0 0    
#RadioCtrl1 0    

PARSFILE Powertrain\Fuel_Rate\FuelRate_6b84fda9-4413-4332-b104-4845f9a1cf1f.par
#BlueLink0 Powertrain: Fuel Consumption Rate`1.5L, 43 kW Gasoline Engine` ` , Fuel Rate`FuelRate_6b84fda9-4413-4332-b104-4845f9a1cf1f

TC_TH_APP 0.05
TC_TH_RELEASE 0.1
AV_ENG_IDLE 1000
IENG 0.18

LOG_ENTRY Used Dataset: Powertrain: Engine; { 43 kW - 125 kW Engines } 1.5L, 43 kW  Engine
#Library : Powertrain: Engine
#DataSet : 1.5L, 43 kW  Engine
#Category: 43 kW - 125 kW Engines
#FileID  : Engine_e10a2855-e13c-4e65-bf71-c813ed38a5fb
#Product : TruckSim 2020.1
#VehCode 2D Table 

END
