PARSFILE
#FullDataName Powertrain: Engine`300 kW Diesel (2100 RPM)`Engines: 251 kW to 350 kW
#RingCtrl0 CARPET
#CheckBox0 0    
OPT_THROTTLE_DELAY 0

*3D_XLabel Throttle (-)
*3D_YLabel Engine speed (rpm)
*3D_ZLabel Engine torque (N-m)

#DiagramTwo0
*3D_DATA 11, 17 ! columns x rows
MENGINE_CARPET 2D_LINEAR
0, 0, 0.1, 0.2, 0.3, 0.4, 0.5, 0.6, 0.7, 0.8, 0.9, 1
400, 0, 0, 0, 0, 0, 0, 0, 0, 0, 0, 0
401, 0, 0, 0, 0, 0, 0, 0, 0, 0, 0, 0
500, 800, 800, 800, 800, 800, 800, 800, 800, 800, 800, 800
800, 0, 68.2, 181.8, 318.2, 454.5, 545.5, 681.8, 818.2, 954.5, 1068.2, 1181.8
1100, -45.5, 107, 259.5, 411.9, 564.4, 716.8, 869.3, 1021.7, 1174.2, 1326.6, 1479.1
1200, -54.5, 109.1, 272.7, 436.4, 600, 763.6, 927.3, 1090.9, 1254.5, 1418.2, 1581.8
1300, -63.6, 110.4, 284.4, 458.4, 632.4, 806.4, 980.4, 1154.4, 1328.4, 1502.4, 1676.4
1400, -72.7, 107.1, 286.9, 466.7, 646.5, 826.4, 1006.2, 1186, 1365.8, 1545.6, 1725.5
1500, -81.8, 98.9, 279.6, 460.4, 641.1, 821.8, 1002.5, 1183.3, 1364, 1544.7, 1725.5
1600, -90.9, 85.2, 261.3, 437.4, 613.5, 789.5, 965.6, 1141.7, 1317.8, 1493.9, 1670
1700, -100, 71.5, 242.9, 414.4, 585.8, 757.3, 928.7, 1100.2, 1271.6, 1443.1, 1614.5
1800, -109.1, 57.2, 223.5, 389.7, 556, 722.3, 888.5, 1054.8, 1221.1, 1387.4, 1553.6
1900, -118.2, 42.8, 203.8, 364.8, 525.8, 686.8, 847.8, 1008.8, 1169.8, 1330.8, 1491.8
2000, -127.3, 28.3, 183.8, 339.4, 494.9, 650.5, 806, 961.5, 1117.1, 1272.6, 1428.2
2100, -136.4, 13.7, 163.8, 313.9, 464, 614.1, 764.2, 914.3, 1064.4, 1214.5, 1364.5
2150, -136.4, -136.4, -136.4, -136.4, -136.4, -136.4, -136.4, -136.4, -136.4, -136.4, -136.4
2200, -181.8, -181.8, -181.8, -181.8, -181.8, -181.8, -181.8, -181.8, -181.8, -181.8, -181.8
ENDTABLE

#RadioCtrl0 0    
#RadioCtrl1 0    

AV_ENG_IDLE 800
IENG 2.75

LOG_ENTRY Used Dataset: Powertrain: Engine; { Engines: 251 kW to 350 kW } 300 kW Diesel (2100 RPM)
#Library : Powertrain: Engine
#DataSet : 300 kW Diesel (2100 RPM)
#Category: Engines: 251 kW to 350 kW
#FileID  : Engine_26a4e6b6-5de0-460b-9047-75be5e6b4083
#Product : TruckSim 2020.1
#VehCode 2D Table 

END
