PARSFILE
#FullDataName Powertrain: Engine`225 kW Diesel (2100 RPM)`Engines: 150 kW to 250 kW
#RingCtrl0 CARPET
#CheckBox0 0    
OPT_THROTTLE_DELAY 0

*3D_XLabel Throttle (-)
*3D_YLabel Engine speed (rpm)
*3D_ZLabel Engine torque (N-m)

#DiagramTwo0
*3D_DATA 11, 17 ! columns x rows
MENGINE_CARPET 2D_LINEAR
0, 0, 0.1, 0.2, 0.3, 0.4, 0.5, 0.6, 0.7, 0.8, 0.9, 1
400, 0, 0, 0, 0, 0, 0, 0, 0, 0, 0, 0
401, 0, 0, 0, 0, 0, 0, 0, 0, 0, 0, 0
500, 500, 500, 500, 500, 500, 500, 500, 500, 500, 500, 500
800, 0, 51.1, 136.4, 238.6, 340.9, 409.1, 511.4, 613.6, 715.9, 801.1, 886.4
1100, -34.1, 80.3, 194.6, 308.9, 423.3, 537.6, 652, 766.3, 880.6, 995, 1109.3
1200, -40.9, 81.8, 204.5, 327.3, 450, 572.7, 695.5, 818.2, 940.9, 1063.6, 1186.4
1300, -47.7, 82.8, 213.3, 343.8, 474.3, 604.8, 735.3, 865.8, 996.3, 1126.8, 1257.3
1400, -54.5, 80.3, 215.2, 350, 484.9, 619.8, 754.6, 889.5, 1024.4, 1159.2, 1294.1
1500, -61.4, 74.2, 209.7, 345.3, 480.8, 616.4, 751.9, 887.5, 1023, 1158.5, 1294.1
1600, -68.2, 63.9, 196, 328, 460.1, 592.2, 724.2, 856.3, 988.4, 1120.4, 1252.5
1700, -75, 53.6, 182.2, 310.8, 439.4, 568, 696.5, 825.1, 953.7, 1082.3, 1210.9
1800, -81.8, 42.9, 167.6, 292.3, 417, 541.7, 666.4, 791.1, 915.8, 1040.5, 1165.2
1900, -88.6, 32.1, 152.9, 273.6, 394.4, 515.1, 635.9, 756.6, 877.4, 998.1, 1118.9
2000, -95.5, 21.2, 137.9, 254.5, 371.2, 487.8, 604.5, 721.2, 837.8, 954.5, 1071.1
2100, -102.3, 10.3, 122.9, 235.4, 348, 460.6, 573.1, 685.7, 798.3, 910.8, 1023.4
2150, -102.3, -102.3, -102.3, -102.3, -102.3, -102.3, -102.3, -102.3, -102.3, -102.3, -102.3
2200, -136.4, -136.4, -136.4, -136.4, -136.4, -136.4, -136.4, -136.4, -136.4, -136.4, -136.4
ENDTABLE

#RadioCtrl0 0    
#RadioCtrl1 0    

AV_ENG_IDLE 800
IENG 2.1

LOG_ENTRY Used Dataset: Powertrain: Engine; { Engines: 150 kW to 250 kW } 225 kW Diesel (2100 RPM)
#Library : Powertrain: Engine
#DataSet : 225 kW Diesel (2100 RPM)
#Category: Engines: 150 kW to 250 kW
#FileID  : Engine_0714d4c0-fb31-42e9-b4ff-21a0f9df803c
#Product : TruckSim 2020.1
#VehCode 2D Table 

END
