PARSFILE
#FullDataName Powertrain: Engine`175 kW Diesel (3000 RPM)`Engines: 150 kW to 250 kW
#RingCtrl0 CARPET
#CheckBox0 0    
OPT_THROTTLE_DELAY 0

*3D_XLabel Throttle (-)
*3D_YLabel Engine speed (rpm)
*3D_ZLabel Engine torque (N-m)

#DiagramTwo0
*3D_DATA 11, 17 ! columns x rows
MENGINE_CARPET 2D_LINEAR
0, 0, 0.1, 0.2, 0.3, 0.4, 0.5, 0.6, 0.7, 0.8, 0.9, 1
400, 0, 0, 0, 0, 0, 0, 0, 0, 0, 0, 0
401, 0, 0, 0, 0, 0, 0, 0, 0, 0, 0, 0
500, 250, 250, 250, 250, 250, 250, 250, 250, 250, 250, 250
800, 0, 27.8, 74.2, 129.9, 185.6, 222.7, 278.4, 334.1, 389.8, 436.2, 482.6
1000, -18.6, 43.7, 105.9, 168.2, 230.4, 292.7, 355, 417.2, 479.5, 541.7, 604
1200, -22.3, 44.5, 111.4, 178.2, 245, 311.8, 378.6, 445.5, 512.3, 579.1, 645.9
1400, -26, 45.1, 116.1, 187.2, 258.2, 329.3, 400.3, 471.4, 542.4, 613.5, 684.5
1600, -29.7, 43.7, 117.2, 190.6, 264, 337.4, 410.9, 484.3, 557.7, 631.1, 704.6
1800, -33.4, 40.4, 114.2, 188, 261.8, 335.6, 409.4, 483.2, 557, 630.8, 704.6
2000, -37.1, 34.8, 106.7, 178.6, 250.5, 322.4, 394.3, 466.2, 538.1, 610, 681.9
2200, -40.8, 29.2, 99.2, 169.2, 239.2, 309.2, 379.2, 449.2, 519.3, 589.3, 659.3
2400, -44.5, 23.3, 91.2, 159.1, 227, 294.9, 362.8, 430.7, 498.6, 566.5, 634.4
2600, -48.3, 17.5, 83.2, 149, 214.7, 280.5, 346.2, 411.9, 477.7, 543.4, 609.2
2800, -52, 11.5, 75.1, 138.6, 202.1, 265.6, 329.1, 392.6, 456.1, 519.7, 583.2
3000, -55.7, 5.6, 66.9, 128.2, 189.5, 250.8, 312, 373.3, 434.6, 495.9, 557.2
3100, -55.7, -55.7, -55.7, -55.7, -55.7, -55.7, -55.7, -55.7, -55.7, -55.7, -55.7
3150, -74.2, -74.2, -74.2, -74.2, -74.2, -74.2, -74.2, -74.2, -74.2, -74.2, -74.2
ENDTABLE

#RadioCtrl0 0    
#RadioCtrl1 0    

AV_ENG_IDLE 725
IENG 1.4

LOG_ENTRY Used Dataset: Powertrain: Engine; { Engines: 150 kW to 250 kW } 175 kW Diesel (3000 RPM)
#Library : Powertrain: Engine
#DataSet : 175 kW Diesel (3000 RPM)
#Category: Engines: 150 kW to 250 kW
#FileID  : Engine_4d7c19a5-3ab3-48fc-b2f2-501b877e1321
#Product : TruckSim 2020.1
#VehCode 2D Table 

END
