PARSFILE
#FullDataName Powertrain: Engine`32 kW Engine`
#RingCtrl0 CARPET
#CheckBox0 1    
OPT_THROTTLE_DELAY 1

*3D_XLabel Throttle (-)
*3D_YLabel Engine speed (rpm)
*3D_ZLabel Engine torque (N-m)

#DiagramTwo0
*3D_DATA 22, 16 ! columns x rows
MENGINE_CARPET 2D_LINEAR
0, 0, 0.00098, 0.0022, 0.0039, 0.0061, 0.0088, 0.012, 0.016, 0.024, 0.035, 0.048, 0.071, 0.098, 0.13, 0.18, 0.23, 0.3, 0.39, 0.52, 0.66, 0.82, 1
508, -1.7099, 1.4168, 5.0266, 8.3318, 11.075, 13.301, 15.099, 16.581, 18.67, 19.716, 20.11, 20.354, 20.519, 20.639, 20.752, 20.832, 20.867, 20.89, 20.906, 20.916, 20.921, 20.916
596, -3.3267, -0.31634, 3.6703, 7.9795, 12.028, 15.535, 18.425, 20.744, 24.059, 26.223, 27.708, 29.07, 29.589, 29.764, 29.891, 29.967, 30.013, 30.043, 30.057, 30.061, 30.062, 30.061
860, -4.85, -3.4735, -1.5911, 1.2889, 4.9004, 9.2728, 14.011, 18.519, 25.92, 31.029, 34.439, 37.584, 39.413, 40.54, 41.387, 41.829, 42.062, 42.224, 42.314, 42.337, 42.332, 42.315
1300, -5.5606, -4.7937, -3.9451, -2.5289, -0.5629, 1.8561, 4.684, 7.9211, 15.865, 24.168, 30.917, 37.844, 41.98, 44.461, 46.36, 47.424, 48.067, 48.578, 48.98, 49.229, 49.412, 49.553
1740, -5.9874, -5.5028, -4.8959, -4.0014, -2.6936, -1.015, 0.9789, 3.2793, 8.7723, 15.592, 23.341, 33.371, 40.407, 45.021, 48.789, 51.007, 52.351, 53.273, 53.798, 54.013, 54.104, 54.138
2180, -6.4971, -6.1404, -5.6641, -5.0222, -4.0761, -2.8132, -1.2707, 0.50982, 4.7527, 9.9184, 16.129, 26.921, 36.122, 42.632, 48.061, 51.165, 52.969, 54.24, 55.029, 55.398, 55.549, 55.6
2620, -7.1433, -6.8629, -6.4792, -5.979, -5.241, -4.245, -3.0075, -1.5561, 1.9364, 6.1587, 11.19, 20.329, 30.452, 38.708, 46.251, 50.825, 53.547, 55.455, 56.587, 57.098, 57.309, 57.381
3060, -7.8102, -7.5713, -7.2301, -6.821, -6.2171, -5.3994, -4.3767, -3.1724, -0.265, 3.2927, 7.4729, 15.095, 24.3, 34.087, 44.331, 51.144, 55.439, 58.578, 60.502, 61.395, 61.775, 61.908
3500, -8.5108, -8.3058, -7.9963, -7.6517, -7.1423, -6.449, -5.5757, -4.5409, -2.0388, 1.0305, 4.6584, 11.225, 19.151, 28.38, 39.884, 48.276, 53.88, 58.167, 60.906, 62.218, 62.793, 63
3940, -9.2271, -9.0547, -8.7838, -8.4854, -8.0456, -7.4461, -6.6881, -5.784, -3.5829, -0.8751, 2.342, 8.1401, 15.162, 23.368, 34.589, 43.288, 49.325, 54.055, 57.119, 58.588, 59.226, 59.448
4380, -10.02, -9.8682, -9.6252, -9.3649, -8.9838, -8.4647, -7.811, -7.0296, -5.1226, -2.7647, 0.054898, 5.1638, 11.398, 18.671, 29.806, 39.752, 47.078, 53.025, 56.982, 58.913, 59.771, 60.089
4820, -10.865, -10.728, -10.508, -10.282, -9.9532, -9.5025, -8.9304, -8.244, -6.5609, -4.4738, -1.9772, 2.575, 8.1724, 14.686, 24.812, 35.363, 43.708, 50.817, 55.739, 58.216, 59.343, 59.772
5260, -11.744, -11.632, -11.456, -11.257, -10.96, -10.551, -10.032, -9.4116, -7.897, -6.024, -3.7859, 0.3026, 5.3541, 11.248, 20.365, 30.644, 39.472, 47.318, 52.919, 55.808, 57.144, 57.658
5700, -12.72, -12.61, -12.459, -12.235, -11.99, -11.632, -11.158, -10.593, -9.2118, -7.5029, -5.4619, -1.7337, 2.8658, 8.2565, 16.569, 26.203, 35.033, 43.108, 48.971, 52.045, 53.494, 54.06
6140, -13.782, -13.685, -13.542, -13.33, -13.098, -12.771, -12.334, -11.813, -10.536, -8.9631, -7.085, -3.6581, 0.55991, 5.5114, 13.132, 22.01, 30.41, 38.215, 43.928, 46.923, 48.33, 48.886
6580, -14.946, -14.853, -14.712, -14.524, -14.305, -13.979, -13.572, -13.083, -11.905, -10.447, -8.7055, -5.5284, -1.6205, 2.964, 9.9945, 18.163, 25.922, 33.148, 38.46, 41.25, 42.56, 43.061
ENDTABLE

#RadioCtrl0 0    
#RadioCtrl1 0    

TC_TH_APP 0.05
TC_TH_RELEASE 0.1
AV_ENG_IDLE 1000
IENG 0.18

#EMBEDDED_NOTES
#This dataset is intended to represent a small gasoline engine with maximum torque of 63 N-m at 3500 rpm and maximum power of 32 kW at 5700 rpm.
#END_EMBEDDED_NOTES

LOG_ENTRY Used Dataset: Powertrain: Engine; 32 kW Engine
#Library : Powertrain: Engine
#DataSet : 32 kW Engine
#Category: 
#FileID  : Engine_77adf19b-dab4-49fb-83c8-b6b68758a17e
#Product : TruckSim 2020.1
#VehCode 2D Table 

END
