PARSFILE
#FullDataName Powertrain: Engine`200 kW Engine (6100 RPM)`Engines: 150 kW to 250 kW
#RingCtrl0 CARPET
#CheckBox0 0    
OPT_THROTTLE_DELAY 0

*3D_XLabel Throttle (-)
*3D_YLabel Engine speed (rpm)
*3D_ZLabel Engine torque (N-m)

#DiagramTwo0
*3D_DATA 10, 22 ! columns x rows
MENGINE_CARPET 2D_LINEAR
0, 0, 0.1, 0.15, 0.2, 0.35, 0.5, 0.7, 0.85, 0.95, 1
0, 0, 0, 0, 0, 0, 0, 0, 0, 0, 0
400, 0, 0, 0, 0, 0, 0, 0, 0, 0, 0
508, 33, 101.48, 135.16, 137.91, 139.47, 140.24, 140.51, 140.57, 140.61, 140.57
617, 39.6, 123.83, 186.22, 198.86, 200.89, 201.71, 202, 202.03, 202.03, 202.03
725, 0, 116.94, 196.72, 214.19, 218.83, 220.51, 221.13, 221.18, 221.17, 221.15
1083, -13.2, 94.17, 231.45, 264.88, 278.15, 282.69, 284.38, 284.54, 284.5, 284.38
1442, -19.8, 62.82, 223.08, 277.2, 294.86, 302.87, 306.78, 307.69, 308.29, 314.16
1800, -22.44, 34.32, 198, 282.13, 311.58, 323.05, 329.18, 330.85, 332.08, 340.56
2158, -26.89, 13.2, 156.87, 271.56, 316.8, 343.2, 347.16, 351.12, 355.08, 363.84
2517, -33.76, -8.54, 108.4, 242.77, 319.44, 355.99, 365.64, 372.32, 376.2, 382.8
2875, -40.18, -20.21, 75.21, 204.67, 310.83, 359.87, 380.3, 385.44, 393.36, 399.96
3233, -45.85, -29.41, 50.22, 163.32, 297.93, 356.4, 382.8, 393.36, 401.28, 409.2
3592, -51.42, -37.47, 31.31, 128.71, 268.05, 345.84, 384.12, 396, 405.24, 413.16
3950, -57.02, -44.95, 15.74, 101.9, 232.47, 331.5, 380.16, 394.68, 403.92, 409.2
4308, -62.94, -52.5, 0.37, 76.6, 200.32, 316.39, 373.56, 386.76, 396, 403.84
4667, -69.1, -60.01, -13.29, 54.92, 166.75, 293.75, 363, 376.2, 389.4, 396
5025, -75.65, -67.43, -25.45, 35.99, 136.87, 265.28, 349.8, 363, 376.2, 382.8
5383, -82.23, -74.99, -36.71, 19.26, 111.36, 235.45, 329.12, 341.88, 359.52, 363.32
5742, -89.59, -82.89, -47.62, 3.76, 88.26, 204.37, 295.22, 315.36, 324.81, 328.55
6100, -97.61, -91.21, -58.51, -10.89, 67.17, 174.21, 258.48, 277.23, 286.03, 289.4
6500, -106.92, -106.92, -106.92, -106.92, -106.92, -106.92, -106.92, -106.92, -106.92, -106.92
6700, -108.24, -108.24, -108.24, -108.24, -108.24, -108.24, -108.24, -108.24, -108.24, -108.24
ENDTABLE

#RadioCtrl0 0    
#RadioCtrl1 0    

AV_ENG_IDLE 725
IENG 0.3

LOG_ENTRY Used Dataset: Powertrain: Engine; { Engines: 150 kW to 250 kW } 200 kW Engine (6100 RPM)
#Library : Powertrain: Engine
#DataSet : 200 kW Engine (6100 RPM)
#Category: Engines: 150 kW to 250 kW
#FileID  : Engine_b540bced-0ccf-4fcd-8b29-09c9de6540a4
#Product : TruckSim 2020.1
#VehCode 2D Table 

END
