PARSFILE
#FullDataName Powertrain: Engine`190 kW Diesel (2100 RPM)`Engines: 150 kW to 250 kW
#RingCtrl0 CARPET
#CheckBox0 0    
OPT_THROTTLE_DELAY 0

*3D_XLabel Throttle (-)
*3D_YLabel Engine speed (rpm)
*3D_ZLabel Engine torque (N-m)

#DiagramTwo0
*3D_DATA 11, 17 ! columns x rows
MENGINE_CARPET 2D_LINEAR
0, 0, 0.1, 0.2, 0.3, 0.4, 0.5, 0.6, 0.7, 0.8, 0.9, 1
400, 0, 0, 0, 0, 0, 0, 0, 0, 0, 0, 0
401, 0, 0, 0, 0, 0, 0, 0, 0, 0, 0, 0
500, 360, 360, 360, 360, 360, 360, 360, 360, 360, 360, 360
800, 0, 36.792, 98.208, 171.792, 245.448, 294.552, 368.208, 441.792, 515.448, 576.792, 638.208
1100, -24.552, 57.816, 140.112, 222.408, 304.776, 387.072, 469.44, 551.736, 634.032, 716.4, 798.696
1200, -29.448, 58.896, 147.24, 235.656, 324, 412.344, 500.76, 589.104, 677.448, 765.792, 854.208
1300, -34.344, 59.616, 153.576, 247.536, 341.496, 435.456, 529.416, 623.376, 717.336, 811.296, 905.256
1400, -39.24, 57.816, 154.944, 252, 349.128, 446.256, 543.312, 640.44, 737.568, 834.624, 931.752
1500, -44.208, 53.424, 150.984, 248.616, 346.176, 443.808, 541.368, 639, 736.56, 834.12, 931.752
1600, -49.104, 46.008, 141.12, 236.16, 331.272, 426.384, 521.424, 616.536, 711.648, 806.688, 901.8
1700, -54, 38.592, 131.184, 223.776, 316.368, 408.96, 501.48, 594.072, 686.664, 779.256, 871.848
1800, -58.896, 30.888, 120.672, 210.456, 300.24, 390.024, 479.808, 569.592, 659.376, 749.16, 838.944
1900, -63.792, 23.112, 110.088, 196.992, 283.968, 370.872, 457.848, 544.752, 631.728, 718.632, 805.608
2000, -68.76, 15.264, 99.288, 183.24, 267.264, 351.216, 435.24, 519.264, 603.216, 687.24, 771.192
2100, -73.656, 7.416, 88.488, 169.488, 250.56, 331.632, 412.632, 493.704, 574.776, 655.776, 736.848
2150, -73.656, -73.656, -73.656, -73.656, -73.656, -73.656, -73.656, -73.656, -73.656, -73.656, -73.656
2200, -98.208, -98.208, -98.208, -98.208, -98.208, -98.208, -98.208, -98.208, -98.208, -98.208, -98.208
ENDTABLE

#RadioCtrl0 0    
#RadioCtrl1 0    

AV_ENG_IDLE 800
IENG 1.7

LOG_ENTRY Used Dataset: Powertrain: Engine; { Engines: 150 kW to 250 kW } 190 kW Diesel (2100 RPM)
#Library : Powertrain: Engine
#DataSet : 190 kW Diesel (2100 RPM)
#Category: Engines: 150 kW to 250 kW
#FileID  : Engine_4c6ac522-09b5-4933-8592-071b82f10d8e
#Product : TruckSim 2020.1
#VehCode 2D Table 

END
