PARSFILE
#FullDataName Powertrain: Engine`270 kW Diesel (4000 RPM)`Engines: 251 kW to 350 kW
#RingCtrl0 CARPET
#CheckBox0 0    
OPT_THROTTLE_DELAY 0

*3D_XLabel Throttle (-)
*3D_YLabel Engine speed (rpm)
*3D_ZLabel Engine torque (N-m)

#DiagramTwo0
*3D_DATA 10, 23 ! columns x rows
MENGINE_CARPET 2D_LINEAR
0, 0, 0.1, 0.15, 0.2, 0.35, 0.5, 0.7, 0.85, 0.95, 1
0, 0, 0, 0, 0, 0, 0, 0, 0, 0, 0
350, 0, 0, 0, 0, 0, 0, 0, 0, 0, 0
400, 5, 15, 20, 30, 40, 60, 75, 90, 98, 100
500, 25, 30, 40, 60, 80, 120, 150, 180, 196, 200
600, 10, 45, 60, 90, 120, 180, 225, 270, 294, 300
800, -15, 59.25, 79, 118.5, 158, 237, 296.25, 355.5, 387.1, 395
1000, -25, 75, 100, 150, 200, 300, 375, 450, 490, 500
1200, -40, 97.5, 130, 195, 260, 390, 487.5, 585, 637, 650
1400, -50, 108.75, 145, 217.5, 290, 435, 543.75, 652.5, 710.5, 725
1600, -65, 123.75, 165, 247.5, 330, 495, 618.75, 742.5, 808.5, 825
1800, -90, 135, 180, 270, 360, 540, 675, 810, 882, 900
2000, -105, 133.5, 178, 267, 356, 534, 667.5, 801, 872.2, 890
2200, -125, 133.2, 177.6, 266.4, 355.2, 532.8, 666, 799.2, 870.24, 888
2400, -150, 131.25, 175, 262.5, 350, 525, 656.25, 787.5, 857.5, 875
2600, -170, 127.5, 170, 255, 340, 510, 637.5, 765, 833, 850
2800, -190, 126, 168, 252, 336, 504, 630, 756, 823.2, 840
3000, -210, 124.5, 166, 249, 332, 498, 622.5, 747, 813.4, 830
3200, -225, 120, 160, 240, 320, 480, 600, 720, 784, 800
3400, -230, 105, 140, 210, 280, 420, 525, 630, 686, 700
3600, -240, 82.5, 110, 165, 220, 330, 412.5, 495, 539, 550
4000, -250, 75, 100, 150, 200, 300, 375, 450, 490, 500
4400, -275, -275, -275, -275, -275, -275, -275, -275, -275, -275
4500, -280, -280, -280, -280, -280, -280, -280, -280, -280, -280
ENDTABLE

#RadioCtrl0 0    
#RadioCtrl1 0    

AV_ENG_IDLE 675
IENG 0.75

LOG_ENTRY Used Dataset: Powertrain: Engine; { Engines: 251 kW to 350 kW } 270 kW Diesel (4000 RPM)
#Library : Powertrain: Engine
#DataSet : 270 kW Diesel (4000 RPM)
#Category: Engines: 251 kW to 350 kW
#FileID  : Engine_1b47c442-1fa1-4921-bf1b-33f0dc2f9419
#Product : TruckSim 2020.1
#VehCode 2D Table 

END
