PARSFILE
#FullDataName Surface: Roughness Profiles`Rough Road 02 - 92 in/mi (1.45 m/km)`Road Roughness: Sample Data
#CheckBox0 0    

#RingCtrl0 LINEAR_LOOP
#DiagramOne0
ISIDE 1
Z_PROFILE_TABLE LINEAR_LOOP
0, -8.16
0.1, -7.78
0.2, -7.3
0.3, -6.83
0.4, -6.19
0.5, -5.63
0.6, -5.12
0.7, -4.47
0.8, -3.83
0.9, -3.31
1, -2.9
1.1, -2.54
1.2, -2.18
1.3, -1.85
1.4, -1.46
1.5, -1.07
1.6, -0.57
1.7, -0.14
1.8, 0.32
1.9, 0.93
2, 1.64
2.1, 2.12
2.2, 2.37
2.3, 2.65
2.4, 2.61
2.5, 2.35
2.6, 2.49
2.7, 2.31
2.8, 2.34
2.9, 2.3
3, 2.43
3.1, 2.61
3.2, 2.64
3.3, 2.54
3.4, 2.55
3.5, 2.77
3.6, 2.96
3.7, 3.15
3.8, 3.37
3.9, 3.55
4, 3.73
4.1, 3.77
4.2, 3.89
4.3, 4.11
4.4, 4.3
4.5, 4.29
4.6, 4.43
4.7, 4.65
4.8, 4.82
4.9, 4.85
5, 4.86
5.1, 5
5.2, 5.26
5.3, 5.62
5.4, 5.89
5.5, 6.14
5.6, 6.35
5.7, 6.65
5.8, 6.87
5.9, 7.01
6, 7.15
6.1, 7.43
6.2, 7.75
6.3, 8.1
6.4, 8.29
6.5, 8.65
6.6, 8.93
6.7, 9.32
6.8, 9.63
6.9, 9.42
7, 9.04
7.1, 8.52
7.2, 8.4
7.3, 8.22
7.4, 8.12
7.5, 7.88
7.6, 7.63
7.7, 7.38
7.8, 7.15
7.9, 6.96
8, 6.87
8.1, 6.71
8.2, 6.87
8.3, 7.11
8.4, 7.25
8.5, 6.98
8.6, 6.89
8.7, 7.34
8.8, 7.74
8.9, 7.8
9, 7.96
9.1, 8.07
9.2, 8.2
9.3, 8.24
9.4, 8.43
9.5, 8.58
9.6, 8.75
9.7, 8.92
9.8, 9.13
9.9, 9.61
10, 10.19
10.1, 10.35
10.2, 10.15
10.3, 10.5
10.4, 10.84
10.5, 10.83
10.6, 10.96
10.7, 11.27
10.8, 11.44
10.9, 11.57
11, 11.9
11.1, 11.83
11.2, 11.93
11.3, 12.07
11.4, 12.05
11.5, 11.2
11.6, 10.39
11.7, 10.49
11.8, 10.53
11.9, 10.34
12, 10.11
12.1, 10.1
12.2, 9.95
12.3, 9.78
12.4, 9.71
12.5, 9.5
12.6, 9.27
12.7, 9.14
12.8, 9.45
12.9, 9.13
13, 8.88
13.1, 8.86
13.2, 9.3
13.3, 9.34
13.4, 9.15
13.5, 8.84
13.6, 8.7
13.7, 8.99
13.8, 9.09
13.9, 9.02
14, 9.05
14.1, 8.97
14.2, 9.03
14.3, 8.98
14.4, 9.03
14.5, 9.23
14.6, 9.26
14.7, 9.07
14.8, 9.31
14.9, 9.7
15, 10.06
15.1, 10.24
15.2, 10.43
15.3, 10.44
15.4, 10.5
15.5, 10.72
15.6, 10.93
15.7, 10.99
15.8, 11.18
15.9, 11.71
16, 11.68
16.1, 11.43
16.2, 10.94
16.3, 10.61
16.4, 10.6
16.5, 10.44
16.6, 10.14
16.7, 9.85
16.8, 9.79
16.9, 9.74
17, 9.75
17.1, 9.57
17.2, 9.27
17.3, 9.09
17.4, 9.26
17.5, 9.23
17.6, 8.92
17.7, 8.59
17.8, 8.5
17.9, 8.47
18, 8.44
18.1, 8.46
18.2, 8.42
18.3, 8.37
18.4, 8.21
18.5, 8.16
18.6, 8.09
18.7, 7.73
18.8, 7.29
18.9, 7.31
19, 7.58
19.1, 7.98
19.2, 7.83
19.3, 7.32
19.4, 7.05
19.5, 7.28
19.6, 7.44
19.7, 7.44
19.8, 7.65
19.9, 7.73
20, 8.02
20.1, 8.51
20.2, 8.58
20.3, 8.75
20.4, 8.59
20.5, 8.41
20.6, 8.3
20.7, 8.31
20.8, 7.89
20.9, 7.67
21, 7.4
21.1, 7.35
21.2, 7.03
21.3, 6.66
21.4, 6.41
21.5, 6.16
21.6, 6.02
21.7, 5.8
21.8, 5.75
21.9, 5.74
22, 5.78
22.1, 5.96
22.2, 5.96
22.3, 6.04
22.4, 5.92
22.5, 5.77
22.6, 5.85
22.7, 5.94
22.8, 6.16
22.9, 6.18
23, 6.23
23.1, 6.43
23.2, 6.7
23.3, 7.07
23.4, 7.14
23.5, 7.03
23.6, 7.26
23.7, 7.34
23.8, 7.78
23.9, 7.47
24, 7.45
24.1, 7.87
24.2, 8.43
24.3, 8.77
24.4, 8.66
24.5, 8.93
24.6, 9.49
24.7, 9.86
24.8, 10.35
24.9, 10.73
25, 11.3
25.1, 11.37
25.2, 10.49
25.3, 10.28
25.4, 10.6
25.5, 11.1
25.6, 10.79
25.7, 10.51
25.8, 10.17
25.9, 10.33
26, 10.3
26.1, 9.97
26.2, 9.67
26.3, 9.21
26.4, 8.94
26.5, 8.6
26.6, 8.41
26.7, 8.17
26.8, 8.4
26.9, 8.39
27, 8.07
27.1, 7.84
27.2, 7.97
27.3, 8.28
27.4, 8.45
27.5, 8.44
27.6, 8.48
27.7, 8.1
27.8, 8.29
27.9, 8.82
28, 8.68
28.1, 8.3
28.2, 8.45
28.3, 8.86
28.4, 8.71
28.5, 8.33
28.6, 8.33
28.7, 8.12
28.8, 8.31
28.9, 8.72
29, 8.65
29.1, 8.95
29.2, 9.44
29.3, 9.59
29.4, 9.25
29.5, 9.6
29.6, 9.82
29.7, 9.97
29.8, 9.38
29.9, 9.15
30, 9.31
30.1, 9.32
30.2, 8.82
30.3, 8.29
30.4, 8.36
30.5, 8.57
30.6, 8.26
30.7, 7.91
30.8, 7.47
30.9, 7.66
31, 7.5
31.1, 7.2
31.2, 6.79
31.3, 6.7
31.4, 6.68
31.5, 6.51
31.6, 6.69
31.7, 6.67
31.8, 6.78
31.9, 6.76
32, 6.66
32.1, 6.66
32.2, 6.42
32.3, 6.4
32.4, 6.27
32.5, 6.31
32.6, 5.95
32.7, 6.12
32.8, 6.3
32.9, 6.42
33, 6.14
33.1, 6.38
33.2, 6.62
33.3, 6.91
33.4, 7
33.5, 7.3
33.6, 7.43
33.7, 7.64
33.8, 7.49
33.9, 7.46
34, 7.41
34.1, 7.58
34.2, 7.64
34.3, 6.82
34.4, 6.08
34.5, 5.81
34.6, 6.06
34.7, 6.12
34.8, 6.01
34.9, 6.08
35, 5.81
35.1, 5.76
35.2, 5.4
35.3, 5.43
35.4, 5.38
35.5, 5.68
35.6, 5.58
35.7, 5.7
35.8, 5.84
35.9, 5.87
36, 5.88
36.1, 6.03
36.2, 6.17
36.3, 5.96
36.4, 5.9
36.5, 6.14
36.6, 5.85
36.7, 5.72
36.8, 5.88
36.9, 6.43
37, 6.58
37.1, 6.86
37.2, 6.91
37.3, 6.84
37.4, 6.85
37.5, 6.81
37.6, 7.07
37.7, 7.15
37.8, 7.08
37.9, 7.01
38, 6.96
38.1, 7.11
38.2, 7.33
38.3, 7.58
38.4, 8.15
38.5, 8.52
38.6, 8.76
38.7, 8.8
38.8, 8.66
38.9, 7.94
39, 7.41
39.1, 7.57
39.2, 7.43
39.3, 7.28
39.4, 7.09
39.5, 7.06
39.6, 7
39.7, 6.93
39.8, 6.71
39.9, 6.47
40, 6.16
40.1, 6.08
40.2, 5.88
40.3, 5.66
40.4, 5.4
40.5, 5.17
40.6, 5.06
40.7, 5.26
40.8, 5.08
40.9, 5.04
41, 4.96
41.1, 4.96
41.2, 4.8
41.3, 4.64
41.4, 4.44
41.5, 4.4
41.6, 4.46
41.7, 4.38
41.8, 4.3
41.9, 4.36
42, 4.18
42.1, 4.06
42.2, 4.2
42.3, 4.61
42.4, 4.89
42.5, 5.15
42.6, 5.37
42.7, 5.52
42.8, 5.43
42.9, 5.58
43, 6.04
43.1, 6.31
43.2, 6.35
43.3, 6.46
43.4, 6.65
43.5, 6.4
43.6, 6.22
43.7, 6.36
43.8, 6.09
43.9, 5.53
44, 5.07
44.1, 4.58
44.2, 4.3
44.3, 4.22
44.4, 4.16
44.5, 4.12
44.6, 3.74
44.7, 3.5
44.8, 3.31
44.9, 3.09
45, 2.8
45.1, 2.54
45.2, 2.34
45.3, 2.08
45.4, 2
45.5, 1.88
45.6, 1.76
45.7, 1.67
45.8, 1.59
45.9, 1.49
46, 1.22
46.1, 0.91
46.2, 0.74
46.3, 0.68
46.4, 0.89
46.5, 0.92
46.6, 0.86
46.7, 0.86
46.8, 0.83
46.9, 0.72
47, 0.88
47.1, 1.08
47.2, 1.15
47.3, 1.28
47.4, 1.39
47.5, 1.17
47.6, 1.11
47.7, 1.33
47.8, 1.65
47.9, 1.98
48, 1.33
48.1, 1.1
48.2, 0.81
48.3, 1.65
48.4, 1.66
48.5, 1.29
48.6, 1.05
48.7, 1.08
48.8, 1.19
48.9, 1.17
49, 1.23
49.1, 1.14
49.2, 1.17
49.3, 1.09
49.4, 1.15
49.5, 0.95
49.6, 0.85
49.7, 0.91
49.8, 0.85
49.9, 0.63
50, 0.49
50.1, 0.43
50.2, 0.68
50.3, 0.61
50.4, 0.72
50.5, 0.79
50.6, 0.93
50.7, 0.97
50.8, 1
50.9, 1.16
51, 1.01
51.1, 0.96
51.2, 1.19
51.3, 1.42
51.4, 1.61
51.5, 1.61
51.6, 1.78
51.7, 1.77
51.8, 1.96
51.9, 2.32
52, 2.37
52.1, 2.57
52.2, 2.66
52.3, 3.04
52.4, 3.31
52.5, 3.58
52.6, 3.08
52.7, 2.85
52.8, 2.95
52.9, 2.65
53, 2.28
53.1, 2.16
53.2, 1.99
53.3, 1.86
53.4, 1.68
53.5, 1.27
53.6, 0.97
53.7, 0.79
53.8, 0.56
53.9, 0.07
54, -0.29
54.1, -0.72
54.2, -0.89
54.3, -0.7
54.4, -0.47
54.5, -0.71
54.6, -0.96
54.7, -1.05
54.8, -1.24
54.9, -1.37
55, -1.29
55.1, -1.38
55.2, -1.54
55.3, -1.71
55.4, -1.86
55.5, -1.89
55.6, -1.93
55.7, -1.88
55.8, -1.69
55.9, -1.56
56, -1.59
56.1, -1.77
56.2, -1.75
56.3, -1.88
56.4, -1.73
56.5, -1.32
56.6, -1.09
56.7, -1.1
56.8, -1.17
56.9, -0.94
57, -0.86
57.1, -0.75
57.2, -1.11
57.3, -1.59
57.4, -1.77
57.5, -1.66
57.6, -1.74
57.7, -1.92
57.8, -2.1
57.9, -2.17
58, -2.48
58.1, -2.76
58.2, -2.87
58.3, -2.94
58.4, -2.91
58.5, -2.79
58.6, -2.89
58.7, -2.9
58.8, -2.79
58.9, -2.9
59, -3.08
59.1, -2.89
59.2, -2.64
59.3, -2.41
59.4, -2.38
59.5, -2.14
59.6, -2.03
59.7, -2.09
59.8, -2
59.9, -1.58
60, -1.21
60.1, -1.41
60.2, -1.47
60.3, -1.32
60.4, -0.89
60.5, -0.88
60.6, -0.63
60.7, -0.46
60.8, -0.21
60.9, -0.09
61, 0
61.1, 0.35
61.2, 0.65
61.3, 1.25
61.4, 1.46
61.5, 1.64
61.6, 1.98
61.7, 2.07
61.8, 1.8
61.9, 1.65
62, 1.63
62.1, 1.67
62.2, 1.58
62.3, 1.08
62.4, 0.74
62.5, 0.97
62.6, 0.73
62.7, 0.43
62.8, -0.16
62.9, -0.35
63, -0.66
63.1, -1.13
63.2, -0.83
63.3, -0.73
63.4, -0.69
63.5, -0.93
63.6, -1.14
63.7, -1.39
63.8, -1.91
63.9, -2.04
64, -1.96
64.1, -1.73
64.2, -1.56
64.3, -1.86
64.4, -2.05
64.5, -2.17
64.6, -2.24
64.7, -2.22
64.8, -2.23
64.9, -2.21
65, -2.21
65.1, -2.28
65.2, -2.35
65.3, -2.33
65.4, -2.14
65.5, -2.17
65.6, -2.31
65.7, -2.42
65.8, -2.18
65.9, -2.08
66, -2.01
66.1, -2.1
66.2, -2.26
66.3, -2.49
66.4, -2.88
66.5, -2.74
66.6, -2.35
66.7, -2.51
66.8, -2.68
66.9, -2.72
67, -3.01
67.1, -3.38
67.2, -3.49
67.3, -3.75
67.4, -4.05
67.5, -4.18
67.6, -4.36
67.7, -4.75
67.8, -5.01
67.9, -4.85
68, -4.41
68.1, -4.26
68.2, -4.37
68.3, -4.41
68.4, -4.34
68.5, -4.6
68.6, -4.84
68.7, -4.93
68.8, -4.76
68.9, -4.74
69, -4.72
69.1, -4.75
69.2, -4.68
69.3, -4.32
69.4, -4.07
69.5, -3.8
69.6, -3.59
69.7, -3.48
69.8, -3.36
69.9, -3.36
70, -3.27
70.1, -3.25
70.2, -3
70.3, -2.89
70.4, -2.66
70.5, -2.52
70.6, -2.45
70.7, -2.48
70.8, -2.27
70.9, -2.33
71, -2.54
71.1, -2.83
71.2, -2.68
71.3, -2.49
71.4, -2.72
71.5, -3.11
71.6, -3.43
71.7, -3.5
71.8, -3.45
71.9, -3.34
72, -3.33
72.1, -3.36
72.2, -3.67
72.3, -3.65
72.4, -3.71
72.5, -3.71
72.6, -3.89
72.7, -4.01
72.8, -4.01
72.9, -3.83
73, -3.6
73.1, -3.4
73.2, -3.47
73.3, -3.74
73.4, -3.68
73.5, -3.82
73.6, -3.47
73.7, -3.41
73.8, -3.36
73.9, -3.29
74, -3.04
74.1, -3.04
74.2, -2.73
74.3, -2.7
74.4, -2.59
74.5, -2.52
74.6, -2.16
74.7, -1.94
74.8, -1.71
74.9, -1.53
75, -1.18
75.1, -1.09
75.2, -1
75.3, -1.01
75.4, -0.92
75.5, -1.11
75.6, -1.42
75.7, -1.82
75.8, -1.85
75.9, -1.85
76, -2.22
76.1, -2.72
76.2, -2.97
76.3, -3.17
76.4, -3.31
76.5, -3.84
76.6, -3.96
76.7, -4.24
76.8, -4.31
76.9, -4.5
77, -4.8
77.1, -4.87
77.2, -4.83
77.3, -5.08
77.4, -5
77.5, -4.69
77.6, -4.32
77.7, -4.38
77.8, -4.52
77.9, -4.54
78, -4.38
78.1, -4.34
78.2, -4.09
78.3, -4.16
78.4, -4.39
78.5, -4.56
78.6, -4.28
78.7, -4.15
78.8, -4.03
78.9, -3.99
79, -3.75
79.1, -3.57
79.2, -3.34
79.3, -3.02
79.4, -3.03
79.5, -2.95
79.6, -2.85
79.7, -2.67
79.8, -2.75
79.9, -2.62
80, -2.72
80.1, -2.9
80.2, -3.08
80.3, -2.59
80.4, -2.66
80.5, -2.92
80.6, -3.43
80.7, -3.71
80.8, -3.78
80.9, -3.72
81, -3.66
81.1, -3.8
81.2, -4.02
81.3, -4.06
81.4, -3.98
81.5, -4.12
81.6, -4.34
81.7, -4.23
81.8, -3.94
81.9, -3.7
82, -3.61
82.1, -3.53
82.2, -3.62
82.3, -3.65
82.4, -3.76
82.5, -3.79
82.6, -3.84
82.7, -3.74
82.8, -3.69
82.9, -3.48
83, -3.3
83.1, -3
83.2, -2.62
83.3, -2.48
83.4, -2.38
83.5, -2.17
83.6, -1.61
83.7, -1.3
83.8, -1.02
83.9, -0.87
84, -0.82
84.1, -0.7
84.2, -0.2
84.3, 0.22
84.4, 0.07
84.5, 0.15
84.6, 0.24
84.7, 0.07
84.8, -0.14
84.9, -0.08
85, -0.14
85.1, -0.39
85.2, -0.96
85.3, -1.33
85.4, -1.48
85.5, -1.81
85.6, -2.07
85.7, -1.72
85.8, -1.61
85.9, -2.05
86, -2.29
86.1, -2.14
86.2, -1.88
86.3, -1.87
86.4, -1.93
86.5, -2.26
86.6, -2.4
86.7, -2.33
86.8, -2.68
86.9, -2.78
87, -2.78
87.1, -3.03
87.2, -3.3
87.3, -3.2
87.4, -2.9
87.5, -2.7
87.6, -2.77
87.7, -2.79
87.8, -2.71
87.9, -2.63
88, -2.68
88.1, -2.69
88.2, -2.35
88.3, -1.95
88.4, -1.69
88.5, -1.67
88.6, -1.64
88.7, -1.48
88.8, -1.19
88.9, -1.26
89, -0.95
89.1, -0.73
89.2, -0.68
89.3, -1
89.4, -1.21
89.5, -1.11
89.6, -1.12
89.7, -1.29
89.8, -1.26
89.9, -1.31
90, -1.46
90.1, -1.68
90.2, -1.66
90.3, -1.76
90.4, -1.82
90.5, -1.73
90.6, -1.74
90.7, -1.93
90.8, -1.9
90.9, -1.87
91, -1.95
91.1, -1.98
91.2, -2.09
91.3, -2.12
91.4, -1.85
91.5, -1.92
91.6, -1.83
91.7, -1.74
91.8, -1.61
91.9, -1.69
92, -1.7
92.1, -1.61
92.2, -1.36
92.3, -1.19
92.4, -0.9
92.5, -0.64
92.6, -0.43
92.7, -0.43
92.8, -0.37
92.9, -0.23
93, -0.04
93.1, 0.41
93.2, 0.86
93.3, 1.2
93.4, 1.59
93.5, 1.87
93.6, 1.95
93.7, 2.06
93.8, 2.09
93.9, 2.05
94, 1.8
94.1, 1.89
94.2, 1.88
94.3, 1.58
94.4, 1.32
94.5, 1.07
94.6, 0.82
94.7, 0.8
94.8, 0.67
94.9, 0.64
95, 0.55
95.1, 0.52
95.2, 0.4
95.3, 0.52
95.4, 0.7
95.5, 0.44
95.6, 0.43
95.7, 0.25
95.8, 0.58
95.9, 1.07
96, 1.05
96.1, 0.8
96.2, 0.59
96.3, 0.81
96.4, 0.81
96.5, 0.8
96.6, 0.82
96.7, 1.12
96.8, 1.2
96.9, 1.25
97, 1.29
97.1, 1.23
97.2, 1.29
97.3, 1.56
97.4, 1.7
97.5, 1.69
97.6, 1.8
97.7, 2.07
97.8, 2.33
97.9, 2.35
98, 2.76
98.1, 2.95
98.2, 3.02
98.3, 2.49
98.4, 2.54
98.5, 2.6
98.6, 3.31
98.7, 3.14
98.8, 2.7
98.9, 2.27
99, 2.12
99.1, 2.15
99.2, 2.26
99.3, 2.4
99.4, 2.43
99.5, 2.25
99.6, 1.74
99.7, 1.74
99.8, 1.92
99.9, 1.78
100, 1.83
100.1, 1.91
100.2, 1.88
100.3, 1.79
100.4, 1.63
100.5, 1.42
100.6, 1.3
100.7, 1.22
100.8, 1.23
100.9, 1.09
101, 1
101.1, 1.25
101.2, 1.33
101.3, 1.37
101.4, 1.38
101.5, 1.46
101.6, 1.57
101.7, 1.64
101.8, 1.69
101.9, 1.74
102, 2.04
102.1, 2.49
102.2, 2.77
102.3, 2.78
102.4, 3
102.5, 3.51
102.6, 3.59
102.7, 3.43
102.8, 3.76
102.9, 3.56
103, 3.51
103.1, 3.68
103.2, 3.79
103.3, 3.78
103.4, 3.58
103.5, 2.88
103.6, 2.57
103.7, 2.46
103.8, 2.11
103.9, 1.88
104, 1.78
104.1, 1.88
104.2, 1.81
104.3, 1.79
104.4, 1.69
104.5, 1.7
104.6, 1.8
104.7, 1.66
104.8, 1.56
104.9, 1.56
105, 1.93
105.1, 2.19
105.2, 2.21
105.3, 1.98
105.4, 2.16
105.5, 2.16
105.6, 2.3
105.7, 2.41
105.8, 2.72
105.9, 2.74
106, 2.89
106.1, 2.99
106.2, 2.91
106.3, 2.91
106.4, 3.05
106.5, 3.1
106.6, 3.32
106.7, 3.59
106.8, 4.06
106.9, 4.21
107, 4.11
107.1, 4.12
107.2, 4.02
107.3, 4.1
107.4, 3.58
107.5, 3.17
107.6, 2.75
107.7, 2.86
107.8, 2.2
107.9, 1.41
108, 1.16
108.1, 0.9
108.2, 0.29
108.3, 0.04
108.4, 0.18
108.5, 0.39
108.6, 0.05
108.7, -0.35
108.8, -0.5
108.9, -0.64
109, -0.6
109.1, -0.8
109.2, -0.95
109.3, -1.11
109.4, -1.14
109.5, -1.24
109.6, -1.42
109.7, -1.48
109.8, -1.74
109.9, -1.88
110, -1.96
110.1, -1.97
110.2, -1.9
110.3, -1.8
110.4, -1.44
110.5, -1.46
110.6, -1.33
110.7, -1.39
110.8, -1.27
110.9, -1.22
111, -1.09
111.1, -0.64
111.2, -0.14
111.3, 0.17
111.4, 0.45
111.5, 0.69
111.6, 0.85
111.7, 1.05
111.8, 1.29
111.9, 1.29
112, 1.07
112.1, 0.84
112.2, 0.75
112.3, 0.89
112.4, 1.05
112.5, 1.19
112.6, 0.96
112.7, 0.81
112.8, 0.61
112.9, 0.46
113, 0.63
113.1, 0.67
113.2, 0.73
113.3, 0.54
113.4, 0.35
113.5, 0.23
113.6, -0.01
113.7, -0.06
113.8, -0.29
113.9, -0.44
114, -0.41
114.1, -0.48
114.2, -0.29
114.3, 0.03
114.4, 0.1
114.5, -0.02
114.6, -0.11
114.7, 0.09
114.8, 0.08
114.9, 0.32
115, 0.45
115.1, 0.66
115.2, 0.63
115.3, 0.68
115.4, 1.04
115.5, 1.37
115.6, 1.4
115.7, 1.57
115.8, 1.96
115.9, 2.24
116, 2.46
116.1, 2.97
116.2, 3.33
116.3, 3.6
116.4, 3.86
116.5, 3.39
116.6, 3.15
116.7, 3.29
116.8, 3.59
116.9, 3.25
117, 3.11
117.1, 3.17
117.2, 3.29
117.3, 3.13
117.4, 2.9
117.5, 2.74
117.6, 2.55
117.7, 2.35
117.8, 2.36
117.9, 2.4
118, 2.55
118.1, 2.71
118.2, 2.75
118.3, 2.74
118.4, 2.51
118.5, 2.21
118.6, 2.06
118.7, 2.34
118.8, 2.6
118.9, 2.71
119, 2.68
119.1, 2.85
119.2, 2.93
119.3, 2.89
119.4, 2.71
119.5, 2.59
119.6, 2.56
119.7, 2.62
119.8, 2.78
119.9, 2.94
120, 3.13
120.1, 3.16
120.2, 3.25
120.3, 3.27
120.4, 3.7
120.5, 3.93
120.6, 3.95
120.7, 4.11
120.8, 4.42
120.9, 4.71
121, 4.89
121.1, 4.85
121.2, 4.37
121.3, 4.04
121.4, 4.1
121.5, 3.98
121.6, 3.59
121.7, 3.48
121.8, 3.6
121.9, 3.53
122, 3.12
122.1, 2.84
122.2, 2.7
122.3, 2.44
122.4, 2.19
122.5, 2.02
122.6, 2.18
122.7, 2.11
122.8, 1.9
122.9, 1.54
123, 1.39
123.1, 1.25
123.2, 1.26
123.3, 1.1
123.4, 0.93
123.5, 1.01
123.6, 0.93
123.7, 0.81
123.8, 0.58
123.9, 0.52
124, 0.45
124.1, 0.69
124.2, 0.84
124.3, 0.71
124.4, 0.75
124.5, 1.02
124.6, 1.5
124.7, 1.53
124.8, 1.39
124.9, 1.51
125, 1.76
125.1, 2.11
125.2, 2.28
125.3, 2.24
125.4, 2.15
125.5, 2.27
125.6, 2.11
125.7, 1.92
125.8, 1.82
125.9, 2.3
126, 2.15
126.1, 2.03
126.2, 1.79
126.3, 1.8
126.4, 1.74
126.5, 1.4
126.6, 1.1
126.7, 0.8
126.8, 0.51
126.9, 0.41
127, 0.52
127.1, 0.31
127.2, 0.25
127.3, 0.26
127.4, 0.52
127.5, 0.41
127.6, 0.11
127.7, 0.02
127.8, 0.06
127.9, 0.13
128, 0.11
128.1, 0.03
128.2, 0.28
128.3, 0.94
128.4, 1.16
128.5, 1.24
128.6, 1.43
128.7, 1.73
128.8, 1.82
128.9, 1.55
129, 1.73
129.1, 2.1
129.2, 2.26
129.3, 2.32
129.4, 2.71
129.5, 2.8
129.6, 2.94
129.7, 3.01
129.8, 3.31
129.9, 3.59
130, 3.92
130.1, 4.21
130.2, 3.96
130.3, 3.57
130.4, 3.45
130.5, 3.51
130.6, 3.39
130.7, 3.17
130.8, 3.23
130.9, 3.03
131, 2.78
131.1, 2.35
131.2, 2.1
131.3, 1.92
131.4, 1.56
131.5, 1.02
131.6, 0.73
131.7, 0.71
131.8, 0.5
131.9, 0.33
132, 0.34
132.1, 0.19
132.2, 0.06
132.3, 0.02
132.4, -0.15
132.5, -0.29
132.6, -0.21
132.7, -0.48
132.8, -0.78
132.9, -0.81
133, -0.81
133.1, -0.79
133.2, -0.84
133.3, -0.66
133.4, -0.78
133.5, -1.17
133.6, -1.29
133.7, -1.36
133.8, -1.22
133.9, -1.2
134, -1.16
134.1, -0.97
134.2, -0.77
134.3, -0.57
134.4, -0.56
134.5, -0.63
134.6, -0.67
134.7, -0.61
134.8, -0.92
134.9, -1.06
135, -0.96
135.1, -0.88
135.2, -0.99
135.3, -1.18
135.4, -1.26
135.5, -1.58
135.6, -1.92
135.7, -2.2
135.8, -2.36
135.9, -2.3
136, -2.38
136.1, -2.52
136.2, -2.68
136.3, -2.72
136.4, -2.97
136.5, -3.06
136.6, -3.15
136.7, -2.93
136.8, -3.14
136.9, -3.12
137, -3.23
137.1, -3.39
137.2, -3.58
137.3, -3.5
137.4, -3.42
137.5, -3.27
137.6, -3.19
137.7, -3.11
137.8, -2.99
137.9, -3.03
138, -3.03
138.1, -2.71
138.2, -2.64
138.3, -2.57
138.4, -2.57
138.5, -2.46
138.6, -2.43
138.7, -2.1
138.8, -1.97
138.9, -2.08
139, -1.9
139.1, -1.73
139.2, -1.56
139.3, -1.43
139.4, -1.54
139.5, -1.71
139.6, -1.62
139.7, -1.66
139.8, -1.8
139.9, -1.74
140, -1.7
140.1, -1.79
140.2, -1.84
140.3, -2.03
140.4, -2.05
140.5, -2.22
140.6, -2.28
140.7, -2.51
140.8, -2.63
140.9, -2.82
141, -3.11
141.1, -3.31
141.2, -2.83
141.3, -2.74
141.4, -2.82
141.5, -2.9
141.6, -2.89
141.7, -2.96
141.8, -3.08
141.9, -3.11
142, -3.19
142.1, -3.1
142.2, -2.81
142.3, -2.66
142.4, -2.49
142.5, -2.1
142.6, -1.93
142.7, -1.8
142.8, -1.62
142.9, -1.57
143, -1.55
143.1, -1.29
143.2, -1.13
143.3, -1.07
143.4, -0.97
143.5, -0.61
143.6, -0.16
143.7, 0.14
143.8, 0.26
143.9, 0.09
144, 0.04
144.1, -0.09
144.2, 0.2
144.3, 0.2
144.4, 0.15
144.5, -0.01
144.6, 0.05
144.7, -0.35
144.8, -0.41
144.9, -0.48
145, -0.29
145.1, -0.6
145.2, -0.54
145.3, -0.4
145.4, -0.3
145.5, -0.68
145.6, -0.95
145.7, -0.6
145.8, -0.53
145.9, -0.55
146, -0.55
146.1, -0.54
146.2, -0.43
146.3, -0.49
146.4, -0.41
146.5, -0.67
146.6, -0.83
146.7, -1.08
146.8, -1.04
146.9, -0.73
147, -0.4
147.1, -0.39
147.2, -0.39
147.3, -0.28
147.4, -0.31
147.5, -0.59
147.6, -0.63
147.7, -0.64
147.8, -0.4
147.9, -0.38
148, -0.36
148.1, -0.26
148.2, -0.1
148.3, -0.13
148.4, -0.47
148.5, -0.58
148.6, -0.8
148.7, -0.12
148.8, -0.34
148.9, -0.32
149, -0.3
149.1, -0.32
149.2, -0.61
149.3, -0.82
149.4, -0.86
149.5, -0.81
149.6, -1.3
149.7, -1.67
149.8, -1.59
149.9, -1.45
150, -1.56
150.1, -1.63
150.2, -1.79
150.3, -2.01
150.4, -2.32
150.5, -2.3
150.6, -2
150.7, -1.79
150.8, -1.45
150.9, -1.48
151, -1.31
151.1, -1.23
151.2, -0.95
151.3, -0.76
151.4, -0.54
151.5, 0.01
151.6, 0.24
151.7, -0.26
151.8, -0.48
151.9, -0.14
152, 0.21
152.1, 0.38
152.2, 0.5
152.3, 0.78
152.4, 1
153, 1
153.1, -8.16
ENDTABLE
#DiagramOne1
ISIDE 2
Z_PROFILE_TABLE LINEAR_LOOP
0, -4.55
0.1, -4.34
0.2, -4.07
0.3, -3.64
0.4, -3.24
0.5, -2.89
0.6, -2.46
0.7, -2.13
0.8, -1.74
0.9, -1.37
1, -0.88
1.1, -0.45
1.2, 0
1.3, 0.34
1.4, 0.66
1.5, 0.95
1.6, 1.33
1.7, 1.85
1.8, 2.22
1.9, 2.47
2, 2.76
2.1, 3.3
2.2, 3.95
2.3, 3.59
2.4, 3.05
2.5, 2.47
2.6, 3.14
2.7, 3.17
2.8, 3.15
2.9, 3.17
3, 3.34
3.1, 3.36
3.2, 3.31
3.3, 3.4
3.4, 3.39
3.5, 3.3
3.6, 3.13
3.7, 3.11
3.8, 3.31
3.9, 3.32
4, 3.34
4.1, 3.49
4.2, 3.66
4.3, 3.78
4.4, 3.85
4.5, 4.01
4.6, 3.95
4.7, 4.02
4.8, 4.13
4.9, 4.14
5, 4.16
5.1, 4.32
5.2, 4.4
5.3, 4.55
5.4, 4.71
5.5, 4.86
5.6, 4.97
5.7, 5.07
5.8, 5.1
5.9, 5.26
6, 5.21
6.1, 5.33
6.2, 5.51
6.3, 5.89
6.4, 6.12
6.5, 6.17
6.6, 6.41
6.7, 6.69
6.8, 6.88
6.9, 6.6
7, 6.28
7.1, 6.28
7.2, 6.22
7.3, 6.08
7.4, 5.98
7.5, 5.87
7.6, 5.76
7.7, 5.62
7.8, 5.41
7.9, 5.03
8, 4.78
8.1, 4.54
8.2, 4.24
8.3, 4.07
8.4, 4.02
8.5, 3.84
8.6, 3.72
8.7, 3.74
8.8, 3.83
8.9, 3.97
9, 3.91
9.1, 3.82
9.2, 3.75
9.3, 3.83
9.4, 3.91
9.5, 4.11
9.6, 4.26
9.7, 4.51
9.8, 4.82
9.9, 4.9
10, 4.89
10.1, 4.88
10.2, 4.94
10.3, 4.87
10.4, 4.94
10.5, 5.15
10.6, 5.5
10.7, 5.78
10.8, 6.04
10.9, 6.36
11, 6.56
11.1, 6.65
11.2, 6.71
11.3, 6.84
11.4, 5.22
11.5, 4.31
11.6, 4.23
11.7, 4.31
11.8, 4.39
11.9, 4.38
12, 4.07
12.1, 3.75
12.2, 3.62
12.3, 3.7
12.4, 3.74
12.5, 3.6
12.6, 3.78
12.7, 4.07
12.8, 4.13
12.9, 4.04
13, 3.98
13.1, 4.09
13.2, 3.94
13.3, 3.89
13.4, 4.01
13.5, 4.09
13.6, 4.03
13.7, 4.02
13.8, 4.4
13.9, 4.54
14, 4.48
14.1, 4.44
14.2, 4.45
14.3, 4.57
14.4, 4.73
14.5, 4.82
14.6, 5
14.7, 5.22
14.8, 5.33
14.9, 5.44
15, 5.77
15.1, 6.15
15.2, 6.31
15.3, 6.61
15.4, 6.88
15.5, 7.11
15.6, 7.14
15.7, 7.41
15.8, 7.9
15.9, 8.31
16, 8.32
16.1, 8.08
16.2, 7.64
16.3, 7.51
16.4, 7.27
16.5, 7.13
16.6, 6.88
16.7, 6.8
16.8, 6.86
16.9, 6.83
17, 6.7
17.1, 6.54
17.2, 6.51
17.3, 6.41
17.4, 6.26
17.5, 6.01
17.6, 5.91
17.7, 5.86
17.8, 5.79
17.9, 5.72
18, 5.88
18.1, 5.8
18.2, 5.74
18.3, 5.47
18.4, 5.26
18.5, 5.11
18.6, 5.08
18.7, 5.11
18.8, 5.17
18.9, 5.13
19, 5.26
19.1, 5.44
19.2, 5.79
19.3, 5.87
19.4, 5.63
19.5, 5.48
19.6, 5.41
19.7, 5.6
19.8, 5.58
19.9, 5.84
20, 6.02
20.1, 6
20.2, 6.08
20.3, 6.43
20.4, 6.35
20.5, 6.38
20.6, 6.16
20.7, 5.84
20.8, 5.51
20.9, 5.47
21, 5.46
21.1, 4.84
21.2, 4.5
21.3, 3.76
21.4, 3.38
21.5, 3.14
21.6, 3.15
21.7, 3
21.8, 3.11
21.9, 3.08
22, 3.33
22.1, 3.61
22.2, 3.62
22.3, 3.42
22.4, 3.26
22.5, 3.21
22.6, 3.18
22.7, 3.2
22.8, 3.35
22.9, 3.56
23, 3.84
23.1, 4.21
23.2, 4.36
23.3, 4.27
23.4, 4.2
23.5, 4.38
23.6, 4.59
23.7, 4.69
23.8, 4.49
23.9, 4.71
24, 5.46
24.1, 5.65
24.2, 5.87
24.3, 6
24.4, 5.84
24.5, 5.97
24.6, 6.51
24.7, 7.24
24.8, 7.23
24.9, 7.33
25, 7.58
25.1, 7.8
25.2, 7.73
25.3, 7.59
25.4, 7.45
25.5, 7.5
25.6, 7.67
25.7, 7.22
25.8, 6.87
25.9, 6.57
26, 6.59
26.1, 6.52
26.2, 6.29
26.3, 6.08
26.4, 5.95
26.5, 6.14
26.6, 6.16
26.7, 6.2
26.8, 6.12
26.9, 5.98
27, 5.74
27.1, 5.92
27.2, 6.14
27.3, 6.12
27.4, 6.12
27.5, 6.18
27.6, 6.16
27.7, 6.15
27.8, 6.13
27.9, 6.2
28, 5.98
28.1, 5.98
28.2, 6.3
28.3, 6.48
28.4, 6.12
28.5, 6.14
28.6, 6.44
28.7, 6.81
28.8, 7.08
28.9, 7.07
29, 7.18
29.1, 7.43
29.2, 7.59
29.3, 7.55
29.4, 7.67
29.5, 7.96
29.6, 8.03
29.7, 7.83
29.8, 7.58
29.9, 7.72
30, 7.69
30.1, 7.88
30.2, 7.77
30.3, 7.37
30.4, 7.07
30.5, 6.67
30.6, 6.38
30.7, 6.07
30.8, 6.06
30.9, 5.82
31, 5.69
31.1, 5.54
31.2, 5.33
31.3, 5.26
31.4, 5.35
31.5, 5.48
31.6, 5.34
31.7, 5.2
31.8, 4.99
31.9, 4.86
32, 4.75
32.1, 4.69
32.2, 4.6
32.3, 4.53
32.4, 4.17
32.5, 4.18
32.6, 4.62
32.7, 4.93
32.8, 5.1
32.9, 5.16
33, 5.03
33.1, 4.8
33.2, 4.83
33.3, 4.86
33.4, 4.95
33.5, 5.18
33.6, 5.42
33.7, 5.56
33.8, 5.42
33.9, 5.56
34, 5.82
34.1, 6.24
34.2, 6.75
34.3, 5.81
34.4, 4.68
34.5, 4.08
34.6, 4.3
34.7, 4.17
34.8, 4.2
34.9, 4.18
35, 4.07
35.1, 4.04
35.2, 3.88
35.3, 4.09
35.4, 4.37
35.5, 4.48
35.6, 4.52
35.7, 4.71
35.8, 4.75
35.9, 4.53
36, 4.44
36.1, 4.5
36.2, 4.65
36.3, 4.74
36.4, 4.81
36.5, 5.05
36.6, 5.56
36.7, 5.98
36.8, 6.1
36.9, 6.05
37, 6.1
37.1, 6.14
37.2, 6.17
37.3, 6.32
37.4, 6.46
37.5, 6.56
37.6, 6.64
37.7, 6.76
37.8, 6.84
37.9, 7.27
38, 7.89
38.1, 8.14
38.2, 8.3
38.3, 8.42
38.4, 8.77
38.5, 8.84
38.6, 9.04
38.7, 9.45
38.8, 9.47
38.9, 8.64
39, 7.79
39.1, 7.84
39.2, 7.72
39.3, 7.52
39.4, 7.47
39.5, 7.53
39.6, 7.54
39.7, 7.46
39.8, 7.33
39.9, 7.28
40, 7.2
40.1, 7.12
40.2, 7.04
40.3, 6.83
40.4, 6.64
40.5, 6.47
40.6, 6.7
40.7, 6.9
40.8, 7.27
40.9, 7.37
41, 7.5
41.1, 7.49
41.2, 7.39
41.3, 7.37
41.4, 7.36
41.5, 7.42
41.6, 7.39
41.7, 7.54
41.8, 7.66
41.9, 7.85
42, 8
42.1, 8.36
42.2, 8.82
42.3, 8.98
42.4, 9.23
42.5, 9.33
42.6, 9.71
42.7, 10.07
42.8, 10.24
42.9, 10.42
43, 10.6
43.1, 10.78
43.2, 10.88
43.3, 11.21
43.4, 11.33
43.5, 11.31
43.6, 11.22
43.7, 11.1
43.8, 10.64
43.9, 10.14
44, 9.99
44.1, 9.65
44.2, 9.4
44.3, 8.99
44.4, 8.48
44.5, 8.37
44.6, 8.37
44.7, 8.45
44.8, 8.2
44.9, 7.87
45, 7.57
45.1, 7.48
45.2, 7.39
45.3, 7.12
45.4, 6.98
45.5, 7.02
45.6, 6.9
45.7, 6.47
45.8, 6.32
45.9, 6.38
46, 6.19
46.1, 6.13
46.2, 6.27
46.3, 6.44
46.4, 6.33
46.5, 6.31
46.6, 6.23
46.7, 6.22
46.8, 6.18
46.9, 5.96
47, 5.89
47.1, 6.14
47.2, 6.05
47.3, 5.79
47.4, 5.77
47.5, 6.15
47.6, 6.43
47.7, 6.5
47.8, 6.55
47.9, 6.97
48, 6.78
48.1, 6.48
48.2, 6.17
48.3, 6.49
48.4, 6.26
48.5, 6.02
48.6, 5.88
48.7, 6.12
48.8, 6.26
48.9, 6.27
49, 6.27
49.1, 6.27
49.2, 6.09
49.3, 5.96
49.4, 5.96
49.5, 5.9
49.6, 5.78
49.7, 5.59
49.8, 5.47
49.9, 5.45
50, 5.22
50.1, 5.02
50.2, 5.24
50.3, 5.38
50.4, 5.19
50.5, 5.01
50.6, 5.03
50.7, 4.98
50.8, 4.99
50.9, 4.89
51, 4.84
51.1, 4.85
51.2, 4.93
51.3, 4.93
51.4, 4.94
51.5, 5.28
51.6, 5.73
51.7, 6.16
51.8, 6.19
51.9, 6.01
52, 6.02
52.1, 6.12
52.2, 6.17
52.3, 6.45
52.4, 6.86
52.5, 7
52.6, 6.85
52.7, 6.76
52.8, 6.72
52.9, 6.55
53, 6.17
53.1, 5.72
53.2, 5.4
53.3, 5.29
53.4, 4.9
53.5, 4.61
53.6, 4.16
53.7, 4.06
53.8, 3.86
53.9, 3.91
54, 3.47
54.1, 3.31
54.2, 3.29
54.3, 3.56
54.4, 3.53
54.5, 3.24
54.6, 2.93
54.7, 2.82
54.8, 2.41
54.9, 2.23
55, 2.51
55.1, 2.58
55.2, 2.68
55.3, 2.49
55.4, 2.46
55.5, 2.6
55.6, 2.74
55.7, 2.73
55.8, 2.58
55.9, 2.57
56, 2.61
56.1, 2.61
56.2, 2.65
56.3, 2.81
56.4, 2.8
56.5, 2.63
56.6, 2.73
56.7, 2.84
56.8, 2.93
56.9, 3.25
57, 3.69
57.1, 3.73
57.2, 3.25
57.3, 2.6
57.4, 2.23
57.5, 2.15
57.6, 2.08
57.7, 2.01
57.8, 1.72
57.9, 1.6
58, 1.47
58.1, 1.43
58.2, 1.39
58.3, 1.47
58.4, 1.51
58.5, 1.3
58.6, 1.03
58.7, 0.99
58.8, 0.99
58.9, 0.82
59, 0.62
59.1, 0.62
59.2, 0.64
59.3, 0.55
59.4, 0.45
59.5, 0.54
59.6, 0.67
59.7, 0.94
59.8, 1.34
59.9, 1.5
60, 1.6
60.1, 1.66
60.2, 1.85
60.3, 1.81
60.4, 1.79
60.5, 1.9
60.6, 2.12
60.7, 2.34
60.8, 2.31
60.9, 2.54
61, 2.83
61.1, 3.06
61.2, 3.41
61.3, 3.43
61.4, 3.42
61.5, 3.65
61.6, 4.03
61.7, 3.91
61.8, 3.48
61.9, 3.22
62, 3.49
62.1, 3.41
62.2, 3.35
62.3, 3.28
62.4, 3.41
62.5, 3.47
62.6, 3.47
62.7, 3.15
62.8, 2.88
62.9, 2.59
63, 2.34
63.1, 2.04
63.2, 1.83
63.3, 1.85
63.4, 1.98
63.5, 1.94
63.6, 1.73
63.7, 1.62
63.8, 1.51
63.9, 1.37
64, 1.06
64.1, 0.97
64.2, 0.69
64.3, 0.64
64.4, 0.62
64.5, 0.64
64.6, 0.68
64.7, 0.75
64.8, 0.82
64.9, 0.84
65, 1.01
65.1, 0.97
65.2, 0.9
65.3, 0.92
65.4, 1.1
65.5, 1.14
65.6, 0.86
65.7, 0.92
65.8, 1
65.9, 1.29
66, 1.28
66.1, 1.16
66.2, 0.91
66.3, 0.85
66.4, 0.71
66.5, 0.31
66.6, 0.09
66.7, -0.26
66.8, -0.58
66.9, -0.93
67, -1.25
67.1, -1.46
67.2, -1.87
67.3, -2.33
67.4, -2.75
67.5, -2.86
67.6, -3.05
67.7, -3.36
67.8, -3.66
67.9, -3.93
68, -4.14
68.1, -4.41
68.2, -4.84
68.3, -5.16
68.4, -5.19
68.5, -5.3
68.6, -5.56
68.7, -5.68
68.8, -5.49
68.9, -5.39
69, -5.34
69.1, -5.23
69.2, -5.13
69.3, -5.14
69.4, -5.05
69.5, -5.01
69.6, -5
69.7, -5.11
69.8, -5.12
69.9, -5.15
70, -4.84
70.1, -4.64
70.2, -4.43
70.3, -4.34
70.4, -4.35
70.5, -4.11
70.6, -3.67
70.7, -3.37
70.8, -3.81
70.9, -4.1
71, -4.31
71.1, -3.76
71.2, -3.9
71.3, -4.1
71.4, -4.19
71.5, -4.32
71.6, -4.5
71.7, -4.6
71.8, -4.51
71.9, -4.46
72, -4.37
72.1, -4.43
72.2, -4.62
72.3, -4.71
72.4, -4.65
72.5, -4.68
72.6, -4.62
72.7, -4.39
72.8, -4.27
72.9, -4.22
73, -4.19
73.1, -4.29
73.2, -4.25
73.3, -4.08
73.4, -4.11
73.5, -4.3
73.6, -4.08
73.7, -3.66
73.8, -3.33
73.9, -3.28
74, -3.25
74.1, -3.28
74.2, -3
74.3, -2.9
74.4, -2.7
74.5, -2.67
74.6, -2.41
74.7, -1.92
74.8, -1.92
74.9, -2
75, -1.9
75.1, -1.74
75.2, -1.54
75.3, -1.31
75.4, -1.5
75.5, -1.99
75.6, -2.4
75.7, -2.55
75.8, -2.93
75.9, -3.28
76, -3.72
76.1, -3.97
76.2, -4.28
76.3, -4.53
76.4, -4.8
76.5, -4.86
76.6, -5
76.7, -5.34
76.8, -5.32
76.9, -5.39
77, -5.82
77.1, -5.9
77.2, -5.9
77.3, -5.88
77.4, -5.95
77.5, -5.99
77.6, -6.03
77.7, -5.99
77.8, -6.26
77.9, -6.29
78, -6.34
78.1, -6.39
78.2, -6.43
78.3, -6.36
78.4, -6.2
78.5, -6.23
78.6, -6.17
78.7, -5.89
78.8, -5.47
78.9, -5.51
79, -5.63
79.1, -5.62
79.2, -5.55
79.3, -5.26
79.4, -5.45
79.5, -5.38
79.6, -5.42
79.7, -4.99
79.8, -4.79
79.9, -4.56
80, -4.65
80.1, -4.66
80.2, -4.64
80.3, -4.24
80.4, -4.03
80.5, -4.14
80.6, -4.21
80.7, -4.23
80.8, -4.48
80.9, -4.54
81, -4.56
81.1, -4.48
81.2, -4.43
81.3, -4.46
81.4, -4.38
81.5, -4.05
81.6, -4.1
81.7, -4.17
81.8, -4.22
81.9, -4.06
82, -4.28
82.1, -4.29
82.2, -4.15
82.3, -4
82.4, -4.08
82.5, -3.96
82.6, -3.91
82.7, -3.79
82.8, -3.57
82.9, -3.28
83, -3.19
83.1, -3.17
83.2, -3.18
83.3, -2.99
83.4, -2.74
83.5, -2.26
83.6, -2.14
83.7, -1.76
83.8, -1.72
83.9, -1.89
84, -1.66
84.1, -0.85
84.2, -0.29
84.3, 0.02
84.4, 0.27
84.5, 0.69
84.6, 0.52
84.7, 0.31
84.8, 0.05
84.9, 0.19
85, 0.11
85.1, 0.06
85.2, -0.19
85.3, -0.48
85.4, -0.46
85.5, -0.46
85.6, -0.65
85.7, -0.8
85.8, -1.1
85.9, -1.69
86, -1.95
86.1, -2.07
86.2, -2.22
86.3, -2.44
86.4, -2.53
86.5, -2.54
86.6, -2.48
86.7, -2.37
86.8, -2.04
86.9, -2.24
87, -2.61
87.1, -2.43
87.2, -2.39
87.3, -2.65
87.4, -2.73
87.5, -2.58
87.6, -2.33
87.7, -2.2
87.8, -2.37
87.9, -2.71
88, -2.78
88.1, -2.68
88.2, -2.07
88.3, -1.62
88.4, -1.55
88.5, -1.51
88.6, -1.58
88.7, -1.66
88.8, -1.6
88.9, -1.56
89, -1.57
89.1, -1.5
89.2, -1.76
89.3, -1.87
89.4, -1.84
89.5, -1.7
89.6, -1.79
89.7, -1.86
89.8, -1.86
89.9, -1.99
90, -2.24
90.1, -2.28
90.2, -2.37
90.3, -2.31
90.4, -2.37
90.5, -2.44
90.6, -2.64
90.7, -2.89
90.8, -2.83
90.9, -2.61
91, -2.51
91.1, -2.53
91.2, -2.63
91.3, -2.81
91.4, -3.01
91.5, -2.83
91.6, -2.64
91.7, -2.48
91.8, -2.58
91.9, -2.56
92, -2.34
92.1, -2.15
92.2, -2.04
92.3, -1.89
92.4, -1.75
92.5, -1.61
92.6, -1.39
92.7, -1.26
92.8, -1.07
92.9, -0.92
93, -0.85
93.1, -0.74
93.2, -0.56
93.3, -0.43
93.4, -0.16
93.5, 0.09
93.6, 0.34
93.7, 0.41
93.8, 0.37
93.9, 0.19
94, -0.11
94.1, -0.16
94.2, -0.36
94.3, -0.57
94.4, -0.84
94.5, -1.01
94.6, -1.16
94.7, -1.3
94.8, -1.17
94.9, -1.3
95, -1.32
95.1, -1.12
95.2, -0.89
95.3, -0.75
95.4, -0.93
95.5, -1.19
95.6, -1.32
95.7, -1.07
95.8, -0.99
95.9, -1.12
96, -1.09
96.1, -1.29
96.2, -1.19
96.3, -1.36
96.4, -1.01
96.5, -0.61
96.6, -0.38
96.7, -0.75
96.8, -1.09
96.9, -1.23
97, -1.04
97.1, -1.09
97.2, -0.78
97.3, -0.52
97.4, -0.34
97.5, -0.24
97.6, 0.1
97.7, 0.33
97.8, 0.41
97.9, 0.42
98, 0.56
98.1, 0.85
98.2, 0.95
98.3, 0.36
98.4, 0.33
98.5, 0.31
98.6, 0.78
98.7, 0.78
98.8, 0.72
98.9, 0.75
99, 0.82
99.1, 0.79
99.2, 0.6
99.3, 0.24
99.4, 0.04
99.5, -0.13
99.6, -0.33
99.7, -0.39
99.8, -0.43
99.9, -0.62
100, -0.88
100.1, -0.92
100.2, -0.82
100.3, -0.66
100.4, -0.53
100.5, -0.48
100.6, -0.44
100.7, -0.19
100.8, -0.06
100.9, -0.04
101, -0.06
101.1, 0.02
101.2, 0.04
101.3, 0.02
101.4, -0.29
101.5, -0.24
101.6, -0.05
101.7, 0.09
101.8, 0.02
101.9, 0.13
102, 0.43
102.1, 0.95
102.2, 1.34
102.3, 1.58
102.4, 1.75
102.5, 1.94
102.6, 1.95
102.7, 2.08
102.8, 2.1
102.9, 1.56
103, 1.15
103.1, 1.11
103.2, 1.05
103.3, 0.85
103.4, 0.55
103.5, 0.41
103.6, 0.24
103.7, 0.09
103.8, -0.28
103.9, -0.38
104, -0.42
104.1, -0.71
104.2, -0.67
104.3, -0.57
104.4, -0.59
104.5, -0.51
104.6, -0.33
104.7, -0.33
104.8, -0.39
104.9, -0.46
105, -0.36
105.1, -0.02
105.2, 0.51
105.3, 0.96
105.4, 1.23
105.5, 1.3
105.6, 1.23
105.7, 1.11
105.8, 1.07
105.9, 1.27
106, 1.42
106.1, 1.52
106.2, 1.67
106.3, 1.84
106.4, 2.2
106.5, 2.13
106.6, 2.05
106.7, 2.31
106.8, 2.76
106.9, 2.79
107, 2.6
107.1, 2.47
107.2, 2.55
107.3, 2.65
107.4, 2.37
107.5, 1.91
107.6, 1.42
107.7, 1.26
107.8, 1.23
107.9, 1.07
108, 0.74
108.1, 0.45
108.2, -0.09
108.3, -0.56
108.4, -0.79
108.5, -0.9
108.6, -1.13
108.7, -1.18
108.8, -1.51
108.9, -1.75
109, -1.73
109.1, -1.76
109.2, -1.85
109.3, -1.98
109.4, -2.02
109.5, -1.99
109.6, -1.85
109.7, -2.04
109.8, -2.16
109.9, -2.27
110, -2.31
110.1, -2.57
110.2, -2.55
110.3, -2.35
110.4, -2.44
110.5, -2.51
110.6, -2.46
110.7, -2.45
110.8, -2.29
110.9, -2.23
111, -1.8
111.1, -1.46
111.2, -1.32
111.3, -1.18
111.4, -0.81
111.5, -0.68
111.6, -0.62
111.7, -0.57
111.8, -0.48
111.9, -0.4
112, -0.54
112.1, -0.72
112.2, -0.75
112.3, -0.9
112.4, -0.88
112.5, -1.13
112.6, -1.31
112.7, -1.16
112.8, -1.22
112.9, -1.24
113, -1.15
113.1, -1.39
113.2, -1.65
113.3, -1.65
113.4, -1.51
113.5, -1.51
113.6, -1.71
113.7, -1.88
113.8, -1.97
113.9, -1.95
114, -1.84
114.1, -1.9
114.2, -2.12
114.3, -2.11
114.4, -2.23
114.5, -2.1
114.6, -1.82
114.7, -1.57
114.8, -1.35
114.9, -1.12
115, -0.89
115.1, -0.71
115.2, -0.49
115.3, -0.25
115.4, 0.11
115.5, 0.42
115.6, 0.66
115.7, 0.86
115.8, 1.23
115.9, 1.51
116, 2.03
116.1, 2.39
116.2, 2.78
116.3, 2.82
116.4, 2.95
116.5, 2.83
116.6, 2.16
116.7, 1.63
116.8, 1.51
116.9, 1.58
117, 1.45
117.1, 1.41
117.2, 1.46
117.3, 1.64
117.4, 1.51
117.5, 1.45
117.6, 1.37
117.7, 1.31
117.8, 1.17
117.9, 0.99
118, 0.92
118.1, 0.74
118.2, 0.65
118.3, 0.68
118.4, 0.49
118.5, 0.43
118.6, 0.55
118.7, 0.6
118.8, 0.5
118.9, 0.38
119, 0.41
119.1, 0.5
119.2, 0.77
119.3, 0.84
119.4, 1.01
119.5, 0.98
119.6, 1.02
119.7, 1.37
119.8, 1.64
119.9, 1.79
120, 1.74
120.1, 2
120.2, 2.21
120.3, 2.41
120.4, 2.56
120.5, 2.85
120.6, 2.94
120.7, 3.19
120.8, 3.51
120.9, 3.76
121, 3.73
121.1, 3.04
121.2, 2.65
121.3, 3.01
121.4, 3.24
121.5, 3.33
121.6, 3.24
121.7, 3.02
121.8, 2.89
121.9, 2.62
122, 2.62
122.1, 2.68
122.2, 2.36
122.3, 2.23
122.4, 2.01
122.5, 1.87
122.6, 1.58
122.7, 1.46
122.8, 1.39
122.9, 1.31
123, 1.34
123.1, 1.43
123.2, 1.32
123.3, 1.36
123.4, 1.31
123.5, 1.18
123.6, 0.97
123.7, 0.96
123.8, 0.79
123.9, 0.69
124, 0.69
124.1, 0.59
124.2, 0.45
124.3, 0.54
124.4, 0.51
124.5, 0.55
124.6, 0.66
124.7, 0.83
124.8, 0.98
124.9, 1.31
125, 1.54
125.1, 1.48
125.2, 1.54
125.3, 1.76
125.4, 2.04
125.5, 2.03
125.6, 2.02
125.7, 1.6
125.8, 1.12
125.9, 1.12
126, 1.03
126.1, 1
126.2, 0.83
126.3, 0.7
126.4, 0.29
126.5, 0.3
126.6, 0.07
126.7, 0.12
126.8, 0.12
126.9, 0.03
127, -0.12
127.1, -0.09
127.2, -0.07
127.3, -0.05
127.4, -0.05
127.5, 0
127.6, 0.06
127.7, 0.27
127.8, 0.26
127.9, 0.26
128, 0.33
128.1, 0.41
128.2, 0.42
128.3, 0.4
128.4, 0.59
128.5, 0.77
128.6, 0.99
128.7, 1.14
128.8, 1.31
128.9, 1.53
129, 1.62
129.1, 1.71
129.2, 2.11
129.3, 2.19
129.4, 2.31
129.5, 2.44
129.6, 2.66
129.7, 2.76
129.8, 2.89
129.9, 3.05
130, 3.2
130.1, 3.58
130.2, 3.52
130.3, 3.13
130.4, 2.62
130.5, 2.57
130.6, 2.64
130.7, 2.38
130.8, 1.94
130.9, 1.92
131, 1.6
131.1, 1.25
131.2, 0.87
131.3, 0.46
131.4, -0.14
131.5, -0.36
131.6, -0.57
131.7, -0.82
131.8, -0.84
131.9, -0.8
132, -0.96
132.1, -1.14
132.2, -1.28
132.3, -1.27
132.4, -1.23
132.5, -1.28
132.6, -1.48
132.7, -1.63
132.8, -1.75
132.9, -1.99
133, -2.08
133.1, -1.83
133.2, -1.93
133.3, -1.93
133.4, -1.96
133.5, -1.82
133.6, -1.75
133.7, -1.81
133.8, -1.78
133.9, -1.87
134, -1.94
134.1, -1.85
134.2, -1.73
134.3, -1.63
134.4, -1.62
134.5, -1.74
134.6, -1.79
134.7, -2.06
134.8, -2.52
134.9, -2.72
135, -2.26
135.1, -2.33
135.2, -2.51
135.3, -2.92
135.4, -3.41
135.5, -3.45
135.6, -3.39
135.7, -3.37
135.8, -3.48
135.9, -3.69
136, -3.93
136.1, -4.14
136.2, -4.25
136.3, -4.31
136.4, -4.25
136.5, -4.18
136.6, -4.21
136.7, -4.29
136.8, -4.28
136.9, -4.46
137, -4.54
137.1, -4.42
137.2, -4.71
137.3, -4.83
137.4, -4.57
137.5, -4.4
137.6, -4.36
137.7, -4.4
137.8, -4.09
137.9, -4.16
138, -3.94
138.1, -3.76
138.2, -3.31
138.3, -2.91
138.4, -2.92
138.5, -2.74
138.6, -2.46
138.7, -2.19
138.8, -1.92
138.9, -1.64
139, -1.9
139.1, -2.25
139.2, -1.9
139.3, -1.25
139.4, -1.03
139.5, -1.31
139.6, -1.99
139.7, -2.14
139.8, -1.95
139.9, -2.28
140, -2.21
140.1, -2.13
140.2, -1.74
140.3, -1.82
140.4, -2.17
140.5, -2.3
140.6, -2.44
140.7, -2.29
140.8, -2.34
140.9, -2.36
141, -2.23
141.1, -2.15
141.2, -2.23
141.3, -2.45
141.4, -2.3
141.5, -2.41
141.6, -2.55
141.7, -2.48
141.8, -2.29
141.9, -2.24
142, -2.13
142.1, -2.02
142.2, -1.74
142.3, -1.58
142.4, -1.53
142.5, -1.51
142.6, -1.53
142.7, -1.76
142.8, -1.72
142.9, -1.59
143, -1.46
143.1, -1.72
143.2, -1.49
143.3, -0.95
143.4, -0.5
143.5, -0.06
143.6, -0.01
143.7, 0.15
143.8, 0.37
143.9, 0.01
144, -0.43
144.1, -0.24
144.2, 0.23
144.3, 0.5
144.4, 0.56
144.5, 0.43
144.6, 0.44
144.7, 0.44
144.8, 0.62
144.9, 0.6
145, 0.58
145.1, 0.65
145.2, 0.7
145.3, 0.8
145.4, 0.75
145.5, 0.67
145.6, 0.66
145.7, 0.69
145.8, 0.67
145.9, 0.47
146, 0.41
146.1, 0.58
146.2, 1.06
146.3, 1.08
146.4, 1.13
146.5, 1
146.6, 0.97
146.7, 0.73
146.8, 0.61
146.9, 0.65
147, 0.66
147.1, 0.73
147.2, 0.54
147.3, 0.65
147.4, 0.74
147.5, 0.84
147.6, 0.68
147.7, 0.69
147.8, 0.86
147.9, 1.23
148, 1.37
148.1, 1.42
148.2, 1.43
148.3, 1.34
148.4, 1.05
148.5, 0.9
148.6, 0.82
148.7, 0.98
148.8, 0.83
148.9, 0.72
149, 0.9
149.1, 0.98
149.2, 0.79
149.3, 0.69
149.4, 0.3
149.5, -0.08
149.6, -0.33
149.7, -0.41
149.8, -0.49
149.9, -0.57
150, -0.78
150.1, -1.05
150.2, -1.14
150.3, -1.03
150.4, -1.28
150.5, -1.31
150.6, -1.17
150.7, -1.11
150.8, -1.08
150.9, -1.23
151, -1.37
151.1, -1.32
151.2, -1.02
151.3, -0.9
151.4, -0.69
151.5, -0.03
151.6, -0.1
151.7, -0.47
151.8, -0.59
151.9, -0.1
152, -0.11
152.1, -0.18
152.2, 0.15
152.3, 0.45
152.4, 0.69
153, 0.69
153.1, -4.55
ENDTABLE
#RadioCtrl0 1    
#RadioCtrl1 1    



#EMBEDDED_NOTES
#Road roughness is elevation of the road that is added under the tires as the vehicle travels. It is not seen in the animator.
#
#Rough Road 02:
#
#Curled PCC
#92 in/mi (1.45 m/km) IRI
#Test Road Speed Limit = 70 mph (112.65 kph)
#US-23 North, Near Ottawa Lake
#
#PCC = Portland Cement Concrete
#IRI = International Roughness Index
#END_EMBEDDED_NOTES

LOG_ENTRY Used Dataset: Surface: Roughness Profiles; { Road Roughness: Sample Data } Rough Road 02 - 92 in/mi (1.45 m/km)
#Library : Surface: Roughness Profiles
#DataSet : Rough Road 02 - 92 in/mi (1.45 m/km)
#Category: Road Roughness: Sample Data
#FileID  : Profile_7e9e395f-1b2b-43e2-b310-9d23095dd171
#Product : TruckSim 2020.1
#VehCode Roughness Profile

END
