PARSFILE
#FullDataName Surface: Roughness Profiles`Rough Road 05 - 77 in/mi (1.125 m/km)`Road Roughness: Sample Data
#CheckBox0 0    

#RingCtrl0 LINEAR_LOOP
#DiagramOne0
ISIDE 1
Z_PROFILE_TABLE LINEAR_LOOP
0, -3.55
0.075, -3.52
0.15, -3.49
0.225, -3.48
0.3, -3.54
0.375, -3.49
0.45, -3.55
0.525, -3.46
0.6, -3.44
0.675, -3.44
0.75, -3.36
0.825, -3.29
0.9, -3.22
0.975, -3.24
1.05, -3.27
1.125, -3.22
1.2, -3.09
1.275, -2.98
1.35, -2.77
1.425, -2.69
1.5, -2.57
1.575, -2.49
1.65, -2.43
1.725, -2.42
1.8, -2.45
1.875, -2.42
1.95, -2.56
2.025, -2.62
2.1, -2.77
2.175, -3
2.25, -3.31
2.325, -3.65
2.4, -3.96
2.475, -4.33
2.55, -4.65
2.625, -4.95
2.7, -5.05
2.775, -4.95
2.85, -4.81
2.925, -4.46
3, -4.13
3.075, -3.72
3.15, -3.38
3.225, -2.93
3.3, -2.6
3.375, -2.3
3.45, -2.18
3.525, -2.1
3.6, -2
3.675, -1.98
3.75, -1.92
3.825, -2
3.9, -2.69
3.975, -2.97
4.05, -3.07
4.125, -2.49
4.2, -2.1
4.275, -1.98
4.35, -1.86
4.425, -1.73
4.5, -1.78
4.575, -1.78
4.65, -1.76
4.725, -1.67
4.8, -1.39
4.875, -1.31
4.95, -1.19
5.025, -1.04
5.1, -0.98
5.175, -0.88
5.25, -0.77
5.325, -0.66
5.4, -0.54
5.475, -0.4
5.55, -0.25
5.625, -0.15
5.7, 0.01
5.775, 0.07
5.85, 0.19
5.925, 0.36
6, 0.5
6.075, 0.6
6.15, 0.68
6.225, 0.73
6.3, 0.76
6.375, 0.79
6.45, 0.71
6.525, 0.66
6.6, 0.63
6.675, 0.7
6.75, 0.67
6.825, 0.67
6.9, 0.64
6.975, 0.67
7.05, 0.72
7.125, 0.81
7.2, 0.84
7.275, 0.91
7.35, 1.02
7.425, 1.13
7.5, 1.26
7.575, 1.35
7.65, 1.45
7.725, 1.62
7.8, 1.78
7.875, 2.01
7.95, 2.18
8.025, 2.25
8.1, 2.43
8.175, 2.6
8.25, 2.78
8.325, 2.87
8.4, 2.93
8.475, 2.94
8.55, 2.88
8.625, 2.78
8.7, 2.71
8.775, 2.76
8.85, 2.72
8.925, 2.74
9, 2.79
9.075, 2.77
9.15, 2.82
9.225, 2.8
9.3, 2.76
9.375, 2.79
9.45, 2.87
9.525, 3.03
9.6, 3.08
9.675, 3.11
9.75, 3.16
9.825, 3.19
9.9, 3.16
9.975, 3.03
10.05, 2.93
10.125, 2.95
10.2, 3.07
10.275, 3.19
10.35, 3.22
10.425, 3.24
10.5, 3.26
10.575, 3.24
10.65, 3.37
10.725, 3.34
10.8, 3.39
10.875, 3.2
10.95, 3.12
11.025, 3.04
11.1, 3.05
11.175, 3.15
11.25, 3.3
11.325, 3.41
11.4, 3.56
11.475, 3.68
11.55, 3.81
11.625, 3.96
11.7, 4.17
11.775, 4.28
11.85, 4.38
11.925, 4.43
12, 4.61
12.075, 4.7
12.15, 4.84
12.225, 4.87
12.3, 4.86
12.375, 4.81
12.45, 4.85
12.525, 4.86
12.6, 4.98
12.675, 5.05
12.75, 5.18
12.825, 5.29
12.9, 5.39
12.975, 5.39
13.05, 5.4
13.125, 5.4
13.2, 5.45
13.275, 5.51
13.35, 5.55
13.425, 5.58
13.5, 5.58
13.575, 5.59
13.65, 5.52
13.725, 5.42
13.8, 5.28
13.875, 5.17
13.95, 5.06
14.025, 4.98
14.1, 4.92
14.175, 4.87
14.25, 4.91
14.325, 4.95
14.4, 5.02
14.475, 5.25
14.55, 5.41
14.625, 5.64
14.7, 5.72
14.775, 5.69
14.85, 5.72
14.925, 5.68
15, 5.75
15.075, 5.77
15.15, 5.83
15.225, 6.01
15.3, 6.23
15.375, 6.34
15.45, 6.4
15.525, 6.44
15.6, 6.48
15.675, 6.75
15.75, 6.88
15.825, 6.98
15.9, 7.12
15.975, 7.17
16.05, 7.19
16.125, 7.24
16.2, 7.25
16.275, 7.3
16.35, 7.25
16.425, 7.2
16.5, 7.05
16.575, 6.88
16.65, 6.59
16.725, 6.39
16.8, 6.28
16.875, 6.4
16.95, 6.54
17.025, 6.6
17.1, 6.64
17.175, 6.72
17.25, 6.73
17.325, 6.8
17.4, 6.85
17.475, 6.89
17.55, 7
17.625, 6.95
17.7, 6.97
17.775, 6.99
17.85, 7.02
17.925, 7.1
18, 7.16
18.075, 7.24
18.15, 7.32
18.225, 7.5
18.3, 7.74
18.375, 8.02
18.45, 8.24
18.525, 8.5
18.6, 8.79
18.675, 9.1
18.75, 9.28
18.825, 9.43
18.9, 9.43
18.975, 9.49
19.05, 9.59
19.125, 9.57
19.2, 9.46
19.275, 9.22
19.35, 8.84
19.425, 8.6
19.5, 8.4
19.575, 8.37
19.65, 8.29
19.725, 8.26
19.8, 8.19
19.875, 8.23
19.95, 8.26
20.025, 8.12
20.1, 8.21
20.175, 8.43
20.25, 8.79
20.325, 8.98
20.4, 8.94
20.475, 8.86
20.55, 8.77
20.625, 8.7
20.7, 8.61
20.775, 8.46
20.85, 8.46
20.925, 8.41
21, 8.41
21.075, 8.2
21.15, 8.03
21.225, 7.82
21.3, 7.63
21.375, 7.23
21.45, 6.82
21.525, 6.45
21.6, 6.24
21.675, 6.24
21.75, 6.31
21.825, 6.35
21.9, 6.44
21.975, 6.43
22.05, 6.39
22.125, 6.23
22.2, 6.08
22.275, 6.04
22.35, 5.94
22.425, 5.84
22.5, 5.66
22.575, 5.46
22.65, 5.33
22.725, 5.3
22.8, 5.23
22.875, 5.14
22.95, 5.13
23.025, 5.21
23.1, 5.38
23.175, 5.44
23.25, 5.53
23.325, 5.62
23.4, 5.75
23.475, 5.93
23.55, 6.21
23.625, 6.38
23.7, 6.69
23.775, 6.82
23.85, 7.04
23.925, 7.05
24, 7.03
24.075, 7.05
24.15, 7.05
24.225, 7.08
24.3, 7.07
24.375, 7.05
24.45, 7.06
24.525, 7.02
24.6, 6.95
24.675, 6.91
24.75, 6.88
24.825, 6.67
24.9, 6.33
24.975, 6.33
25.05, 6.61
25.125, 7.09
25.2, 7.48
25.275, 7.5
25.35, 7.47
25.425, 7.46
25.5, 7.46
25.575, 7.52
25.65, 7.54
25.725, 7.48
25.8, 7.46
25.875, 7.43
25.95, 7.48
26.025, 7.5
26.1, 7.61
26.175, 7.62
26.25, 7.61
26.325, 7.68
26.4, 7.78
26.475, 7.82
26.55, 7.87
26.625, 7.86
26.7, 7.84
26.775, 7.8
26.85, 7.76
26.925, 7.65
27, 7.61
27.075, 7.46
27.15, 7.44
27.225, 7.4
27.3, 7.44
27.375, 7.45
27.45, 7.46
27.525, 7.4
27.6, 7.37
27.675, 7.33
27.75, 7.13
27.825, 7.02
27.9, 6.85
27.975, 6.88
28.05, 6.98
28.125, 6.91
28.2, 6.95
28.275, 6.99
28.35, 7.27
28.425, 7.42
28.5, 7.57
28.575, 7.7
28.65, 7.69
28.725, 7.7
28.8, 7.7
28.875, 7.72
28.95, 7.75
29.025, 7.78
29.1, 7.79
29.175, 7.81
29.25, 7.77
29.325, 7.8
29.4, 7.77
29.475, 7.82
29.55, 7.86
29.625, 7.92
29.7, 7.84
29.775, 7.77
29.85, 7.67
29.925, 7.53
30, 7.44
30.075, 7.26
30.15, 7.13
30.225, 7.06
30.3, 6.92
30.375, 6.65
30.45, 6.43
30.525, 6.21
30.6, 6.1
30.675, 6.02
30.75, 5.97
30.825, 5.92
30.9, 5.92
30.975, 5.92
31.05, 5.94
31.125, 5.98
31.2, 6.13
31.275, 6.28
31.35, 6.32
31.425, 6.34
31.5, 6.27
31.575, 6.23
31.65, 6.21
31.725, 6.16
31.8, 6.3
31.875, 6.41
31.95, 6.64
32.025, 6.66
32.1, 6.65
32.175, 6.53
32.25, 6.45
32.325, 6.48
32.4, 6.45
32.475, 6.48
32.55, 6.59
32.625, 6.6
32.7, 6.69
32.775, 6.7
32.85, 6.8
32.925, 7
33, 7.08
33.075, 7.13
33.15, 7.12
33.225, 7.11
33.3, 7.14
33.375, 7.22
33.45, 7.3
33.525, 7.39
33.6, 7.54
33.675, 7.67
33.75, 7.89
33.825, 8
33.9, 8.04
33.975, 7.89
34.05, 7.75
34.125, 7.64
34.2, 7.65
34.275, 7.51
34.35, 7.42
34.425, 7.28
34.5, 7.29
34.575, 7.25
34.65, 7.14
34.725, 7
34.8, 6.9
34.875, 6.79
34.95, 6.76
35.025, 6.7
35.1, 6.66
35.175, 6.57
35.25, 6.43
35.325, 6.43
35.4, 6.44
35.475, 6.59
35.55, 6.67
35.625, 6.78
35.7, 6.79
35.775, 6.81
35.85, 6.85
35.925, 6.91
36, 6.94
36.075, 6.97
36.15, 7.06
36.225, 7.24
36.3, 7.35
36.375, 7.31
36.45, 7.21
36.525, 7.23
36.6, 7.38
36.675, 7.56
36.75, 7.68
36.825, 7.74
36.9, 7.59
36.975, 7.4
37.05, 7.13
37.125, 6.89
37.2, 6.77
37.275, 6.82
37.35, 6.83
37.425, 6.87
37.5, 6.81
37.575, 6.82
37.65, 6.73
37.725, 6.58
37.8, 6.43
37.875, 6.38
37.95, 6.34
38.025, 6.35
38.1, 6.31
38.175, 6.39
38.25, 6.44
38.325, 6.53
38.4, 6.55
38.475, 6.54
38.55, 6.51
38.625, 6.53
38.7, 6.55
38.775, 6.53
38.85, 6.5
38.925, 6.47
39, 6.42
39.075, 6.43
39.15, 6.35
39.225, 6.28
39.3, 6.18
39.375, 6.13
39.45, 6.11
39.525, 6.07
39.6, 5.99
39.675, 5.88
39.75, 5.77
39.825, 5.66
39.9, 5.55
39.975, 5.5
40.05, 5.37
40.125, 5.3
40.2, 5.34
40.275, 5.18
40.35, 5.1
40.425, 4.99
40.5, 5.02
40.575, 5.08
40.65, 5.08
40.725, 5.05
40.8, 5.06
40.875, 5.07
40.95, 5.05
41.025, 4.99
41.1, 4.97
41.175, 4.99
41.25, 4.99
41.325, 4.99
41.4, 4.94
41.475, 4.87
41.55, 4.8
41.625, 4.72
41.7, 4.63
41.775, 4.46
41.85, 4.29
41.925, 4.08
42, 3.86
42.075, 3.7
42.15, 3.55
42.225, 3.4
42.3, 3.27
42.375, 3.15
42.45, 3.09
42.525, 3.12
42.6, 3.15
42.675, 3.15
42.75, 3.09
42.825, 3.08
42.9, 3.11
42.975, 3.09
43.05, 3.04
43.125, 2.88
43.2, 2.72
43.275, 2.66
43.35, 2.5
43.425, 2.51
43.5, 2.3
43.575, 2.2
43.65, 2.06
43.725, 2.01
43.8, 1.94
43.875, 1.92
43.95, 1.87
44.025, 1.81
44.1, 1.53
44.175, 1.08
44.25, 0.78
44.325, 0.64
44.4, 0.8
44.475, 0.81
44.55, 0.75
44.625, 0.7
44.7, 0.61
44.775, 0.6
44.85, 0.34
44.925, 0.19
45, -0.06
45.075, -0.17
45.15, -0.23
45.225, -0.26
45.3, -0.23
45.375, -0.23
45.45, -0.25
45.525, -0.22
45.6, -0.22
45.675, -0.2
45.75, -0.24
45.825, -0.33
45.9, -0.54
45.975, -0.74
46.05, -0.95
46.125, -1.07
46.2, -1.17
46.275, -1.2
46.35, -1.27
46.425, -1.38
46.5, -1.46
46.575, -1.55
46.65, -1.55
46.725, -1.58
46.8, -1.61
46.875, -1.57
46.95, -1.53
47.025, -1.61
47.1, -1.74
47.175, -1.87
47.25, -1.92
47.325, -1.86
47.4, -1.79
47.475, -1.75
47.55, -1.72
47.625, -1.72
47.7, -1.69
47.775, -1.8
47.85, -1.93
47.925, -2.22
48, -2.43
48.075, -2.62
48.15, -2.88
48.225, -3.01
48.3, -3.15
48.375, -3.24
48.45, -3.25
48.525, -3.29
48.6, -3.29
48.675, -3.42
48.75, -3.47
48.825, -3.51
48.9, -3.47
48.975, -3.4
49.05, -3.44
49.125, -3.46
49.2, -3.53
49.275, -3.71
49.35, -3.78
49.425, -3.78
49.5, -3.55
49.575, -3.33
49.65, -3.22
49.725, -3.15
49.8, -3.11
49.875, -3.08
49.95, -3.04
50.025, -3.01
50.1, -2.91
50.175, -2.83
50.25, -2.8
50.325, -2.7
50.4, -2.68
50.475, -2.61
50.55, -2.48
50.625, -2.42
50.7, -2.48
50.775, -2.57
50.85, -2.81
50.925, -3.3
51, -3.76
51.075, -3.87
51.15, -3.64
51.225, -3.18
51.3, -3
51.375, -2.94
51.45, -2.94
51.525, -3.04
51.6, -3.11
51.675, -3.1
51.75, -3.09
51.825, -2.93
51.9, -2.96
51.975, -2.98
52.05, -2.95
52.125, -2.86
52.2, -2.67
52.275, -2.61
52.35, -2.49
52.425, -2.46
52.5, -2.41
52.575, -2.38
52.65, -2.3
52.725, -2.2
52.8, -2.11
52.875, -2.08
52.95, -2.13
53.025, -2.23
53.1, -2.17
53.175, -2.04
53.25, -2
53.325, -1.91
53.4, -1.89
53.475, -1.7
53.55, -1.57
53.625, -1.38
53.7, -1.19
53.775, -1.06
53.85, -1.04
53.925, -1.1
54, -1.14
54.075, -1.17
54.15, -1.24
54.225, -1.18
54.3, -1.22
54.375, -1.17
54.45, -1.15
54.525, -1.1
54.6, -0.98
54.675, -0.9
54.75, -0.79
54.825, -0.81
54.9, -0.78
54.975, -0.72
55.05, -0.54
55.125, -0.3
55.2, -0.12
55.275, 0.04
55.35, 0.15
55.425, 0.19
55.5, 0.24
55.575, 0.17
55.65, 0.11
55.725, -0.02
55.8, -0.18
55.875, -0.16
55.95, -0.07
56.025, 0.01
56.1, 0.1
56.175, 0.14
56.25, 0.28
56.325, 0.38
56.4, 0.48
56.475, 0.54
56.55, 0.55
56.625, 0.66
56.7, 0.62
56.775, 0.8
56.85, 0.9
56.925, 1.09
57, 1.11
57.075, 1.06
57.15, 0.97
57.225, 1.01
57.3, 1.04
57.375, 1.17
57.45, 1.32
57.525, 1.58
57.6, 1.81
57.675, 1.94
57.75, 1.94
57.825, 1.76
57.9, 1.66
57.975, 1.54
58.05, 1.49
58.125, 1.44
58.2, 1.44
58.275, 1.5
58.35, 1.56
58.425, 1.59
58.5, 1.55
58.575, 1.52
58.65, 1.47
58.725, 1.32
58.8, 1.26
58.875, 1.15
58.95, 1.09
59.025, 1.15
59.1, 1.21
59.175, 1.23
59.25, 1.29
59.325, 1.37
59.4, 1.41
59.475, 1.45
59.55, 1.52
59.625, 1.52
59.7, 1.47
59.775, 1.38
59.85, 1.26
59.925, 1.25
60, 1.26
60.075, 1.38
60.15, 1.4
60.225, 1.44
60.3, 1.46
60.375, 1.48
60.45, 1.58
60.525, 1.52
60.6, 1.51
60.675, 1.4
60.75, 1.32
60.825, 1.1
60.9, 0.77
60.975, 0.49
61.05, 0.1
61.125, -0.24
61.2, -0.49
61.275, -0.59
61.35, -0.48
61.425, -0.4
61.5, -0.34
61.575, -0.3
61.65, -0.23
61.725, -0.04
61.8, 0.11
61.875, 0.29
61.95, 0.44
62.025, 0.56
62.1, 0.73
62.175, 0.84
62.25, 0.97
62.325, 1.01
62.4, 1.02
62.475, 1.01
62.55, 0.97
62.625, 0.97
62.7, 0.96
62.775, 0.98
62.85, 0.92
62.925, 0.94
63, 0.92
63.075, 0.94
63.15, 0.93
63.225, 0.96
63.3, 0.91
63.375, 0.9
63.45, 0.88
63.525, 0.85
63.6, 0.76
63.675, 0.71
63.75, 0.58
63.825, 0.47
63.9, 0.35
63.975, 0.27
64.05, 0.33
64.125, 0.34
64.2, 0.49
64.275, 0.73
64.35, 0.84
64.425, 0.88
64.5, 0.69
64.575, 0.56
64.65, 0.51
64.725, 0.54
64.8, 0.58
64.875, 0.6
64.95, 0.58
65.025, 0.62
65.1, 0.82
65.175, 1.1
65.25, 1.28
65.325, 1.4
65.4, 1.41
65.475, 1.24
65.55, 0.8
65.625, 0.53
65.7, 0.68
65.775, 1.17
65.85, 1.69
65.925, 1.77
66, 1.87
66.075, 2.04
66.15, 2.13
66.225, 2.21
66.3, 2.24
66.375, 2.33
66.45, 2.53
66.525, 2.6
66.6, 2.72
66.675, 2.75
66.75, 2.72
66.825, 2.75
66.9, 2.77
66.975, 2.72
67.05, 2.81
67.125, 2.91
67.2, 2.99
67.275, 3.14
67.35, 3.25
67.425, 3.38
67.5, 3.41
67.575, 3.35
67.65, 3.27
67.725, 3.15
67.8, 3.12
67.875, 3.17
67.95, 3.19
68.025, 3.33
68.1, 3.4
68.175, 3.52
68.25, 3.7
68.325, 3.86
68.4, 4.14
68.475, 4.31
68.55, 4.38
68.625, 4.45
68.7, 4.49
68.775, 4.47
68.85, 4.41
68.925, 4.27
69, 4.23
69.075, 4.23
69.15, 4.28
69.225, 4.47
69.3, 4.48
69.375, 4.51
69.45, 4.51
69.525, 4.45
69.6, 4.5
69.675, 4.51
69.75, 4.54
69.825, 4.59
69.9, 4.43
69.975, 4.28
70.05, 3.96
70.125, 3.6
70.2, 2.82
70.275, 2.43
70.35, 2.34
70.425, 2.63
70.5, 3.04
70.575, 3.25
70.65, 3.43
70.725, 3.58
70.8, 3.65
70.875, 3.61
70.95, 3.5
71.025, 3.32
71.1, 3.08
71.175, 2.82
71.25, 2.64
71.325, 2.42
71.4, 2.26
71.475, 2.15
71.55, 2.15
71.625, 2.09
71.7, 2.05
71.775, 2.03
71.85, 1.94
71.925, 1.99
72, 1.93
72.075, 1.81
72.15, 1.6
72.225, 1.39
72.3, 1.16
72.375, 0.99
72.45, 0.76
72.525, 0.53
72.6, 0.36
72.675, 0.03
72.75, -0.27
72.825, -0.61
72.9, -1.01
72.975, -1.29
73.05, -1.52
73.125, -1.58
73.2, -1.62
73.275, -1.68
73.35, -1.71
73.425, -1.75
73.5, -1.78
73.575, -1.85
73.65, -1.86
73.725, -1.96
73.8, -1.99
73.875, -2.14
73.95, -2.29
74.025, -2.38
74.1, -2.44
74.175, -2.45
74.25, -2.39
74.325, -2.47
74.4, -2.59
74.475, -2.74
74.55, -2.8
74.625, -2.88
74.7, -3.02
74.775, -3.27
74.85, -3.34
74.925, -3.48
75, -3.57
75.075, -3.68
75.15, -3.75
75.225, -3.81
75.3, -3.9
75.375, -3.97
75.45, -4.1
75.525, -4.54
75.6, -4.97
75.675, -5.18
75.75, -5.14
75.825, -4.7
75.9, -4.59
75.975, -4.55
76.05, -4.53
76.125, -4.53
76.2, -4.49
76.275, -4.38
76.35, -4.35
76.425, -4.29
76.5, -4.32
76.575, -4.39
76.65, -4.48
76.725, -4.62
76.8, -4.75
76.875, -4.91
76.95, -4.99
77.025, -5.11
77.1, -5.12
77.175, -5.13
77.25, -5.09
77.325, -5.06
77.4, -5.01
77.475, -4.97
77.55, -4.86
77.625, -4.84
77.7, -4.88
77.775, -4.93
77.85, -4.89
77.925, -4.87
78, -4.97
78.075, -5.09
78.15, -5.21
78.225, -5.22
78.3, -5.31
78.375, -5.43
78.45, -5.67
78.525, -5.92
78.6, -6.36
78.675, -6.69
78.75, -7.03
78.825, -7.1
78.9, -7.13
78.975, -7.09
79.05, -7.16
79.125, -7.18
79.2, -7.16
79.275, -7.08
79.35, -7.01
79.425, -7.1
79.5, -7.15
79.575, -7.25
79.65, -7.33
79.725, -7.54
79.8, -7.69
79.875, -7.81
79.95, -7.9
80.025, -8
80.1, -8.03
80.175, -8.11
80.25, -8.15
80.325, -8.21
80.4, -8.25
80.475, -8.21
80.55, -8.19
80.625, -8.19
80.7, -8.23
80.775, -8.21
80.85, -8.22
80.925, -8.25
81, -8.25
81.075, -8.26
81.15, -8.23
81.225, -8.16
81.3, -8.04
81.375, -8.06
81.45, -8.09
81.525, -8.16
81.6, -8.15
81.675, -8.07
81.75, -7.89
81.825, -7.69
81.9, -7.4
81.975, -7.09
82.05, -6.89
82.125, -6.66
82.2, -6.6
82.275, -6.32
82.35, -6.15
82.425, -6.02
82.5, -5.98
82.575, -5.93
82.65, -5.86
82.725, -5.84
82.8, -5.81
82.875, -5.75
82.95, -5.65
83.025, -5.58
83.1, -5.53
83.175, -5.39
83.25, -5.31
83.325, -5.21
83.4, -5.2
83.475, -5.06
83.55, -4.94
83.625, -4.82
83.7, -4.79
83.775, -4.79
83.85, -4.84
83.925, -4.92
84, -4.89
84.075, -4.84
84.15, -4.74
84.225, -4.68
84.3, -4.59
84.375, -4.49
84.45, -4.44
84.525, -4.44
84.6, -4.42
84.675, -4.36
84.75, -4.26
84.825, -4.23
84.9, -4.22
84.975, -4.34
85.05, -4.29
85.125, -4.35
85.2, -4.27
85.275, -4.23
85.35, -4.2
85.425, -4.08
85.5, -3.96
85.575, -3.81
85.65, -3.74
85.725, -3.65
85.8, -3.59
85.875, -3.51
85.95, -3.35
86.025, -3.28
86.1, -3.25
86.175, -3.33
86.25, -3.46
86.325, -3.61
86.4, -3.64
86.475, -3.72
86.55, -3.79
86.625, -3.82
86.7, -3.86
86.775, -4.06
86.85, -4.5
86.925, -4.65
87, -4.79
87.075, -4.41
87.15, -4.35
87.225, -4.28
87.3, -4.38
87.375, -4.56
87.45, -4.68
87.525, -4.8
87.6, -4.82
87.675, -4.86
87.75, -4.84
87.825, -4.9
87.9, -5.03
87.975, -5.22
88.05, -5.34
88.125, -5.31
88.2, -5.29
88.275, -5.21
88.35, -5.19
88.425, -5.19
88.5, -5.24
88.575, -5.26
88.65, -5.34
88.725, -5.42
88.8, -5.37
88.875, -5.35
88.95, -5.32
89.025, -5.46
89.1, -5.52
89.175, -5.56
89.25, -5.56
89.325, -5.58
89.4, -5.52
89.475, -5.5
89.55, -5.44
89.625, -5.41
89.7, -5.36
89.775, -5.19
89.85, -5.11
89.925, -4.88
90, -4.79
90.075, -4.69
90.15, -4.65
90.225, -4.64
90.3, -4.66
90.375, -4.74
90.45, -4.91
90.525, -5.07
90.6, -5.18
90.675, -5.38
90.75, -5.46
90.825, -5.75
90.9, -5.79
90.975, -5.81
91.05, -5.75
91.125, -5.77
91.2, -5.91
91.275, -6.06
91.35, -6.13
91.425, -6.17
91.5, -6.23
91.575, -6.25
91.65, -6.34
91.725, -6.43
91.8, -6.49
91.875, -6.59
91.95, -6.67
92.025, -6.71
92.1, -6.75
92.175, -6.63
92.25, -6.62
92.325, -6.62
92.4, -6.68
92.475, -6.7
92.55, -6.78
92.625, -6.85
92.7, -6.93
92.775, -6.82
92.85, -6.72
92.925, -6.64
93, -6.54
93.075, -6.38
93.15, -6.24
93.225, -6.1
93.3, -6.11
93.375, -6.17
93.45, -6.19
93.525, -6.31
93.6, -6.48
93.675, -6.71
93.75, -6.89
93.825, -7.05
93.9, -7.21
93.975, -7.31
94.05, -7.41
94.125, -7.43
94.2, -7.44
94.275, -7.34
94.35, -7.15
94.425, -6.99
94.5, -6.93
94.575, -6.9
94.65, -6.95
94.725, -6.88
94.8, -6.89
94.875, -6.91
94.95, -6.97
95.025, -7.08
95.1, -7.31
95.175, -7.43
95.25, -7.45
95.325, -7.33
95.4, -7.2
95.475, -7.1
95.55, -7.14
95.625, -7.08
95.7, -7
95.775, -6.84
95.85, -6.84
95.925, -6.93
96, -7.05
96.075, -7.05
96.15, -6.97
96.225, -6.78
96.3, -6.64
96.375, -6.44
96.45, -6.26
96.525, -6.18
96.6, -6.14
96.675, -6.13
96.75, -6.06
96.825, -5.94
96.9, -5.86
96.975, -5.85
97.05, -5.88
97.125, -5.84
97.2, -5.84
97.275, -5.83
97.35, -5.79
97.425, -5.75
97.5, -5.67
97.575, -5.51
97.65, -5.36
97.725, -5.21
97.8, -5.2
97.875, -5.12
97.95, -5.09
98.025, -5.05
98.1, -5.02
98.175, -5
98.25, -4.97
98.325, -4.98
98.4, -4.95
98.475, -4.88
98.55, -4.87
98.625, -4.82
98.7, -4.75
98.775, -4.59
98.85, -4.42
98.925, -4.3
99, -4.17
99.075, -3.99
99.15, -3.79
99.225, -3.45
99.3, -3.19
99.375, -2.96
99.45, -2.93
99.525, -2.89
99.6, -3.03
99.675, -3.15
99.75, -3.38
99.825, -3.6
99.9, -3.87
99.975, -4.1
100.05, -4.44
100.125, -4.78
100.2, -4.86
100.275, -4.82
100.35, -4.82
100.425, -4.93
100.5, -4.98
100.575, -4.98
100.65, -4.86
100.725, -4.84
100.8, -4.77
100.875, -4.63
100.95, -4.46
101.025, -4.13
101.1, -3.9
101.175, -3.63
101.25, -3.57
101.325, -3.57
101.4, -3.7
101.475, -3.78
101.55, -3.85
101.625, -3.81
101.7, -3.69
101.775, -3.58
101.85, -3.42
101.925, -3.33
102, -3.28
102.075, -3.28
102.15, -3.34
102.225, -3.38
102.3, -3.4
102.375, -3.43
102.45, -3.5
102.525, -3.6
102.6, -3.65
102.675, -3.75
102.75, -3.85
102.825, -3.93
102.9, -3.86
102.975, -3.8
103.05, -3.81
103.125, -3.91
103.2, -4.12
103.275, -4.2
103.35, -4.23
103.425, -4.06
103.5, -3.93
103.575, -3.75
103.65, -3.57
103.725, -3.49
103.8, -3.4
103.875, -3.43
103.95, -3.48
104.025, -3.5
104.1, -3.6
104.175, -3.71
104.25, -3.77
104.325, -3.71
104.4, -3.63
104.475, -3.58
104.55, -3.67
104.625, -3.97
104.7, -4.24
104.775, -4.53
104.85, -4.69
104.925, -4.82
105, -5
105.075, -5.09
105.15, -5.1
105.225, -4.92
105.3, -4.81
105.375, -4.71
105.45, -4.85
105.525, -4.96
105.6, -5.16
105.675, -5.19
105.75, -5.19
105.825, -5.01
105.9, -4.83
105.975, -4.62
106.05, -4.37
106.125, -4.07
106.2, -3.81
106.275, -3.6
106.35, -3.39
106.425, -3.1
106.5, -2.84
106.575, -2.52
106.65, -2.29
106.725, -2.09
106.8, -1.93
106.875, -1.73
106.95, -1.53
107.025, -1.34
107.1, -1.24
107.175, -1.2
107.25, -1.21
107.325, -1.24
107.4, -1.25
107.475, -1.15
107.55, -1.05
107.625, -0.92
107.7, -0.76
107.775, -0.59
107.85, -0.44
107.925, -0.35
108, -0.33
108.075, -0.43
108.15, -0.45
108.225, -0.59
108.3, -0.63
108.375, -0.73
108.45, -0.71
108.525, -0.67
108.6, -0.67
108.675, -0.63
108.75, -0.54
108.825, -0.27
108.9, -0.15
108.975, 0.1
109.05, 0.23
109.125, 0.4
109.2, 0.47
109.275, 0.48
109.35, 0.48
109.425, 0.7
109.5, 0.84
109.575, 1.12
109.65, 1.37
109.725, 1.6
109.8, 1.85
109.875, 2.15
109.95, 2.41
110.025, 2.72
110.1, 2.94
110.175, 3.11
110.25, 3.24
110.325, 3.4
110.4, 3.64
110.475, 3.89
110.55, 4.16
110.625, 4.22
110.7, 4.14
110.775, 3.94
110.85, 3.68
110.925, 3.59
111, 3.42
111.075, 3.39
111.15, 3.34
111.225, 3.26
111.3, 3.23
111.375, 3.21
111.45, 3.2
111.525, 3.32
111.6, 3.44
111.675, 3.65
111.75, 3.85
111.825, 3.98
111.9, 4.12
111.975, 4.28
112.05, 4.42
112.125, 4.52
112.2, 4.53
112.275, 4.51
112.35, 4.55
112.425, 4.59
112.5, 4.73
112.575, 4.77
112.65, 4.8
112.725, 4.73
112.8, 4.82
112.875, 4.74
112.95, 4.77
113.025, 4.7
113.1, 4.7
113.175, 4.83
113.25, 4.82
113.325, 4.92
113.4, 4.91
113.475, 4.95
113.55, 4.99
113.625, 5.02
113.7, 4.99
113.775, 4.93
113.85, 4.85
113.925, 4.96
114, 5.07
114.075, 5.23
114.15, 5.26
114.225, 5.32
114.3, 5.35
114.375, 5.42
114.45, 5.61
114.525, 5.58
114.6, 5.52
114.675, 5.46
114.75, 5.45
114.825, 5.47
114.9, 5.43
114.975, 5.4
115.05, 5.38
115.125, 5.39
115.2, 5.41
115.275, 5.44
115.35, 5.55
115.425, 5.58
115.5, 5.58
115.575, 5.54
115.65, 5.47
115.725, 5.38
115.8, 5.28
115.875, 5.16
115.95, 5.06
116.025, 5.06
116.1, 5.04
116.175, 4.99
116.25, 4.97
116.325, 4.96
116.4, 4.89
116.475, 4.77
116.55, 4.69
116.625, 4.56
116.7, 4.47
116.775, 4.3
116.85, 3.88
116.925, 3.4
117, 3.06
117.075, 2.97
117.15, 3.19
117.225, 3.34
117.3, 3.5
117.375, 3.65
117.45, 3.78
117.525, 3.98
117.6, 4.11
117.675, 4.31
117.75, 4.41
117.825, 4.51
117.9, 4.5
117.975, 4.54
118.05, 4.57
118.125, 4.69
118.2, 4.75
118.275, 4.86
118.35, 4.95
118.425, 5.03
118.5, 5.13
118.575, 5.28
118.65, 5.42
118.725, 5.58
118.8, 5.72
118.875, 5.84
118.95, 5.91
119.025, 5.99
119.1, 6.09
119.175, 6.15
119.25, 6.28
119.325, 6.38
119.4, 6.48
119.475, 6.54
119.55, 6.64
119.625, 6.74
119.7, 6.82
119.775, 6.78
119.85, 6.75
119.925, 6.73
120, 6.83
120.075, 6.83
120.15, 6.83
120.225, 6.89
120.3, 7.01
120.375, 7.13
120.45, 7.19
120.525, 7.25
120.6, 7.29
120.675, 7.37
120.75, 7.46
120.825, 7.53
120.9, 7.64
120.975, 7.73
121.05, 7.77
121.125, 7.8
121.2, 7.82
121.275, 7.84
121.35, 7.81
121.425, 7.77
121.5, 7.75
121.575, 7.75
121.65, 7.8
121.725, 7.84
121.8, 7.93
121.875, 8.01
121.95, 8.12
122.025, 8.15
122.1, 8.18
122.175, 8.09
122.25, 8.08
122.325, 7.96
122.4, 7.95
122.475, 7.84
122.55, 7.84
122.625, 7.88
122.7, 7.97
122.775, 8.05
122.85, 8.04
122.925, 7.99
123, 7.95
123.075, 7.87
123.15, 7.81
123.225, 7.74
123.3, 7.56
123.375, 7.4
123.45, 7.4
123.525, 7.52
123.6, 7.69
123.675, 7.76
123.75, 7.81
123.825, 7.79
123.9, 7.75
123.975, 7.67
124.05, 7.67
124.125, 7.68
124.2, 7.55
124.275, 7.52
124.35, 7.51
124.425, 7.55
124.5, 7.68
124.575, 7.75
124.65, 7.89
124.725, 7.97
124.8, 8
124.875, 7.93
124.95, 7.98
125.025, 8.02
125.1, 8.13
125.175, 8.33
125.25, 8.6
125.325, 8.76
125.4, 8.9
125.475, 8.89
125.55, 8.86
125.625, 8.85
125.7, 8.79
125.775, 8.81
125.85, 8.75
125.925, 8.8
126, 8.89
126.075, 8.98
126.15, 9.06
126.225, 9.12
126.3, 9.18
126.375, 9.13
126.45, 9.18
126.525, 9.22
126.6, 9.41
126.675, 9.54
126.75, 9.67
126.825, 9.79
126.9, 9.81
126.975, 9.85
127.05, 9.86
127.125, 9.98
127.2, 10.14
127.275, 10.33
127.35, 10.51
127.425, 10.72
127.5, 10.86
127.575, 11
127.65, 11.1
127.725, 11.24
127.8, 11.46
127.875, 11.54
127.95, 11.65
128.025, 11.66
128.1, 11.72
128.175, 11.76
128.25, 11.85
128.325, 11.94
128.4, 11.98
128.475, 12.1
128.55, 12.11
128.625, 12.17
128.7, 12.14
128.775, 12.17
128.85, 12.19
128.925, 12.17
129, 12.17
129.075, 12.21
129.15, 12.46
129.225, 12.81
129.3, 13.14
129.375, 13.46
129.45, 13.58
129.525, 13.62
129.6, 13.43
129.675, 13.14
129.75, 12.73
129.825, 12.3
129.9, 11.86
129.975, 11.5
130.05, 11.23
130.125, 11.04
130.2, 10.83
130.275, 10.95
130.35, 11.18
130.425, 11.42
130.5, 11.34
130.575, 10.97
130.65, 10.86
130.725, 10.98
130.8, 11.34
130.875, 11.4
130.95, 11.36
131.025, 11.3
131.1, 11.26
131.175, 11.18
131.25, 11.17
131.325, 11.11
131.4, 11.1
131.475, 11.05
131.55, 11.13
131.625, 11.15
131.7, 11.08
131.775, 11.07
131.85, 11.06
131.925, 11.13
132, 11.25
132.075, 11.28
132.15, 11.31
132.225, 11.29
132.3, 11.29
132.375, 11.3
132.45, 11.23
132.525, 11.13
132.6, 11.1
132.675, 11.05
132.75, 10.93
132.825, 10.87
132.9, 10.82
132.975, 11
133.05, 11.26
133.125, 11.65
133.2, 11.95
133.275, 12.25
133.35, 12.59
133.425, 12.92
133.5, 13.19
133.575, 13.49
133.65, 13.69
133.725, 13.77
133.8, 13.77
133.875, 13.64
133.95, 13.68
134.025, 13.8
134.1, 14.08
134.175, 14.3
134.25, 14.46
134.325, 14.54
134.4, 14.57
134.475, 14.76
134.55, 15
134.625, 15.33
134.7, 15.57
134.775, 15.84
134.85, 16.01
134.925, 16.1
135, 16.21
135.075, 16.21
135.15, 16.36
135.225, 16.36
135.3, 16.32
135.375, 16.24
135.45, 16.15
135.525, 16.24
135.6, 16.21
135.675, 16.28
135.75, 16.23
135.825, 16.26
135.9, 16.26
135.975, 16.34
136.05, 16.44
136.125, 16.57
136.2, 16.64
136.275, 16.64
136.35, 16.64
136.425, 16.71
136.5, 16.85
136.575, 17.01
136.65, 17.16
136.725, 17.27
136.8, 17.42
136.875, 17.52
136.95, 17.71
137.025, 17.89
137.1, 17.99
137.175, 18.04
137.25, 18.11
137.325, 18.34
137.4, 18.74
137.475, 19.24
137.55, 19.68
137.625, 19.69
137.7, 19.31
137.775, 18.61
137.85, 18
137.925, 17.51
138, 17.21
138.075, 16.99
138.15, 16.85
138.225, 16.8
138.3, 16.65
138.375, 16.57
138.45, 16.37
138.525, 16.22
138.6, 16.26
138.675, 16.18
138.75, 16.15
138.825, 15.96
138.9, 15.87
138.975, 15.8
139.05, 15.82
139.125, 15.7
139.2, 15.62
139.275, 15.5
139.35, 15.44
139.425, 15.34
139.5, 15.07
139.575, 14.89
139.65, 14.71
139.725, 14.66
139.8, 14.71
139.875, 14.79
139.95, 14.84
140.025, 14.61
140.1, 14.14
140.175, 13.8
140.25, 13.9
140.325, 14.08
140.4, 14.3
140.475, 14.18
140.55, 13.99
140.625, 13.93
140.7, 13.89
140.775, 13.9
140.85, 13.87
140.925, 13.93
141, 14.03
141.075, 14.16
141.15, 14.34
141.225, 14.41
141.3, 14.47
141.375, 14.41
141.45, 14.29
141.525, 14.09
141.6, 13.95
141.675, 13.86
141.75, 13.85
141.825, 13.74
141.9, 13.61
141.975, 13.36
142.05, 13.18
142.125, 12.94
142.2, 12.74
142.275, 12.58
142.35, 12.49
142.425, 12.42
142.5, 12.38
142.575, 12.23
142.65, 12.07
142.725, 11.88
142.8, 11.66
142.875, 11.49
142.95, 11.39
143.025, 11.4
143.1, 11.52
143.175, 11.6
143.25, 11.66
143.325, 11.63
143.4, 11.59
143.475, 11.54
143.55, 11.46
143.625, 11.41
143.7, 11.39
143.775, 11.42
143.85, 11.45
143.925, 11.5
144, 11.54
144.075, 11.62
144.15, 11.62
144.225, 11.62
144.3, 11.59
144.375, 11.55
144.45, 11.46
144.525, 11.41
144.6, 11.33
144.675, 11.34
144.75, 11.24
144.825, 11.15
144.9, 11.02
144.975, 10.91
145.05, 10.82
145.125, 10.72
145.2, 10.67
145.275, 10.62
145.35, 10.69
145.425, 10.79
145.5, 10.83
145.575, 10.78
145.65, 10.7
145.725, 10.59
145.8, 10.46
145.875, 10.34
145.95, 10.27
146.025, 10.19
146.1, 10.08
146.175, 9.98
146.25, 9.93
146.325, 9.79
146.4, 9.71
146.475, 9.58
146.55, 9.5
146.625, 9.36
146.7, 9.23
146.775, 9.11
146.85, 9
146.925, 8.92
147, 8.8
147.075, 8.63
147.15, 8.51
147.225, 8.44
147.3, 8.39
147.375, 8.32
147.45, 8.21
147.525, 8.11
147.6, 7.9
147.675, 7.74
147.75, 7.62
147.825, 7.61
147.9, 7.48
147.975, 7.37
148.05, 7.19
148.125, 7.02
148.2, 6.81
148.275, 6.64
148.35, 6.45
148.425, 6.43
148.5, 6.46
148.575, 6.41
148.65, 6.43
148.725, 6.47
148.8, 6.46
148.875, 6.43
148.95, 6.33
149.025, 6.25
149.1, 6.18
149.175, 6.16
149.25, 6.19
149.325, 6.3
149.4, 6.33
149.475, 6.33
149.55, 6.32
149.625, 6.39
149.7, 6.49
149.775, 6.63
149.85, 6.64
149.925, 6.59
150, 6.5
150.075, 6.45
150.15, 6.41
150.225, 6.37
150.3, 6.38
150.375, 6.47
150.45, 6.73
150.525, 7.03
150.6, 7.36
150.675, 7.5
150.75, 7.57
150.825, 7.6
150.9, 7.57
150.975, 7.58
151.05, 7.53
151.125, 7.5
151.2, 7.45
151.275, 7.36
151.35, 7.23
151.425, 7.13
151.5, 6.99
151.575, 6.86
151.65, 6.81
151.725, 6.73
151.8, 6.71
151.875, 6.71
151.95, 6.73
152.025, 6.76
152.1, 6.76
152.175, 6.67
152.25, 6.68
152.325, 6.73
152.4, 6.88
152.475, 7
152.55, 6.98
152.625, 6.82
152.7, 6.66
152.775, 6.43
152.85, 6.33
152.925, 6.3
153, 6.41
153.075, 6.58
153.15, 6.69
153.225, 6.74
153.3, 6.7
153.375, 6.62
153.45, 6.51
153.525, 6.39
153.6, 6.3
153.675, 6.25
153.75, 6.17
153.825, 6.05
153.9, 5.9
153.975, 5.79
154.05, 5.66
154.125, 5.62
154.2, 5.5
154.275, 5.29
154.35, 5.08
154.425, 5.05
154.5, 5.09
154.575, 5.18
154.65, 5.28
154.725, 5.35
154.8, 5.49
154.875, 5.7
154.95, 5.82
155.025, 5.98
155.1, 6
155.175, 6.06
155.25, 6.18
155.325, 6.25
155.4, 6.31
155.475, 6.2
155.55, 6.18
155.625, 6.11
155.7, 6.14
155.775, 6.11
155.85, 6.06
155.925, 5.96
156, 5.95
156.075, 5.83
156.15, 5.82
156.225, 5.74
156.3, 5.72
156.375, 5.76
156.45, 5.8
156.525, 5.87
156.6, 5.94
156.675, 6.01
156.75, 5.99
156.825, 5.84
156.9, 5.69
156.975, 5.56
157.05, 5.45
157.125, 5.42
157.2, 5.51
157.275, 5.62
157.35, 5.69
157.425, 5.67
157.5, 5.73
157.575, 5.83
157.65, 5.98
157.725, 6.17
157.8, 6.42
157.875, 6.69
157.95, 6.95
158.025, 7.04
158.1, 7.1
158.175, 7.15
158.25, 7.28
158.325, 7.45
158.4, 7.55
158.475, 7.71
158.55, 7.8
158.625, 7.85
158.7, 7.85
158.775, 7.85
158.85, 7.99
158.925, 8.07
159, 8.15
159.075, 8.11
159.15, 8.06
159.225, 8.07
159.3, 8.1
159.375, 8.2
159.45, 8.17
159.525, 8.39
159.6, 8.52
159.675, 8.62
159.75, 8.68
159.825, 8.78
159.9, 8.75
159.975, 8.71
160.05, 8.45
160.125, 8.24
160.2, 8.06
160.275, 7.93
160.35, 7.68
160.425, 7.5
160.5, 7.33
160.575, 7.38
160.65, 7.41
160.725, 7.43
160.8, 7.36
160.875, 7.41
160.95, 7.51
161.025, 7.58
161.1, 7.59
161.175, 7.44
161.25, 7.32
161.325, 7.27
161.4, 7.32
161.475, 7.42
161.55, 7.39
161.625, 7.33
161.7, 7.21
161.775, 7.14
161.85, 7.09
161.925, 7.08
162, 7.05
162.075, 6.95
162.15, 6.76
162.225, 6.72
162.3, 6.73
162.375, 6.78
162.45, 6.76
162.525, 6.79
162.6, 6.73
162.675, 6.75
162.75, 6.71
162.825, 6.76
162.9, 6.79
162.975, 6.85
163.05, 6.81
163.125, 6.76
163.2, 6.71
163.275, 6.66
163.35, 6.72
163.425, 6.68
163.5, 6.58
163.575, 6.53
163.65, 6.44
163.725, 6.39
163.8, 6.39
163.875, 6.36
163.95, 6.33
164.025, 6.23
164.1, 6.1
164.175, 5.98
164.25, 5.9
164.325, 5.89
164.4, 5.9
164.475, 5.8
164.55, 5.69
164.625, 5.61
164.7, 5.47
164.775, 5.48
164.85, 5.39
164.925, 5.34
165, 5.29
165.075, 5.23
165.15, 5.13
165.225, 4.95
165.3, 4.84
165.375, 4.73
165.45, 4.74
165.525, 4.72
165.6, 4.75
165.675, 4.63
165.75, 4.63
165.825, 4.61
165.9, 4.62
165.975, 4.62
166.05, 4.61
166.125, 4.62
166.2, 4.52
166.275, 4.45
166.35, 4.44
166.425, 4.39
166.5, 4.25
166.575, 4.03
166.65, 3.83
166.725, 3.72
166.8, 3.7
166.875, 3.62
166.95, 3.57
167.025, 3.55
167.1, 3.45
167.175, 3.43
167.25, 3.34
167.325, 3.36
167.4, 3.25
167.475, 3.26
167.55, 3.18
167.625, 3.11
167.7, 3.05
167.775, 3.07
167.85, 3.13
167.925, 3.1
168, 3.11
168.075, 3.09
168.15, 3.22
168.225, 3.27
168.3, 3.4
168.375, 3.34
168.45, 3.34
168.525, 3.37
168.6, 3.41
168.675, 3.48
168.75, 3.47
168.825, 3.53
168.9, 3.61
168.975, 3.74
169.05, 3.86
169.125, 3.98
169.2, 4.04
169.275, 4.16
169.35, 4.23
169.425, 4.3
169.5, 4.38
169.575, 4.5
169.65, 4.5
169.725, 4.5
169.8, 4.38
169.875, 4.33
169.95, 4.02
170.025, 3.84
170.1, 3.81
170.175, 3.87
170.25, 4.01
170.325, 3.97
170.4, 3.77
170.475, 3.57
170.55, 3.33
170.625, 3.24
170.7, 3.2
170.775, 3.2
170.85, 3.11
170.925, 3.2
171, 3.29
171.075, 3.35
171.15, 3.41
171.225, 3.48
171.3, 3.6
171.375, 3.76
171.45, 3.86
171.525, 4.04
171.6, 4.06
171.675, 4.04
171.75, 4.05
171.825, 4.07
171.9, 4.17
171.975, 4.19
172.05, 4.22
172.125, 4.27
172.2, 4.37
172.275, 4.46
172.35, 4.54
172.425, 4.55
172.5, 4.55
172.575, 4.57
172.65, 4.51
172.725, 4.45
172.8, 4.23
172.875, 4.19
172.95, 4.17
173.025, 4.25
173.1, 4.25
173.175, 4.34
173.25, 4.44
173.325, 4.54
173.4, 4.74
173.475, 4.85
173.55, 4.96
173.625, 5.06
173.7, 5.08
173.775, 5.13
173.85, 5.17
173.925, 5.2
174, 5.18
174.075, 5.11
174.15, 4.97
174.225, 5.08
174.3, 5.23
174.375, 5.52
174.45, 5.57
174.525, 5.62
174.6, 5.65
174.675, 5.72
174.75, 5.81
174.825, 5.81
174.9, 5.87
174.975, 6.05
175.05, 6.17
175.125, 6.25
175.2, 6.34
175.275, 6.47
175.35, 6.56
175.425, 6.6
175.5, 6.56
175.575, 6.54
175.65, 6.69
175.725, 6.8
175.8, 7.01
175.875, 7.17
175.95, 7.33
176.025, 7.52
176.1, 7.64
176.175, 7.71
176.25, 7.74
176.325, 7.87
176.4, 7.88
176.475, 7.91
176.55, 7.98
176.625, 7.93
176.7, 7.95
176.775, 7.99
176.85, 7.96
176.925, 7.96
177, 7.88
177.075, 7.84
177.15, 7.85
177.225, 7.91
177.3, 7.94
177.375, 7.96
177.45, 7.99
177.525, 8.02
177.6, 7.98
177.675, 7.69
177.75, 7.2
177.825, 7.12
177.9, 7.16
177.975, 7.46
178.05, 7.46
178.125, 7.46
178.2, 7.36
178.275, 7.35
178.35, 7.35
178.425, 7.45
178.5, 7.6
178.575, 7.74
178.65, 7.9
178.725, 7.99
178.8, 8.11
178.875, 8.13
178.95, 8.3
179.025, 8.4
179.1, 8.57
179.175, 8.77
179.25, 8.97
179.325, 9.2
179.4, 9.33
179.475, 9.47
179.55, 9.63
179.625, 9.71
179.7, 9.82
179.775, 9.89
179.85, 9.97
179.925, 10.09
180, 10.22
180.075, 10.36
180.15, 10.61
180.225, 10.71
180.3, 10.82
180.375, 10.77
180.45, 10.79
180.525, 10.73
180.6, 10.74
180.675, 10.78
180.75, 10.8
180.825, 10.82
180.9, 10.75
180.975, 10.75
181.05, 10.84
181.125, 11.04
181.2, 11.17
181.275, 11.38
181.35, 11.52
181.425, 11.69
181.5, 11.81
181.575, 11.87
181.65, 11.79
181.725, 11.72
181.8, 11.56
181.875, 11.41
181.95, 11.24
182.025, 11.11
182.1, 11.05
182.175, 10.92
182.25, 10.84
182.325, 10.82
182.4, 10.85
182.475, 10.82
182.55, 10.8
182.625, 10.72
182.7, 10.66
182.775, 10.56
182.85, 10.45
182.925, 10.42
183, 10.35
183.075, 10.34
183.15, 10.35
183.225, 10.38
183.3, 10.41
183.375, 10.39
183.45, 10.39
183.525, 10.36
183.6, 10.31
183.675, 10.33
183.75, 10.3
183.825, 10.22
183.9, 10.27
183.975, 10.41
184.05, 10.56
184.125, 10.73
184.2, 10.81
184.275, 10.98
184.35, 10.96
184.425, 10.97
184.5, 10.86
184.575, 10.82
184.65, 10.87
184.725, 10.81
184.8, 10.68
184.875, 10.49
184.95, 10.28
185.025, 10.03
185.1, 9.86
185.175, 9.75
185.25, 9.77
185.325, 9.67
185.4, 9.63
185.475, 9.53
185.55, 9.39
185.625, 9.36
185.7, 9.29
185.775, 9.2
185.85, 9.11
185.925, 9.01
186, 8.98
186.075, 8.98
186.15, 9.11
186.225, 9.33
186.3, 9.5
186.375, 9.52
186.45, 9.44
186.525, 9.21
186.6, 9.1
186.675, 8.85
186.75, 8.7
186.825, 8.4
186.9, 8.22
186.975, 8.18
187.05, 8.05
187.125, 8.1
187.2, 8.06
187.275, 8.13
187.35, 8.07
187.425, 8.1
187.5, 8.1
187.575, 8.09
187.65, 8.03
187.725, 8.12
187.8, 8.28
187.875, 8.39
187.95, 8.5
188.025, 8.41
188.1, 8.28
188.175, 7.99
188.25, 7.81
188.325, 7.71
188.4, 7.85
188.475, 7.79
188.55, 7.89
188.625, 7.81
188.7, 7.78
188.775, 7.62
188.85, 7.47
188.925, 7.25
189, 6.98
189.075, 6.71
189.15, 6.38
189.225, 5.63
189.3, 5.69
189.375, 5.82
189.45, 6.93
189.525, 7.78
189.6, 8.47
189.675, 9.09
189.75, 9.3
189.825, 9.31
189.9, 9.19
189.975, 9.07
190.05, 8.97
190.125, 8.86
190.2, 8.8
190.275, 8.62
190.35, 8.55
190.425, 8.44
190.5, 8.4
190.575, 8.34
190.65, 8.15
190.725, 8.01
190.8, 7.97
190.875, 8.12
190.95, 8.47
191.025, 8.7
191.1, 8.85
191.175, 8.84
191.25, 8.9
191.325, 8.9
191.4, 8.91
191.475, 8.88
191.55, 8.79
191.625, 8.72
191.7, 8.5
191.775, 8.39
191.85, 8.17
191.925, 7.95
192, 7.71
192.075, 7.49
192.15, 7.23
192.225, 7.02
192.3, 6.78
192.375, 6.58
192.45, 6.48
192.525, 6.41
192.6, 6.36
192.675, 6.27
192.75, 6.2
192.825, 6.09
192.9, 6.08
192.975, 6.01
193.05, 5.89
193.125, 5.82
193.2, 5.69
193.275, 5.64
193.35, 5.61
193.425, 5.61
193.5, 5.67
193.575, 5.66
193.65, 5.85
193.725, 5.87
193.8, 5.89
193.875, 5.71
193.95, 5.57
194.025, 5.38
194.1, 4.97
194.175, 4.51
194.25, 4.09
194.325, 3.62
194.4, 3.59
194.475, 3.37
194.55, 3.34
194.625, 3.28
194.7, 3.28
194.775, 3.34
194.85, 3.33
194.925, 3.41
195, 3.36
195.075, 3.37
195.15, 3.32
195.225, 3.34
195.3, 3.31
195.375, 3.26
195.45, 3.21
195.525, 3.19
195.6, 3.2
195.675, 3.18
195.75, 3.18
195.825, 3.15
195.9, 3.21
195.975, 3.24
196.05, 3.26
196.125, 3.17
196.2, 2.97
196.275, 2.76
196.35, 2.45
196.425, 2.42
196.5, 2.36
196.575, 2.4
196.65, 2.23
196.725, 1.98
196.8, 1.72
196.875, 1.57
196.95, 1.45
197.025, 1.34
197.1, 1.31
197.175, 1.28
197.25, 1.21
197.325, 1.22
197.4, 1.2
197.475, 1.26
197.55, 1.24
197.625, 1.24
197.7, 1.23
197.775, 1.2
197.85, 1.19
197.925, 1.11
198, 0.92
198.075, 0.76
198.15, 0.62
198.225, 0.63
198.3, 0.62
198.375, 0.67
198.45, 0.65
198.525, 0.65
198.6, 0.62
198.675, 0.56
198.75, 0.55
198.825, 0.49
198.9, 0.47
198.975, 0.4
199.05, 0.28
199.125, 0.15
199.2, -0.14
199.275, -0.23
199.35, -0.34
199.425, -0.34
199.5, -0.5
199.575, -0.61
199.65, -0.7
199.725, -0.74
199.8, -0.82
199.875, -0.91
199.95, -0.98
200.025, -1.06
200.1, -1.06
200.175, -1.1
200.25, -1.13
200.325, -1.17
200.4, -1.27
200.475, -1.3
200.55, -1.45
200.625, -1.51
200.7, -1.86
200.775, -1.85
200.85, -1.69
200.925, -1.24
201, -1.04
201.075, -1.01
201.15, -1.01
201.225, -1.07
201.3, -1.08
201.375, -1.12
201.45, -1.08
201.525, -1.12
201.6, -1.14
201.675, -1.21
201.75, -1.24
201.825, -1.29
201.9, -1.35
201.975, -1.39
202.05, -1.36
202.125, -1.38
202.2, -1.4
202.275, -1.3
202.35, -1.23
202.425, -1.22
202.5, -1.33
202.575, -1.58
202.65, -1.66
202.725, -1.77
202.8, -1.67
202.875, -1.67
202.95, -1.74
203.025, -1.84
203.1, -1.85
203.175, -1.9
203.25, -1.82
203.325, -1.9
203.4, -1.93
203.475, -2.08
203.55, -2.24
203.625, -2.3
203.7, -2.27
203.775, -2.26
203.85, -2.19
203.925, -2.26
204, -2.24
204.075, -2.3
204.15, -2.37
204.225, -2.39
204.3, -2.44
204.375, -2.54
204.45, -2.65
204.525, -2.73
204.6, -2.77
204.675, -2.92
204.75, -3.03
204.825, -3.19
204.9, -3.32
204.975, -3.4
205.05, -3.5
205.125, -3.59
205.2, -3.73
205.275, -3.9
205.35, -4.14
205.425, -4.26
205.5, -4.32
205.575, -4.33
205.65, -4.43
205.725, -4.55
205.8, -4.66
205.875, -4.88
205.95, -4.96
206.025, -5.09
206.1, -5.11
206.175, -5.17
206.25, -5.32
206.325, -5.45
206.4, -5.44
206.475, -5.51
206.55, -5.45
206.625, -5.56
206.7, -5.58
206.775, -5.59
206.85, -5.56
206.925, -5.58
207, -5.58
207.075, -5.58
207.15, -5.6
207.225, -5.59
207.3, -5.55
207.375, -5.5
207.45, -5.47
207.525, -5.46
207.6, -5.48
207.675, -5.42
207.75, -5.38
207.825, -5.38
207.9, -5.45
207.975, -5.48
208.05, -5.51
208.125, -5.46
208.2, -5.57
208.275, -5.68
208.35, -5.77
208.425, -5.84
208.5, -5.99
208.575, -6.04
208.65, -6.12
208.725, -6.21
208.8, -6.34
208.875, -6.39
208.95, -6.43
209.025, -6.44
209.1, -6.61
209.175, -6.88
209.25, -7.06
209.325, -7.2
209.4, -7.23
209.475, -7.31
209.55, -7.3
209.625, -7.23
209.7, -7.21
209.775, -7.07
209.85, -7.01
209.925, -6.93
210, -7.01
210.075, -7.1
210.15, -7.04
210.225, -7.08
210.3, -7.13
210.375, -7.25
210.45, -7.28
210.525, -7.28
210.6, -7.28
210.675, -7.29
210.75, -7.39
210.825, -7.47
210.9, -7.51
210.975, -7.55
211.05, -7.54
211.125, -7.66
211.2, -7.73
211.275, -7.78
211.35, -7.83
211.425, -7.91
211.5, -8
211.575, -8
211.65, -8.07
211.725, -8.27
211.8, -8.4
211.875, -8.49
211.95, -8.38
212.025, -8.33
212.1, -8.4
212.175, -8.55
212.25, -8.77
212.325, -9
212.4, -9.28
212.475, -9.6
212.55, -10.01
212.625, -10.46
212.7, -10.9
212.775, -11.27
212.85, -11.62
212.925, -11.97
213, -12.28
213.075, -12.59
213.15, -12.62
213.225, -12.59
213.3, -12.49
213.375, -12.39
213.45, -12.4
213.525, -12.35
213.6, -12.35
213.675, -12.35
213.75, -12.27
213.825, -12.21
213.9, -12.11
213.975, -11.98
214.05, -11.9
214.125, -11.89
214.2, -11.93
214.275, -12
214.35, -12.07
214.425, -12.13
214.5, -12.18
214.575, -12.19
214.65, -12.29
214.725, -12.29
214.8, -12.42
214.875, -12.36
214.95, -12.16
215.025, -11.77
215.1, -11.56
215.175, -11.41
215.25, -11.36
215.325, -11.34
215.4, -11.19
215.475, -11.17
215.55, -11.06
215.625, -11.11
215.7, -11.03
215.775, -11.08
215.85, -11.12
215.925, -11.19
216, -11.23
216.075, -11.25
216.15, -11.25
216.225, -11.28
216.3, -11.24
216.375, -11.26
216.45, -11.09
216.525, -10.92
216.6, -10.78
216.675, -10.79
216.75, -10.81
216.825, -10.9
216.9, -10.91
216.975, -10.93
217.05, -10.89
217.125, -10.84
217.2, -10.85
217.275, -10.85
217.35, -11.02
217.425, -11.11
217.5, -11.14
217.575, -11.24
217.65, -11.35
217.725, -11.46
217.8, -11.49
217.875, -11.46
217.95, -11.53
218.025, -11.67
218.1, -11.92
218.175, -12.09
218.25, -12.35
218.325, -12.48
218.4, -12.6
218.475, -12.75
218.55, -12.86
218.625, -13.01
218.7, -13.09
218.775, -13.2
218.85, -13.33
218.925, -13.37
219, -13.42
219.075, -13.43
219.15, -13.45
219.225, -13.62
219.3, -13.65
219.375, -13.81
219.45, -13.94
219.525, -14.06
219.6, -14.1
219.675, -14.26
219.75, -14.39
219.825, -14.53
219.9, -14.58
219.975, -14.69
220.05, -14.66
220.125, -14.71
220.2, -14.76
220.275, -14.85
220.35, -14.89
220.425, -14.82
220.5, -14.78
220.575, -14.69
220.65, -14.66
220.725, -14.45
220.8, -13.88
220.875, -12.76
220.95, -11.24
221.025, -9.85
221.1, -9.54
221.175, -10.78
221.25, -13.11
221.325, -15.13
221.4, -16.15
221.475, -16.33
221.55, -16.18
221.625, -16.19
221.7, -16.09
221.775, -16.03
221.85, -15.91
221.925, -15.88
222, -15.83
222.075, -15.89
222.15, -16.02
222.225, -16.05
222.3, -16.04
222.375, -16.09
222.45, -16.06
222.525, -16.23
222.6, -16.31
222.675, -16.41
222.75, -16.45
222.825, -16.41
222.9, -16.42
222.975, -16.42
223.05, -16.4
223.125, -16.44
223.2, -16.37
223.275, -16.52
223.35, -16.56
223.425, -16.62
223.5, -16.57
223.575, -16.57
223.65, -16.62
223.725, -16.6
223.8, -16.54
223.875, -16.54
223.95, -16.56
224.025, -16.59
224.1, -16.66
224.175, -16.63
224.25, -16.69
224.325, -16.71
224.4, -16.85
224.475, -16.93
224.55, -16.99
224.625, -17.01
224.7, -17.02
224.775, -17.04
224.85, -17.13
224.925, -17.2
225, -17.27
225.075, -17.32
225.15, -17.28
225.225, -17.3
225.3, -17.27
225.375, -17.37
225.45, -17.37
225.525, -17.42
225.6, -17.55
225.675, -17.63
225.75, -17.74
225.825, -17.77
225.9, -17.79
225.975, -17.75
226.05, -17.68
226.125, -17.65
226.2, -17.63
226.275, -17.59
226.35, -17.63
226.425, -17.51
226.5, -17.42
226.575, -17.28
226.65, -17.23
226.725, -17.19
226.8, -17.09
226.875, -17.04
226.95, -17.05
227.025, -17.03
227.1, -16.96
227.175, -16.79
227.25, -16.63
227.325, -16.55
227.4, -16.53
227.475, -16.51
227.55, -16.48
227.625, -16.39
227.7, -16.36
227.775, -16.3
227.85, -16.36
227.925, -16.26
228, -16.09
228.075, -15.94
228.15, -15.75
228.225, -15.77
228.3, -15.68
228.375, -15.6
228.45, -15.46
228.525, -15.38
228.6, -15.28
228.675, -15.25
228.75, -15.18
228.825, -15.11
228.9, -15.04
228.975, -15.03
229.05, -15
229.125, -14.84
229.2, -14.62
229.275, -14.34
229.35, -14.16
229.425, -14.01
229.5, -13.75
229.575, -13.5
229.65, -13.32
229.725, -13.1
229.8, -12.97
229.875, -12.79
229.95, -12.66
230.025, -12.5
230.1, -12.43
230.175, -12.32
230.25, -12.22
230.325, -11.99
230.4, -11.86
230.475, -11.64
230.55, -11.53
230.625, -11.41
230.7, -11.29
230.775, -11.21
230.85, -11.03
230.925, -11
231, -10.87
231.075, -10.78
231.15, -10.66
231.225, -10.47
231.3, -10.32
231.375, -10.22
231.45, -10.37
231.525, -10.58
231.6, -10.55
231.675, -10.39
231.75, -9.95
231.825, -9.51
231.9, -9.19
231.975, -8.84
232.05, -8.67
232.125, -8.42
232.2, -8.14
232.275, -7.83
232.35, -7.54
232.425, -7.35
232.5, -7.27
232.575, -7.24
232.65, -7.18
232.725, -7.07
232.8, -6.96
232.875, -6.9
232.95, -6.8
233.025, -6.62
233.1, -6.45
233.175, -6.13
233.25, -5.88
233.325, -5.59
233.4, -5.52
233.475, -5.37
233.55, -5.2
233.625, -5.03
233.7, -4.79
233.775, -4.62
233.85, -4.43
233.925, -4.2
234, -3.93
234.075, -3.74
234.15, -3.62
234.225, -3.5
234.3, -3.32
234.375, -3.1
234.45, -2.96
234.525, -2.82
234.6, -2.74
234.675, -2.57
234.75, -2.34
234.825, -2.14
234.9, -1.98
234.975, -1.81
235.05, -1.55
235.125, -1.42
235.2, -1.28
235.275, -1.25
235.35, -1.24
235.425, -1.25
235.5, -1.22
235.575, -1.05
235.65, -0.91
235.725, -0.78
235.8, -0.78
235.875, -0.79
235.95, -0.69
236.025, -0.56
236.1, -0.37
236.175, -0.22
236.25, -0.07
236.325, 0.12
236.4, 0.25
236.475, 0.35
236.55, 0.44
236.625, 0.64
236.7, 0.86
236.775, 1.02
236.85, 1.17
236.925, 1.33
237, 1.45
237.075, 1.53
237.15, 1.56
237.225, 1.7
237.3, 1.9
237.375, 2.16
237.45, 2.39
237.525, 2.58
237.6, 2.75
237.675, 2.9
237.75, 3.1
237.825, 3.27
237.9, 3.39
237.975, 3.59
238.05, 3.73
238.125, 3.93
238.2, 4.19
238.275, 4.42
238.35, 4.6
238.425, 4.84
238.5, 4.9
238.575, 5.07
238.65, 5.14
238.725, 5.25
238.8, 5.35
238.875, 5.49
238.95, 5.66
239.025, 5.82
239.1, 5.88
239.175, 5.95
239.25, 5.9
239.325, 5.87
239.4, 5.86
239.475, 5.91
239.55, 6.04
239.625, 6.14
239.7, 6.3
239.775, 6.45
239.85, 6.66
239.925, 6.86
240, 6.9
240.075, 6.98
240.15, 7.03
240.225, 7.18
240.3, 7.26
240.375, 7.32
240.45, 7.34
240.525, 7.35
240.6, 7.37
240.675, 7.45
240.75, 7.49
240.825, 7.53
240.9, 7.54
240.975, 7.53
241.05, 7.57
241.125, 7.68
241.2, 7.81
241.275, 7.93
241.35, 7.94
241.425, 7.95
241.5, 7.86
241.575, 7.74
241.65, 7.64
241.725, 7.54
241.8, 7.55
241.875, 7.55
241.95, 7.47
242.025, 7.42
242.1, 7.29
242.175, 7.21
242.25, 7.22
242.325, 7.2
242.4, 7.24
242.475, 7.18
242.55, 7.15
242.625, 7.07
242.7, 7.02
242.775, 6.98
242.85, 6.93
242.925, 6.84
243, 6.72
243.075, 6.67
243.15, 6.6
243.225, 6.52
243.3, 6.42
243.375, 6.23
243.45, 6.1
243.525, 6.03
243.6, 6.04
243.675, 6.08
243.75, 5.91
243.825, 5.17
243.9, 4.7
243.975, 4.5
244.05, 4.83
244.125, 5.02
244.2, 5.09
244.275, 5.16
244.35, 5.24
244.425, 5.31
244.5, 5.31
244.575, 5.37
244.65, 5.41
244.725, 5.48
244.8, 5.47
244.875, 5.56
244.95, 5.62
245.025, 5.73
245.1, 5.83
245.175, 5.99
245.25, 6.11
245.325, 6.22
245.4, 6.36
245.475, 6.46
245.55, 6.68
245.625, 6.8
245.7, 6.93
245.775, 6.88
245.85, 6.92
245.925, 6.94
246, 6.96
246.075, 6.99
246.15, 7.07
246.225, 7.07
246.3, 7.19
246.375, 7.37
246.45, 7.46
246.525, 7.57
246.6, 7.66
246.675, 7.73
246.75, 7.77
246.825, 7.79
246.9, 7.77
246.975, 7.8
247.05, 7.61
247.125, 7.5
247.2, 7.42
247.275, 7.5
247.35, 7.53
247.425, 7.5
247.5, 7.43
247.575, 7.41
247.65, 7.42
247.725, 7.44
247.8, 7.48
247.875, 7.51
247.95, 7.48
248.025, 7.42
248.1, 7.45
248.175, 7.4
248.25, 7.47
248.325, 7.51
248.4, 7.5
248.475, 7.44
248.55, 7.36
248.625, 7.25
248.7, 7.2
248.775, 7.13
248.85, 7.07
248.925, 7.1
249, 7.19
249.075, 7.36
249.15, 7.51
249.225, 7.54
249.3, 7.46
249.375, 7.52
249.45, 7.56
249.525, 7.75
249.6, 7.91
249.675, 8
249.75, 8.15
249.825, 8.21
249.9, 8.27
249.975, 8.34
250.05, 8.38
250.125, 8.51
250.2, 8.54
250.275, 8.61
250.35, 8.68
250.425, 8.74
250.5, 8.84
250.575, 8.92
250.65, 8.96
250.725, 9.12
250.8, 9.17
250.875, 9.19
250.95, 9.18
251.025, 9.12
251.1, 9.16
251.175, 9.21
251.25, 9.32
251.325, 9.38
251.4, 9.38
251.475, 9.26
251.55, 9.19
251.625, 9.08
251.7, 9
251.775, 9
251.85, 9.03
251.925, 9.13
252, 9.22
252.075, 9.2
252.15, 9.13
252.225, 9.04
252.3, 9.01
252.375, 8.95
252.45, 8.88
252.525, 8.79
252.6, 8.86
252.675, 8.86
252.75, 8.93
252.825, 8.97
252.9, 9.05
252.975, 9.01
253.05, 8.98
253.125, 8.94
253.2, 8.92
253.275, 8.87
253.35, 8.85
253.425, 8.91
253.5, 8.87
253.575, 8.81
253.65, 8.73
253.725, 8.66
253.8, 8.64
253.875, 8.55
253.95, 8.45
254.025, 8.37
254.1, 8.29
254.175, 8.25
254.25, 8.24
254.325, 8.25
254.4, 8.18
254.475, 8.04
254.55, 7.86
254.625, 7.64
254.7, 7.59
254.775, 7.45
254.85, 7.3
254.925, 7.09
255, 6.86
255.075, 6.71
255.15, 6.58
255.225, 6.33
255.3, 6.22
255.375, 6.1
255.45, 6.01
255.525, 5.91
255.6, 5.75
255.675, 5.61
255.75, 5.49
255.825, 5.38
255.9, 5.33
255.975, 5.35
256.05, 5.32
256.125, 5.29
256.2, 5.24
256.275, 5.07
256.35, 4.79
256.425, 4.51
256.5, 4.2
256.575, 3.8
256.65, 3.15
256.725, 2.81
256.8, 2.59
256.875, 2.78
256.95, 2.77
257.025, 2.74
257.1, 2.63
257.175, 2.52
257.25, 2.4
257.325, 2.32
257.4, 2.2
257.475, 2.12
257.55, 1.96
257.625, 1.88
257.7, 1.65
257.775, 1.45
257.85, 1.25
257.925, 1.11
258, 0.97
258.075, 0.84
258.15, 0.72
258.225, 0.66
258.3, 0.62
258.375, 0.58
258.45, 0.52
258.525, 0.48
258.6, 0.41
258.675, 0.23
258.75, 0.06
258.825, -0.15
258.9, -0.34
258.975, -0.57
259.05, -0.79
259.125, -1
259.2, -1.18
259.275, -1.31
259.35, -1.42
259.425, -1.58
259.5, -1.73
259.575, -1.91
259.65, -2.04
259.725, -2.23
259.8, -2.38
259.875, -2.54
259.95, -2.74
260.025, -2.94
260.1, -3.18
260.175, -3.43
260.25, -3.53
260.325, -3.6
260.4, -3.56
260.475, -3.66
260.55, -3.86
260.625, -4.14
260.7, -4.43
260.775, -4.65
260.85, -4.85
260.925, -5.13
261, -5.34
261.075, -5.54
261.15, -5.7
261.225, -5.81
261.3, -5.87
261.375, -5.95
261.45, -6.13
261.525, -6.31
261.6, -6.61
261.675, -6.81
261.75, -6.99
261.825, -7.18
261.9, -7.26
261.975, -7.47
262.05, -7.7
262.125, -8.07
262.2, -9.01
262.275, -10.15
262.35, -10.58
262.425, -10.34
262.5, -9.63
262.575, -9.13
262.65, -9.17
262.725, -9.3
262.8, -9.56
262.875, -9.75
262.95, -9.88
263.025, -9.88
263.1, -9.89
263.175, -9.91
263.25, -10.02
263.325, -10.18
263.4, -10.34
263.475, -10.46
263.55, -10.57
263.625, -10.68
263.7, -10.81
263.775, -10.95
263.85, -11.08
263.925, -11.3
264, -11.53
264.075, -11.59
264.15, -11.6
264.225, -11.7
264.3, -11.81
264.375, -11.93
264.45, -12.1
264.525, -12.23
264.6, -12.42
264.675, -12.52
264.75, -12.72
264.825, -12.89
264.9, -13.07
264.975, -13.25
265.05, -13.4
265.125, -13.59
265.2, -13.64
265.275, -13.74
265.35, -13.84
265.425, -13.95
265.5, -13.96
265.575, -14.11
265.65, -14.22
265.725, -14.42
265.8, -14.6
265.875, -14.68
265.9, -14.68
265.95, -3.55
ENDTABLE
#DiagramOne1
ISIDE 2
Z_PROFILE_TABLE LINEAR_LOOP
0, -1.25
0.075, -1.15
0.15, -1.08
0.225, -1.03
0.3, -0.96
0.375, -0.93
0.45, -0.9
0.525, -0.87
0.6, -0.8
0.675, -0.72
0.75, -0.72
0.825, -0.73
0.9, -0.68
0.975, -0.6
1.05, -0.52
1.125, -0.54
1.2, -0.6
1.275, -0.61
1.35, -0.65
1.425, -0.58
1.5, -0.55
1.575, -0.52
1.65, -0.44
1.725, -0.44
1.8, -0.4
1.875, -0.41
1.95, -0.35
2.025, -0.44
2.1, -0.61
2.175, -0.92
2.25, -1.16
2.325, -1.42
2.4, -1.55
2.475, -1.7
2.55, -1.79
2.625, -1.85
2.7, -2.01
2.775, -2.06
2.85, -2.12
2.925, -2.09
3, -2.04
3.075, -1.84
3.15, -1.69
3.225, -1.57
3.3, -1.57
3.375, -1.54
3.45, -1.59
3.525, -1.57
3.6, -1.7
3.675, -1.69
3.75, -1.53
3.825, -1.4
3.9, -1.36
3.975, -1.52
4.05, -1.73
4.125, -1.95
4.2, -2.21
4.275, -2.82
4.35, -3.14
4.425, -3.17
4.5, -2.9
4.575, -2.54
4.65, -2.56
4.725, -2.73
4.8, -2.85
4.875, -2.81
4.95, -2.65
5.025, -2.4
5.1, -2.34
5.175, -2.28
5.25, -2.25
5.325, -2.19
5.4, -2.14
5.475, -2.08
5.55, -2.12
5.625, -2.07
5.7, -1.99
5.775, -1.85
5.85, -1.73
5.925, -1.75
6, -1.73
6.075, -1.76
6.15, -1.73
6.225, -1.71
6.3, -1.58
6.375, -1.47
6.45, -1.38
6.525, -1.36
6.6, -1.3
6.675, -1.25
6.75, -1.18
6.825, -1.2
6.9, -1.21
6.975, -1.24
7.05, -1.29
7.125, -1.35
7.2, -1.39
7.275, -1.46
7.35, -1.37
7.425, -1.26
7.5, -1.16
7.575, -1.19
7.65, -1.31
7.725, -1.37
7.8, -1.46
7.875, -1.38
7.95, -1.27
8.025, -1.1
8.1, -1.09
8.175, -1.05
8.25, -1.05
8.325, -1.01
8.4, -0.99
8.475, -1
8.55, -0.92
8.625, -0.93
8.7, -0.87
8.775, -1.01
8.85, -1.23
8.925, -1.46
9, -1.66
9.075, -1.79
9.15, -1.82
9.225, -1.88
9.3, -1.9
9.375, -1.95
9.45, -1.92
9.525, -1.87
9.6, -1.76
9.675, -1.63
9.75, -1.53
9.825, -1.43
9.9, -1.46
9.975, -1.55
10.05, -1.8
10.125, -2.01
10.2, -2.14
10.275, -2.13
10.35, -2.02
10.425, -1.87
10.5, -1.76
10.575, -1.63
10.65, -1.46
10.725, -1.39
10.8, -1.34
10.875, -1.28
10.95, -1.32
11.025, -1.39
11.1, -1.55
11.175, -1.79
11.25, -1.95
11.325, -2.05
11.4, -1.95
11.475, -1.64
11.55, -1.24
11.625, -0.9
11.7, -0.7
11.775, -0.56
11.85, -0.52
11.925, -0.52
12, -0.39
12.075, -0.3
12.15, -0.08
12.225, -0.04
12.3, 0.07
12.375, 0.17
12.45, 0.35
12.525, 0.46
12.6, 0.48
12.675, 0.54
12.75, 0.67
12.825, 0.92
12.9, 1.04
12.975, 1.15
13.05, 1.21
13.125, 1.39
13.2, 1.54
13.275, 1.65
13.35, 1.74
13.425, 1.74
13.5, 1.7
13.575, 1.56
13.65, 1.53
13.725, 1.49
13.8, 1.48
13.875, 1.37
13.95, 1.3
14.025, 1.23
14.1, 1.24
14.175, 1.28
14.25, 1.36
14.325, 1.48
14.4, 1.59
14.475, 1.63
14.55, 1.76
14.625, 1.94
14.7, 2.16
14.775, 2.33
14.85, 2.31
14.925, 2.44
15, 2.48
15.075, 2.62
15.15, 2.67
15.225, 2.67
15.3, 2.71
15.375, 2.9
15.45, 3.23
15.525, 3.57
15.6, 3.86
15.675, 4.01
15.75, 4.05
15.825, 4.02
15.9, 3.91
15.975, 3.93
16.05, 3.92
16.125, 4.01
16.2, 4.04
16.275, 3.99
16.35, 3.92
16.425, 3.88
16.5, 3.94
16.575, 4.09
16.65, 4.21
16.725, 4.4
16.8, 4.58
16.875, 4.88
16.95, 5.12
17.025, 5.45
17.1, 5.76
17.175, 6.11
17.25, 6.55
17.325, 6.85
17.4, 7.11
17.475, 7.23
17.55, 7.33
17.625, 7.39
17.7, 7.35
17.775, 7.08
17.85, 6.65
17.925, 6.14
18, 5.69
18.075, 5.32
18.15, 5.08
18.225, 5.14
18.3, 5.37
18.375, 5.63
18.45, 5.85
18.525, 6.03
18.6, 6.01
18.675, 6.12
18.75, 6.1
18.825, 5.94
18.9, 5.73
18.975, 5.47
19.05, 5.34
19.125, 5.34
19.2, 5.39
19.275, 5.24
19.35, 5.13
19.425, 5.03
19.5, 5.07
19.575, 5.15
19.65, 5.29
19.725, 5.31
19.8, 5.32
19.875, 5.3
19.95, 5.34
20.025, 5.38
20.1, 4.97
20.175, 3.73
20.25, 3.33
20.325, 3.81
20.4, 5.29
20.475, 6.47
20.55, 6.71
20.625, 6.79
20.7, 6.8
20.775, 6.65
20.85, 6.57
20.925, 6.5
21, 6.51
21.075, 6.53
21.15, 6.45
21.225, 6.25
21.3, 5.96
21.375, 5.72
21.45, 5.46
21.525, 5.38
21.6, 5.37
21.675, 5.31
21.75, 5.38
21.825, 5.29
21.9, 5.22
21.975, 5.15
22.05, 5.03
22.125, 4.91
22.2, 4.74
22.275, 4.64
22.35, 4.51
22.425, 4.36
22.5, 4.19
22.575, 4.05
22.65, 3.98
22.725, 3.99
22.8, 3.99
22.875, 3.94
22.95, 3.89
23.025, 3.79
23.1, 3.69
23.175, 3.58
23.25, 3.49
23.325, 3.38
23.4, 3.33
23.475, 3.25
23.55, 3.28
23.625, 3.28
23.7, 3.3
23.775, 3.42
23.85, 3.59
23.925, 3.83
24, 4.05
24.075, 4.2
24.15, 4.34
24.225, 4.51
24.3, 4.61
24.375, 4.72
24.45, 4.83
24.525, 4.84
24.6, 4.89
24.675, 4.72
24.75, 4.56
24.825, 4.41
24.9, 4.03
24.975, 3.43
25.05, 3.04
25.125, 3.1
25.2, 3.62
25.275, 4.05
25.35, 4.15
25.425, 4.22
25.5, 4.14
25.575, 4.1
25.65, 4.03
25.725, 4.05
25.8, 4.1
25.875, 4.13
25.95, 4.15
26.025, 4.25
26.1, 4.28
26.175, 4.43
26.25, 4.46
26.325, 4.48
26.4, 4.49
26.475, 4.54
26.55, 4.62
26.625, 4.62
26.7, 4.62
26.775, 4.63
26.85, 4.67
26.925, 4.7
27, 4.67
27.075, 4.57
27.15, 4.39
27.225, 4.29
27.3, 4.29
27.375, 4.41
27.45, 4.49
27.525, 4.6
27.6, 4.55
27.675, 4.51
27.75, 4.55
27.825, 4.51
27.9, 4.52
27.975, 4.44
28.05, 4.45
28.125, 4.4
28.2, 4.36
28.275, 4.36
28.35, 4.37
28.425, 4.37
28.5, 4.13
28.575, 4.18
28.65, 4.3
28.725, 4.72
28.8, 4.94
28.875, 5.06
28.95, 5.09
29.025, 4.98
29.1, 4.92
29.175, 4.76
29.25, 4.68
29.325, 4.65
29.4, 4.72
29.475, 4.82
29.55, 4.92
29.625, 4.99
29.7, 5.15
29.775, 5.22
29.85, 5.28
29.925, 5.31
30, 5.24
30.075, 5.32
30.15, 5.4
30.225, 5.66
30.3, 5.69
30.375, 5.53
30.45, 5.28
30.525, 5.01
30.6, 4.9
30.675, 4.93
30.75, 4.87
30.825, 4.9
30.9, 4.84
30.975, 4.73
31.05, 4.69
31.125, 4.68
31.2, 4.66
31.275, 4.75
31.35, 4.8
31.425, 4.91
31.5, 4.94
31.575, 4.85
31.65, 4.81
31.725, 4.82
31.8, 4.88
31.875, 4.85
31.95, 4.86
32.025, 4.8
32.1, 4.81
32.175, 4.83
32.25, 4.98
32.325, 5.23
32.4, 5.64
32.475, 5.95
32.55, 6.13
32.625, 6.27
32.7, 6.23
32.775, 6.37
32.85, 6.37
32.925, 6.32
33, 6.3
33.075, 6.15
33.15, 6.06
33.225, 6.07
33.3, 6.06
33.375, 6.11
33.45, 6.09
33.525, 6.12
33.6, 6.12
33.675, 6.21
33.75, 6.22
33.825, 6.36
33.9, 6.29
33.975, 6.33
34.05, 6.3
34.125, 6.38
34.2, 6.49
34.275, 6.54
34.35, 6.51
34.425, 6.55
34.5, 6.57
34.575, 6.63
34.65, 6.67
34.725, 6.69
34.8, 6.76
34.875, 6.78
34.95, 6.84
35.025, 6.86
35.1, 6.94
35.175, 7.06
35.25, 7.09
35.325, 7.19
35.4, 7.2
35.475, 7.18
35.55, 7.2
35.625, 7.16
35.7, 7.19
35.775, 7.22
35.85, 7.29
35.925, 7.44
36, 7.57
36.075, 7.65
36.15, 7.66
36.225, 7.72
36.3, 7.8
36.375, 7.88
36.45, 7.88
36.525, 7.83
36.6, 7.7
36.675, 7.63
36.75, 7.57
36.825, 7.56
36.9, 7.51
36.975, 7.52
37.05, 7.42
37.125, 7.42
37.2, 7.43
37.275, 7.52
37.35, 7.62
37.425, 7.61
37.5, 7.62
37.575, 7.64
37.65, 7.63
37.725, 7.56
37.8, 7.51
37.875, 7.4
37.95, 7.25
38.025, 7.19
38.1, 7.17
38.175, 7.32
38.25, 7.44
38.325, 7.57
38.4, 7.59
38.475, 7.64
38.55, 7.59
38.625, 7.58
38.7, 7.54
38.775, 7.53
38.85, 7.45
38.925, 7.36
39, 7.23
39.075, 7.15
39.15, 7.13
39.225, 7.07
39.3, 7.12
39.375, 7.12
39.45, 7.15
39.525, 7.1
39.6, 7.01
39.675, 6.98
39.75, 6.99
39.825, 6.92
39.9, 6.86
39.975, 6.74
40.05, 6.62
40.125, 6.44
40.2, 6.2
40.275, 6
40.35, 5.91
40.425, 5.92
40.5, 5.87
40.575, 5.73
40.65, 5.59
40.725, 5.54
40.8, 5.56
40.875, 5.49
40.95, 5.32
41.025, 5.13
41.1, 5.06
41.175, 4.94
41.25, 4.86
41.325, 4.64
41.4, 4.41
41.475, 4.19
41.55, 4.01
41.625, 3.83
41.7, 3.52
41.775, 3.2
41.85, 2.9
41.925, 2.7
42, 2.63
42.075, 2.56
42.15, 2.51
42.225, 2.36
42.3, 2.33
42.375, 2.25
42.45, 2.2
42.525, 2.09
42.6, 1.93
42.675, 1.74
42.75, 1.55
42.825, 1.45
42.9, 1.34
42.975, 1.33
43.05, 1.27
43.125, 1.29
43.2, 1.22
43.275, 1.23
43.35, 1.16
43.425, 1.14
43.5, 1.16
43.575, 1.11
43.65, 1.06
43.725, 0.99
43.8, 0.82
43.875, 0.61
43.95, 0.26
44.025, -1.39
44.1, -3.68
44.175, -4.07
44.25, -3.97
44.325, -1.24
44.4, -1.21
44.475, -1.39
44.55, -1.52
44.625, -1.6
44.7, -1.62
44.775, -1.64
44.85, -1.68
44.925, -1.75
45, -1.84
45.075, -1.96
45.15, -2.11
45.225, -2.22
45.3, -2.29
45.375, -2.27
45.45, -2.25
45.525, -2.3
45.6, -2.34
45.675, -2.4
45.75, -2.38
45.825, -2.32
45.9, -2.38
45.975, -2.42
46.05, -2.5
46.125, -2.52
46.2, -2.4
46.275, -2.37
46.35, -2.34
46.425, -2.45
46.5, -2.61
46.575, -2.61
46.65, -2.57
46.725, -2.49
46.8, -2.44
46.875, -2.39
46.95, -2.42
47.025, -2.45
47.1, -2.52
47.175, -2.62
47.25, -2.65
47.325, -2.52
47.4, -2.34
47.475, -2.2
47.55, -2.14
47.625, -2.17
47.7, -2.16
47.775, -2.28
47.85, -2.36
47.925, -2.54
48, -2.71
48.075, -2.86
48.15, -2.94
48.225, -2.99
48.3, -2.98
48.375, -2.99
48.45, -3.03
48.525, -2.98
48.6, -2.91
48.675, -2.77
48.75, -2.71
48.825, -2.69
48.9, -2.7
48.975, -2.67
49.05, -2.69
49.125, -2.79
49.2, -2.92
49.275, -3.02
49.35, -3.04
49.425, -3.07
49.5, -3.08
49.575, -3.03
49.65, -2.99
49.725, -3
49.8, -3.06
49.875, -3.12
49.95, -3.14
50.025, -3.17
50.1, -3.21
50.175, -3.24
50.25, -3.26
50.325, -3.18
50.4, -3.14
50.475, -3.11
50.55, -3.14
50.625, -3.17
50.7, -3.15
50.775, -3.09
50.85, -3.04
50.925, -3.06
51, -3.11
51.075, -3.19
51.15, -3.42
51.225, -4.08
51.3, -4.38
51.375, -4.3
51.45, -3.6
51.525, -2.92
51.6, -2.61
51.675, -2.41
51.75, -2.26
51.825, -2.11
51.9, -1.98
51.975, -1.91
52.05, -1.8
52.125, -1.65
52.2, -1.48
52.275, -1.43
52.35, -1.38
52.425, -1.26
52.5, -1.21
52.575, -1.14
52.65, -1.03
52.725, -0.94
52.8, -0.86
52.875, -0.85
52.95, -0.8
53.025, -0.63
53.1, -0.46
53.175, -0.28
53.25, -0.11
53.325, 0.06
53.4, 0.25
53.475, 0.38
53.55, 0.45
53.625, 0.42
53.7, 0.44
53.775, 0.46
53.85, 0.52
53.925, 0.58
54, 0.52
54.075, 0.46
54.15, 0.41
54.225, 0.48
54.3, 0.49
54.375, 0.56
54.45, 0.69
54.525, 0.82
54.6, 0.9
54.675, 0.91
54.75, 0.86
54.825, 0.84
54.9, 0.79
54.975, 0.78
55.05, 0.83
55.125, 0.78
55.2, 0.8
55.275, 0.74
55.35, 0.82
55.425, 0.85
55.5, 0.92
55.575, 0.94
55.65, 0.91
55.725, 0.86
55.8, 0.76
55.875, 0.71
55.95, 0.71
56.025, 0.73
56.1, 0.78
56.175, 0.79
56.25, 0.81
56.325, 0.82
56.4, 0.82
56.475, 0.82
56.55, 0.85
56.625, 0.91
56.7, 0.99
56.775, 1.01
56.85, 1.05
56.925, 1.04
57, 1.1
57.075, 1.19
57.15, 1.29
57.225, 1.32
57.3, 1.38
57.375, 1.48
57.45, 1.54
57.525, 1.6
57.6, 1.65
57.675, 1.7
57.75, 1.71
57.825, 1.72
57.9, 1.69
57.975, 1.61
58.05, 1.53
58.125, 1.47
58.2, 1.52
58.275, 1.52
58.35, 1.55
58.425, 1.51
58.5, 1.46
58.575, 1.5
58.65, 1.53
58.725, 1.46
58.8, 1.41
58.875, 1.34
58.95, 1.26
59.025, 1.16
59.1, 1.17
59.175, 1.12
59.25, 1.19
59.325, 1.12
59.4, 1.07
59.475, 0.97
59.55, 0.89
59.625, 0.88
59.7, 0.94
59.775, 1.01
59.85, 0.97
59.925, 0.99
60, 0.99
60.075, 0.96
60.15, 0.99
60.225, 0.8
60.3, 0.72
60.375, 0.54
60.45, 0.52
60.525, 0.44
60.6, 0.27
60.675, 0.07
60.75, -0.08
60.825, -0.22
60.9, -0.45
60.975, -0.59
61.05, -0.66
61.125, -0.66
61.2, -0.62
61.275, -0.62
61.35, -0.48
61.425, -0.3
61.5, -0.17
61.575, -0.07
61.65, -0.05
61.725, 0
61.8, 0.03
61.875, 0.02
61.95, 0.03
62.025, 0.02
62.1, 0.07
62.175, 0.11
62.25, 0.07
62.325, -0.04
62.4, -0.2
62.475, -0.31
62.55, -0.44
62.625, -0.48
62.7, -0.63
62.775, -0.8
62.85, -0.9
62.925, -0.87
63, -0.83
63.075, -0.76
63.15, -0.7
63.225, -0.68
63.3, -0.64
63.375, -0.59
63.45, -0.58
63.525, -0.51
63.6, -0.51
63.675, -0.51
63.75, -0.52
63.825, -0.57
63.9, -0.52
63.975, -0.58
64.05, -0.69
64.125, -0.77
64.2, -0.8
64.275, -0.73
64.35, -0.79
64.425, -0.8
64.5, -0.83
64.575, -0.86
64.65, -0.91
64.725, -1.07
64.8, -1.1
64.875, -1.11
64.95, -1.02
65.025, -0.88
65.1, -0.84
65.175, -0.77
65.25, -0.86
65.325, -1.03
65.4, -1.68
65.475, -2.92
65.55, -3.63
65.625, -3.31
65.7, -2.21
65.775, -1.05
65.85, -1
65.925, -1.07
66, -1.2
66.075, -1.27
66.15, -1.34
66.225, -1.56
66.3, -1.6
66.375, -1.65
66.45, -1.58
66.525, -1.7
66.6, -1.8
66.675, -1.83
66.75, -1.82
66.825, -1.82
66.9, -1.99
66.975, -2.14
67.05, -2.44
67.125, -2.71
67.2, -2.91
67.275, -2.94
67.35, -2.57
67.425, -2.21
67.5, -1.75
67.575, -1.49
67.65, -1.26
67.725, -1.06
67.8, -0.93
67.875, -0.96
67.95, -1.08
68.025, -1.24
68.1, -1.15
68.175, -1.08
68.25, -0.91
68.325, -0.83
68.4, -0.71
68.475, -0.68
68.55, -0.63
68.625, -0.54
68.7, -0.63
68.775, -0.73
68.85, -0.97
68.925, -1.16
69, -1.28
69.075, -1.31
69.15, -1.24
69.225, -1.2
69.3, -1.14
69.375, -1.13
69.45, -1.12
69.525, -1.13
69.6, -1.12
69.675, -1.09
69.75, -1.15
69.825, -1.17
69.9, -1.16
69.975, -1.16
70.05, -2.38
70.125, -5.26
70.2, -7.4
70.275, -7.53
70.35, -4.78
70.425, -2.21
70.5, -1.27
70.575, -1.08
70.65, -0.87
70.725, -0.67
70.8, -0.61
70.875, -0.63
70.95, -0.77
71.025, -0.95
71.1, -1.09
71.175, -1.19
71.25, -1.21
71.325, -1.19
71.4, -1.08
71.475, -1.08
71.55, -1.03
71.625, -1.12
71.7, -1.14
71.775, -1.18
71.85, -1.24
71.925, -1.36
72, -1.48
72.075, -1.62
72.15, -1.66
72.225, -1.82
72.3, -1.94
72.375, -2.1
72.45, -2.19
72.525, -2.31
72.6, -2.4
72.675, -2.55
72.75, -2.68
72.825, -2.79
72.9, -2.79
72.975, -2.74
73.05, -2.68
73.125, -2.56
73.2, -2.44
73.275, -2.32
73.35, -2.09
73.425, -1.84
73.5, -1.66
73.575, -1.57
73.65, -1.65
73.725, -1.85
73.8, -2.14
73.875, -2.37
73.95, -2.62
74.025, -2.77
74.1, -2.9
74.175, -2.97
74.25, -3.03
74.325, -3.17
74.4, -3.35
74.475, -3.65
74.55, -3.88
74.625, -4.09
74.7, -4.17
74.775, -4.3
74.85, -4.32
74.925, -4.34
75, -4.3
75.075, -4.38
75.15, -4.49
75.225, -4.65
75.3, -4.8
75.375, -4.89
75.45, -4.98
75.525, -5.19
75.6, -6.44
75.675, -7.88
75.75, -8.14
75.825, -7.61
75.9, -6.12
75.975, -5.75
76.05, -5.83
76.125, -5.94
76.2, -6.07
76.275, -6.14
76.35, -6.31
76.425, -6.46
76.5, -6.53
76.575, -6.64
76.65, -6.77
76.725, -7.04
76.8, -7.26
76.875, -7.45
76.95, -7.41
77.025, -7.32
77.1, -7.11
77.175, -6.91
77.25, -6.71
77.325, -6.58
77.4, -6.45
77.475, -6.3
77.55, -6.01
77.625, -5.84
77.7, -5.7
77.775, -5.57
77.85, -5.44
77.925, -5.23
78, -4.98
78.075, -4.72
78.15, -4.35
78.225, -4.03
78.3, -3.93
78.375, -4.02
78.45, -4.37
78.525, -4.79
78.6, -5.21
78.675, -5.6
78.75, -5.93
78.825, -6.07
78.9, -6.21
78.975, -6.23
79.05, -6.37
79.125, -6.37
79.2, -6.33
79.275, -6.27
79.35, -6.25
79.425, -6.28
79.5, -6.26
79.575, -6.24
79.65, -6.3
79.725, -6.38
79.8, -6.49
79.875, -6.56
79.95, -6.57
80.025, -6.61
80.1, -6.67
80.175, -6.78
80.25, -6.79
80.325, -6.79
80.4, -6.74
80.475, -6.62
80.55, -6.59
80.625, -6.61
80.7, -6.67
80.775, -6.76
80.85, -6.76
80.925, -6.82
81, -6.77
81.075, -6.83
81.15, -6.85
81.225, -6.89
81.3, -6.9
81.375, -6.89
81.45, -6.86
81.525, -6.8
81.6, -6.74
81.675, -6.63
81.75, -6.67
81.825, -6.73
81.9, -6.94
81.975, -6.98
82.05, -7.02
82.125, -6.98
82.2, -6.91
82.275, -6.9
82.35, -6.82
82.425, -6.78
82.5, -6.64
82.575, -6.53
82.65, -6.41
82.725, -6.34
82.8, -6.26
82.875, -6.13
82.95, -6.06
83.025, -6.04
83.1, -6.14
83.175, -6.18
83.25, -6.15
83.325, -6.06
83.4, -5.93
83.475, -5.85
83.55, -5.92
83.625, -5.98
83.7, -6.15
83.775, -6.09
83.85, -6.06
83.925, -5.92
84, -5.9
84.075, -5.92
84.15, -5.86
84.225, -5.84
84.3, -5.76
84.375, -5.72
84.45, -5.7
84.525, -5.72
84.6, -5.89
84.675, -5.99
84.75, -6.15
84.825, -6.25
84.9, -6.45
84.975, -6.44
85.05, -6.45
85.125, -6.39
85.2, -6.46
85.275, -6.54
85.35, -6.56
85.425, -6.61
85.5, -6.58
85.575, -6.56
85.65, -6.53
85.725, -6.6
85.8, -6.64
85.875, -6.72
85.95, -6.69
86.025, -6.66
86.1, -6.58
86.175, -6.48
86.25, -6.45
86.325, -6.43
86.4, -6.49
86.475, -6.52
86.55, -6.76
86.625, -7.61
86.7, -8.77
86.775, -9.28
86.85, -9.08
86.925, -8.09
87, -7.59
87.075, -7.44
87.15, -7.35
87.225, -7.25
87.3, -7.19
87.375, -7.09
87.45, -7.04
87.525, -6.95
87.6, -6.91
87.675, -6.97
87.75, -7.03
87.825, -7.19
87.9, -7.28
87.975, -7.41
88.05, -7.46
88.125, -7.53
88.2, -7.62
88.275, -7.61
88.35, -7.66
88.425, -7.74
88.5, -7.73
88.575, -7.81
88.65, -7.7
88.725, -7.72
88.8, -7.79
88.875, -7.75
88.95, -7.75
89.025, -7.75
89.1, -7.72
89.175, -7.66
89.25, -7.54
89.325, -7.47
89.4, -7.47
89.475, -7.4
89.55, -7.43
89.625, -7.39
89.7, -7.46
89.775, -7.48
89.85, -7.51
89.925, -7.44
90, -7.38
90.075, -7.29
90.15, -7.26
90.225, -7.26
90.3, -7.33
90.375, -7.45
90.45, -7.6
90.525, -7.73
90.6, -7.77
90.675, -7.82
90.75, -7.8
90.825, -7.88
90.9, -7.93
90.975, -8.05
91.05, -8.17
91.125, -8.35
91.2, -8.48
91.275, -8.66
91.35, -8.81
91.425, -8.96
91.5, -8.98
91.575, -8.99
91.65, -8.87
91.725, -8.73
91.8, -8.63
91.875, -8.7
91.95, -8.81
92.025, -8.91
92.1, -9.03
92.175, -9.05
92.25, -9.07
92.325, -8.95
92.4, -8.97
92.475, -9
92.55, -9.04
92.625, -8.98
92.7, -8.91
92.775, -8.85
92.85, -8.8
92.925, -8.77
93, -8.71
93.075, -8.77
93.15, -8.85
93.225, -8.93
93.3, -8.98
93.375, -9.1
93.45, -9.15
93.525, -9.28
93.6, -9.34
93.675, -9.44
93.75, -9.44
93.825, -9.53
93.9, -9.46
93.975, -9.35
94.05, -9.26
94.125, -9.15
94.2, -9.08
94.275, -8.99
94.35, -8.95
94.425, -8.95
94.5, -8.97
94.575, -9.05
94.65, -9.15
94.725, -9.22
94.8, -9.32
94.875, -9.36
94.95, -9.43
95.025, -9.48
95.1, -9.34
95.175, -9.15
95.25, -8.86
95.325, -8.69
95.4, -8.61
95.475, -8.59
95.55, -8.67
95.625, -8.77
95.7, -8.83
95.775, -8.8
95.85, -8.73
95.925, -8.61
96, -8.51
96.075, -8.45
96.15, -8.51
96.225, -8.49
96.3, -8.51
96.375, -8.53
96.45, -8.53
96.525, -8.52
96.6, -8.5
96.675, -8.45
96.75, -8.47
96.825, -8.45
96.9, -8.44
96.975, -8.46
97.05, -8.43
97.125, -8.42
97.2, -8.37
97.275, -8.32
97.35, -8.23
97.425, -8.1
97.5, -8.06
97.575, -8.02
97.65, -7.98
97.725, -7.94
97.8, -7.86
97.875, -7.88
97.95, -7.86
98.025, -7.84
98.1, -7.77
98.175, -7.71
98.25, -7.58
98.325, -7.51
98.4, -7.41
98.475, -7.39
98.55, -7.33
98.625, -7.2
98.7, -6.94
98.775, -6.61
98.85, -6.27
98.925, -6.09
99, -6.02
99.075, -6.04
99.15, -6.01
99.225, -5.75
99.3, -5.52
99.375, -5.23
99.45, -5.12
99.525, -5.01
99.6, -4.95
99.675, -4.89
99.75, -4.83
99.825, -4.81
99.9, -4.87
99.975, -5.03
100.05, -5.15
100.125, -5.25
100.2, -5.27
100.275, -5.41
100.35, -6.94
100.425, -7.57
100.5, -7.59
100.575, -6.44
100.65, -5.38
100.725, -5.06
100.8, -4.84
100.875, -4.58
100.95, -4.46
101.025, -4.48
101.1, -4.48
101.175, -4.57
101.25, -4.62
101.325, -4.65
101.4, -4.66
101.475, -4.76
101.55, -4.78
101.625, -4.86
101.7, -4.92
101.775, -4.93
101.85, -4.8
101.925, -4.8
102, -4.69
102.075, -4.76
102.15, -4.83
102.225, -4.93
102.3, -4.96
102.375, -4.99
102.45, -4.98
102.525, -4.96
102.6, -4.89
102.675, -4.85
102.75, -4.81
102.825, -4.83
102.9, -4.92
102.975, -5.01
103.05, -5.09
103.125, -5.15
103.2, -5.24
103.275, -5.35
103.35, -5.44
103.425, -5.49
103.5, -5.51
103.575, -5.52
103.65, -5.49
103.725, -5.59
103.8, -5.62
103.875, -5.67
103.95, -5.67
104.025, -5.58
104.1, -5.6
104.175, -5.67
104.25, -5.73
104.325, -5.78
104.4, -5.84
104.475, -5.94
104.55, -6.05
104.625, -6.06
104.7, -6
104.775, -5.9
104.85, -5.71
104.925, -5.35
105, -4.99
105.075, -4.66
105.15, -4.46
105.225, -4.33
105.3, -4.31
105.375, -4.25
105.45, -4.18
105.525, -4.08
105.6, -4.05
105.675, -4.01
105.75, -3.93
105.825, -3.74
105.9, -3.54
105.975, -3.38
106.05, -3.2
106.125, -3.1
106.2, -2.87
106.275, -2.6
106.35, -2.39
106.425, -2.26
106.5, -2.18
106.575, -2.1
106.65, -1.94
106.725, -1.92
106.8, -1.75
106.875, -1.59
106.95, -1.36
107.025, -1.12
107.1, -0.86
107.175, -0.58
107.25, -0.46
107.325, -0.38
107.4, -0.39
107.475, -0.42
107.55, -0.4
107.625, -0.28
107.7, -0.25
107.775, -0.14
107.85, -0.13
107.925, -0.11
108, 0.01
108.075, 0.09
108.15, 0.27
108.225, 0.44
108.3, 0.5
108.375, 0.51
108.45, 0.55
108.525, 0.65
108.6, 0.72
108.675, 0.82
108.75, 0.9
108.825, 1.05
108.9, 1.08
108.975, 1.09
109.05, 1.08
109.125, 1.18
109.2, 1.38
109.275, 1.58
109.35, 1.73
109.425, 1.86
109.5, 1.96
109.575, 1.98
109.65, 2.07
109.725, 2.17
109.8, 2.28
109.875, 2.35
109.95, 2.39
110.025, 2.5
110.1, 2.65
110.175, 2.81
110.25, 2.89
110.325, 2.88
110.4, 2.86
110.475, 2.8
110.55, 2.88
110.625, 3.07
110.7, 3.28
110.775, 3.4
110.85, 3.36
110.925, 3.27
111, 3.18
111.075, 3.1
111.15, 3.12
111.225, 3.19
111.3, 3.33
111.375, 3.44
111.45, 3.65
111.525, 3.71
111.6, 3.83
111.675, 3.93
111.75, 4.05
111.825, 4.14
111.9, 4.18
111.975, 4.24
112.05, 4.25
112.125, 4.26
112.2, 4.29
112.275, 4.26
112.35, 4.28
112.425, 4.28
112.5, 4.23
112.575, 4.16
112.65, 4.14
112.725, 4.13
112.8, 4.11
112.875, 4.15
112.95, 4.15
113.025, 4.17
113.1, 4.2
113.175, 4.21
113.25, 4.19
113.325, 4.12
113.4, 4.01
113.475, 4.01
113.55, 3.85
113.625, 3.75
113.7, 3.64
113.775, 3.6
113.85, 3.68
113.925, 3.78
114, 3.81
114.075, 3.81
114.15, 3.79
114.225, 3.79
114.3, 3.82
114.375, 3.8
114.45, 3.85
114.525, 3.93
114.6, 4.05
114.675, 4.15
114.75, 4.23
114.825, 4.27
114.9, 4.39
114.975, 4.33
115.05, 4.33
115.125, 4.28
115.2, 4.34
115.275, 4.48
115.35, 4.51
115.425, 4.43
115.5, 4.41
115.575, 4.36
115.65, 4.36
115.725, 4.33
115.8, 4.36
115.875, 4.4
115.95, 4.49
116.025, 4.52
116.1, 4.61
116.175, 4.59
116.25, 4.59
116.325, 4.48
116.4, 4.34
116.475, 4.25
116.55, 4.32
116.625, 4.22
116.7, 3.92
116.775, 2.94
116.85, 2.37
116.925, 2.15
117, 2.67
117.075, 3.02
117.15, 3.13
117.225, 3.17
117.3, 3.17
117.375, 3.25
117.45, 3.38
117.525, 3.41
117.6, 3.49
117.675, 3.57
117.75, 3.76
117.825, 3.97
117.9, 4.16
117.975, 4.22
118.05, 4.31
118.125, 4.35
118.2, 4.41
118.275, 4.48
118.35, 4.34
118.425, 4.3
118.5, 4.25
118.575, 4.38
118.65, 4.65
118.725, 4.96
118.8, 5.21
118.875, 5.37
118.95, 5.36
119.025, 5.25
119.1, 5.21
119.175, 5.21
119.25, 5.28
119.325, 5.31
119.4, 5.3
119.475, 5.34
119.55, 5.43
119.625, 5.55
119.7, 5.69
119.775, 5.71
119.85, 5.7
119.925, 5.63
120, 5.56
120.075, 5.56
120.15, 5.47
120.225, 5.44
120.3, 5.46
120.375, 5.55
120.45, 5.7
120.525, 5.72
120.6, 5.68
120.675, 5.67
120.75, 5.6
120.825, 5.62
120.9, 5.65
120.975, 5.71
121.05, 5.8
121.125, 5.74
121.2, 5.78
121.275, 5.83
121.35, 5.87
121.425, 5.94
121.5, 6.02
121.575, 6.11
121.65, 6.2
121.725, 6.31
121.8, 6.41
121.875, 6.53
121.95, 6.56
122.025, 6.59
122.1, 6.59
122.175, 6.59
122.25, 6.53
122.325, 6.47
122.4, 6.61
122.475, 6.71
122.55, 6.88
122.625, 6.96
122.7, 7
122.775, 7.04
122.85, 6.99
122.925, 7.1
123, 7.13
123.075, 7.2
123.15, 7.22
123.225, 7.3
123.3, 7.36
123.375, 7.53
123.45, 7.64
123.525, 7.77
123.6, 7.84
123.675, 7.9
123.75, 7.98
123.825, 8.11
123.9, 8.26
123.975, 8.32
124.05, 8.27
124.125, 8.16
124.2, 8.08
124.275, 8.02
124.35, 8.01
124.425, 8.09
124.5, 8.22
124.575, 8.31
124.65, 8.48
124.725, 8.61
124.8, 8.86
124.875, 9.12
124.95, 9.26
125.025, 9.26
125.1, 9.19
125.175, 9.26
125.25, 9.43
125.325, 9.55
125.4, 9.58
125.475, 9.7
125.55, 9.85
125.625, 10.06
125.7, 10.25
125.775, 10.39
125.85, 10.41
125.925, 10.4
126, 10.31
126.075, 10.29
126.15, 10.32
126.225, 10.32
126.3, 10.41
126.375, 10.56
126.45, 10.77
126.525, 10.99
126.6, 11.19
126.675, 11.4
126.75, 11.58
126.825, 11.73
126.9, 11.87
126.975, 12.11
127.05, 12.19
127.125, 12.35
127.2, 12.38
127.275, 12.58
127.35, 12.77
127.425, 12.94
127.5, 13.06
127.575, 13.02
127.65, 13.03
127.725, 13.09
127.8, 13.23
127.875, 13.31
127.95, 13.36
128.025, 13.44
128.1, 13.59
128.175, 13.62
128.25, 13.6
128.325, 13.43
128.4, 13.32
128.475, 13.2
128.55, 13.15
128.625, 13.09
128.7, 13.13
128.775, 13.23
128.85, 13.36
128.925, 13.45
129, 13.53
129.075, 13.67
129.15, 13.9
129.225, 14.19
129.3, 14.39
129.375, 14.42
129.45, 14.31
129.525, 14.11
129.6, 13.94
129.675, 13.73
129.75, 13.5
129.825, 13.2
129.9, 12.89
129.975, 12.67
130.05, 12.58
130.125, 12.65
130.2, 12.71
130.275, 12.74
130.35, 12.7
130.425, 12.45
130.5, 12.03
130.575, 11.94
130.65, 12.3
130.725, 12.96
130.8, 13.48
130.875, 13.45
130.95, 13.3
131.025, 13.2
131.1, 13.19
131.175, 13.24
131.25, 13.24
131.325, 13.27
131.4, 13.33
131.475, 13.44
131.55, 13.62
131.625, 13.79
131.7, 13.9
131.775, 14.1
131.85, 14.21
131.925, 14.31
132, 14.43
132.075, 14.5
132.15, 14.71
132.225, 14.9
132.3, 15.03
132.375, 15.21
132.45, 15.24
132.525, 15.34
132.6, 15.28
132.675, 15.37
132.75, 15.22
132.825, 15.23
132.9, 15.1
132.975, 15.09
133.05, 15.06
133.125, 15.13
133.2, 15.22
133.275, 15.27
133.35, 15.52
133.425, 15.67
133.5, 15.94
133.575, 16.18
133.65, 16.42
133.725, 16.68
133.8, 16.88
133.875, 17.1
133.95, 17.21
134.025, 17.31
134.1, 17.37
134.175, 17.49
134.25, 17.65
134.325, 17.83
134.4, 17.88
134.475, 17.84
134.55, 17.74
134.625, 17.59
134.7, 17.6
134.775, 17.58
134.85, 17.68
134.925, 17.71
135, 17.73
135.075, 17.84
135.15, 17.93
135.225, 18.23
135.3, 18.55
135.375, 18.93
135.45, 19.29
135.525, 19.54
135.6, 19.61
135.675, 19.46
135.75, 19.16
135.825, 18.76
135.9, 18.41
135.975, 18.03
136.05, 17.7
136.125, 17.54
136.2, 17.46
136.275, 17.47
136.35, 17.43
136.425, 17.31
136.5, 17.22
136.575, 17.26
136.65, 17.38
136.725, 17.52
136.8, 17.78
136.875, 17.97
136.95, 18.29
137.025, 18.65
137.1, 18.99
137.175, 19.25
137.25, 19.33
137.325, 19.41
137.4, 19.53
137.475, 19.73
137.55, 19.9
137.625, 19.84
137.7, 19.5
137.775, 18.9
137.85, 18.38
137.925, 18.09
138, 18.12
138.075, 18.06
138.15, 18.05
138.225, 18
138.3, 17.95
138.375, 17.86
138.45, 17.72
138.525, 17.6
138.6, 17.41
138.675, 17.31
138.75, 17.27
138.825, 17.36
138.9, 17.41
138.975, 17.37
139.05, 17.19
139.125, 17.01
139.2, 16.88
139.275, 16.8
139.35, 16.72
139.425, 16.72
139.5, 16.71
139.575, 16.71
139.65, 16.66
139.725, 16.61
139.8, 16.54
139.875, 16.45
139.95, 16.32
140.025, 16.11
140.1, 15.72
140.175, 15.18
140.25, 14.15
140.325, 13.58
140.4, 13.54
140.475, 14.21
140.55, 14.78
140.625, 14.97
140.7, 14.88
140.775, 14.84
140.85, 14.89
140.925, 14.96
141, 15
141.075, 14.97
141.15, 14.91
141.225, 14.83
141.3, 14.79
141.375, 14.73
141.45, 14.61
141.525, 14.41
141.6, 14.18
141.675, 13.83
141.75, 13.68
141.825, 13.52
141.9, 13.54
141.975, 13.5
142.05, 13.45
142.125, 13.38
142.2, 13.35
142.275, 13.3
142.35, 13.33
142.425, 13.39
142.5, 13.52
142.575, 13.66
142.65, 13.65
142.725, 13.64
142.8, 13.62
142.875, 13.66
142.95, 13.6
143.025, 13.51
143.1, 13.39
143.175, 13.36
143.25, 13.33
143.325, 13.32
143.4, 13.27
143.475, 13.25
143.55, 13.21
143.625, 13.05
143.7, 12.93
143.775, 12.83
143.85, 12.72
143.925, 12.69
144, 12.64
144.075, 12.6
144.15, 12.49
144.225, 12.43
144.3, 12.34
144.375, 12.33
144.45, 12.34
144.525, 12.34
144.6, 12.32
144.675, 12.22
144.75, 12.18
144.825, 12.17
144.9, 12.19
144.975, 12.35
145.05, 12.36
145.125, 12.37
145.2, 12.25
145.275, 12.05
145.35, 11.94
145.425, 11.72
145.5, 11.58
145.575, 11.42
145.65, 11.34
145.725, 11.33
145.8, 11.31
145.875, 11.23
145.95, 11.1
146.025, 10.98
146.1, 10.89
146.175, 10.86
146.25, 10.73
146.325, 10.64
146.4, 10.47
146.475, 10.32
146.55, 10.08
146.625, 9.91
146.7, 9.65
146.775, 9.38
146.85, 9.06
146.925, 8.82
147, 8.6
147.075, 8.44
147.15, 8.35
147.225, 8.3
147.3, 8.37
147.375, 8.35
147.45, 8.35
147.525, 8.37
147.6, 8.33
147.675, 8.28
147.75, 8.14
147.825, 8.08
147.9, 8.09
147.975, 8.07
148.05, 7.89
148.125, 7.7
148.2, 7.69
148.275, 7.54
148.35, 7.62
148.425, 7.54
148.5, 7.5
148.575, 7.46
148.65, 7.36
148.725, 7.31
148.8, 7.29
148.875, 7.22
148.95, 7.28
149.025, 7.28
149.1, 7.32
149.175, 7.3
149.25, 7.3
149.325, 7.29
149.4, 7.26
149.475, 7.16
149.55, 7
149.625, 6.88
149.7, 6.73
149.775, 6.63
149.85, 6.56
149.925, 6.48
150, 6.38
150.075, 6.27
150.15, 6.13
150.225, 6.04
150.3, 6.04
150.375, 6.02
150.45, 6.11
150.525, 6.2
150.6, 6.24
150.675, 6.26
150.75, 6.24
150.825, 6.26
150.9, 6.28
150.975, 6.35
151.05, 6.36
151.125, 6.33
151.2, 6.3
151.275, 6.2
151.35, 6.22
151.425, 6.15
151.5, 6.05
151.575, 5.97
151.65, 5.89
151.725, 5.96
151.8, 6.07
151.875, 6.08
151.95, 6.18
152.025, 6.21
152.1, 6.25
152.175, 6.3
152.25, 6.28
152.325, 6.27
152.4, 6.19
152.475, 6.22
152.55, 6.28
152.625, 6.26
152.7, 6.37
152.775, 6.32
152.85, 6.35
152.925, 6.36
153, 6.46
153.075, 6.61
153.15, 6.67
153.225, 6.69
153.3, 6.71
153.375, 6.83
153.45, 6.9
153.525, 6.95
153.6, 6.91
153.675, 6.85
153.75, 6.86
153.825, 6.85
153.9, 6.84
153.975, 6.83
154.05, 6.88
154.125, 6.89
154.2, 6.96
154.275, 6.98
154.35, 6.95
154.425, 6.96
154.5, 7
154.575, 6.97
154.65, 7.03
154.725, 7.04
154.8, 7.16
154.875, 7.22
154.95, 7.15
155.025, 7.08
155.1, 7.06
155.175, 7.12
155.25, 7.26
155.325, 7.3
155.4, 7.33
155.475, 7.34
155.55, 7.45
155.625, 7.58
155.7, 7.66
155.775, 7.65
155.85, 7.65
155.925, 7.64
156, 7.63
156.075, 7.59
156.15, 7.54
156.225, 7.56
156.3, 7.58
156.375, 7.66
156.45, 7.6
156.525, 7.63
156.6, 7.6
156.675, 7.7
156.75, 7.75
156.825, 7.82
156.9, 7.85
156.975, 7.92
157.05, 7.94
157.125, 7.92
157.2, 7.93
157.275, 7.92
157.35, 8.1
157.425, 8.1
157.5, 8.18
157.575, 8.24
157.65, 8.39
157.725, 8.56
157.8, 8.64
157.875, 8.64
157.95, 8.55
158.025, 8.48
158.1, 8.39
158.175, 8.35
158.25, 8.3
158.325, 8.26
158.4, 8.21
158.475, 8.17
158.55, 8.1
158.625, 8.12
158.7, 8.14
158.775, 8.25
158.85, 8.38
158.925, 8.44
159, 8.55
159.075, 8.61
159.15, 8.64
159.225, 8.64
159.3, 8.6
159.375, 8.55
159.45, 8.52
159.525, 8.5
159.6, 8.45
159.675, 8.48
159.75, 8.59
159.825, 8.61
159.9, 8.69
159.975, 8.62
160.05, 8.55
160.125, 8.59
160.2, 8.43
160.275, 8.32
160.35, 8.05
160.425, 7.86
160.5, 7.29
160.575, 5.77
160.65, 3.5
160.725, 2.15
160.8, 2.53
160.875, 4.62
160.95, 6.7
161.025, 7.73
161.1, 8.15
161.175, 8.04
161.25, 7.81
161.325, 7.52
161.4, 7.33
161.475, 7.19
161.55, 7.08
161.625, 6.92
161.7, 6.8
161.775, 6.83
161.85, 6.81
161.925, 6.78
162, 6.69
162.075, 6.63
162.15, 6.64
162.225, 6.67
162.3, 6.69
162.375, 6.61
162.45, 6.45
162.525, 6.4
162.6, 6.36
162.675, 6.41
162.75, 6.4
162.825, 6.4
162.9, 6.42
162.975, 6.39
163.05, 6.28
163.125, 6.11
163.2, 5.95
163.275, 5.76
163.35, 5.67
163.425, 5.51
163.5, 5.53
163.575, 5.49
163.65, 5.45
163.725, 5.35
163.8, 5.16
163.875, 4.97
163.95, 4.86
164.025, 4.72
164.1, 4.55
164.175, 4.28
164.25, 4.01
164.325, 3.85
164.4, 3.81
164.475, 3.94
164.55, 4.15
164.625, 4.49
164.7, 4.76
164.775, 4.99
164.85, 5.04
164.925, 5.04
165, 4.89
165.075, 4.79
165.15, 4.61
165.225, 4.51
165.3, 4.45
165.375, 4.42
165.45, 4.37
165.525, 4.37
165.6, 4.41
165.675, 4.4
165.75, 4.33
165.825, 4.14
165.9, 4.03
165.975, 3.94
166.05, 3.92
166.125, 3.82
166.2, 3.76
166.275, 3.64
166.35, 3.6
166.425, 3.58
166.5, 3.55
166.575, 3.6
166.65, 3.6
166.725, 3.63
166.8, 3.6
166.875, 3.61
166.95, 3.64
167.025, 3.65
167.1, 3.57
167.175, 3.55
167.25, 3.56
167.325, 3.6
167.4, 3.64
167.475, 3.61
167.55, 3.58
167.625, 3.52
167.7, 3.46
167.775, 3.39
167.85, 3.3
167.925, 3.26
168, 3.36
168.075, 3.59
168.15, 3.91
168.225, 4.13
168.3, 4.14
168.375, 3.98
168.45, 3.81
168.525, 3.7
168.6, 3.64
168.675, 3.64
168.75, 3.73
168.825, 3.9
168.9, 4.07
168.975, 4.27
169.05, 4.39
169.125, 4.57
169.2, 4.72
169.275, 4.78
169.35, 4.82
169.425, 4.81
169.5, 4.94
169.575, 5.05
169.65, 5.17
169.725, 5.28
169.8, 5.31
169.875, 5
169.95, 4.74
170.025, 4.52
170.1, 4.52
170.175, 4.54
170.25, 4.4
170.325, 4.36
170.4, 4.28
170.475, 4.28
170.55, 4.29
170.625, 4.31
170.7, 4.51
170.775, 4.63
170.85, 4.73
170.925, 4.8
171, 4.8
171.075, 4.81
171.15, 4.8
171.225, 4.85
171.3, 4.93
171.375, 5.03
171.45, 5.05
171.525, 4.96
171.6, 4.93
171.675, 4.78
171.75, 4.84
171.825, 4.85
171.9, 4.92
171.975, 5.06
172.05, 5.08
172.125, 5.03
172.2, 5.01
172.275, 5.01
172.35, 5.19
172.425, 5.43
172.5, 5.58
172.575, 5.6
172.65, 5.63
172.725, 5.77
172.8, 5.88
172.875, 5.98
172.95, 5.81
173.025, 5.85
173.1, 5.94
173.175, 6.23
173.25, 6.47
173.325, 6.61
173.4, 6.58
173.475, 6.55
173.55, 6.54
173.625, 6.52
173.7, 6.61
173.775, 6.63
173.85, 6.7
173.925, 6.72
174, 6.8
174.075, 6.76
174.15, 6.76
174.225, 6.76
174.3, 6.84
174.375, 6.99
174.45, 7.17
174.525, 7.3
174.6, 7.48
174.675, 7.6
174.75, 7.73
174.825, 7.81
174.9, 7.91
174.975, 8.05
175.05, 8.23
175.125, 8.44
175.2, 8.66
175.275, 8.86
175.35, 9.06
175.425, 9.13
175.5, 9.17
175.575, 9.24
175.65, 9.37
175.725, 9.51
175.8, 9.6
175.875, 9.61
175.95, 9.63
176.025, 9.72
176.1, 9.77
176.175, 9.82
176.25, 9.85
176.325, 9.98
176.4, 10.1
176.475, 10.17
176.55, 10.12
176.625, 10.11
176.7, 10.04
176.775, 10.09
176.85, 10.17
176.925, 10.3
177, 10.46
177.075, 10.58
177.15, 10.66
177.225, 10.54
177.3, 10.53
177.375, 10.48
177.45, 10.55
177.525, 10.6
177.6, 10.51
177.675, 10.34
177.75, 9.93
177.825, 8.87
177.9, 8.34
177.975, 8.39
178.05, 9.06
178.125, 9.98
178.2, 10.05
178.275, 9.99
178.35, 9.94
178.425, 9.85
178.5, 9.79
178.575, 9.64
178.65, 9.77
178.725, 9.83
178.8, 10
178.875, 10.05
178.95, 10.12
179.025, 10.26
179.1, 10.43
179.175, 10.57
179.25, 10.65
179.325, 10.77
179.4, 10.85
179.475, 11.01
179.55, 11.12
179.625, 11.23
179.7, 11.2
179.775, 11.15
179.85, 11.17
179.925, 11.23
180, 11.44
180.075, 11.58
180.15, 11.7
180.225, 11.68
180.3, 11.57
180.375, 11.46
180.45, 11.41
180.525, 11.47
180.6, 11.46
180.675, 11.31
180.75, 11.17
180.825, 11.15
180.9, 11.11
180.975, 11.27
181.05, 11.43
181.125, 11.77
181.2, 12.01
181.275, 12.21
181.35, 12.25
181.425, 12.29
181.5, 12.42
181.575, 12.51
181.65, 12.6
181.725, 12.56
181.8, 12.6
181.875, 12.61
181.95, 12.6
182.025, 12.47
182.1, 12.35
182.175, 12.28
182.25, 12.31
182.325, 12.27
182.4, 12.25
182.475, 12.23
182.55, 12.22
182.625, 12.24
182.7, 12.14
182.775, 12.07
182.85, 11.89
182.925, 11.75
183, 11.61
183.075, 11.55
183.15, 11.6
183.225, 11.63
183.3, 11.76
183.375, 11.8
183.45, 11.76
183.525, 11.55
183.6, 11.32
183.675, 11.1
183.75, 11.06
183.825, 11.24
183.9, 11.51
183.975, 11.96
184.05, 12.26
184.125, 12.41
184.2, 12.35
184.275, 12.23
184.35, 12.15
184.425, 12.06
184.5, 12.03
184.575, 11.92
184.65, 11.7
184.725, 11.46
184.8, 11.22
184.875, 11.01
184.95, 10.84
185.025, 10.61
185.1, 10.6
185.175, 10.57
185.25, 10.67
185.325, 10.86
185.4, 10.98
185.475, 11.1
185.55, 11.25
185.625, 11.44
185.7, 11.65
185.775, 11.8
185.85, 11.87
185.925, 11.89
186, 11.87
186.075, 11.93
186.15, 11.88
186.225, 11.63
186.3, 11.22
186.375, 10.75
186.45, 10.36
186.525, 9.98
186.6, 9.69
186.675, 9.48
186.75, 9.42
186.825, 9.36
186.9, 9.14
186.975, 8.99
187.05, 8.88
187.125, 8.96
187.2, 8.96
187.275, 8.91
187.35, 8.78
187.425, 8.7
187.5, 8.81
187.575, 9.12
187.65, 9.53
187.725, 9.86
187.8, 9.99
187.875, 10.03
187.95, 9.93
188.025, 9.98
188.1, 10.04
188.175, 10.17
188.25, 10.23
188.325, 10.29
188.4, 10.29
188.475, 10.35
188.55, 10.3
188.625, 10.24
188.7, 10.15
188.775, 10.05
188.85, 9.91
188.925, 9.69
189, 9.42
189.075, 9.02
189.15, 8.15
189.225, 6.49
189.3, 4.49
189.375, 4.29
189.45, 5.49
189.525, 7.42
189.6, 8.54
189.675, 8.65
189.75, 8.74
189.825, 8.66
189.9, 8.51
189.975, 8.31
190.05, 8.11
190.125, 7.96
190.2, 7.81
190.275, 7.74
190.35, 7.73
190.425, 7.65
190.5, 7.44
190.575, 7.08
190.65, 6.9
190.725, 7.14
190.8, 7.56
190.875, 8.01
190.95, 8.22
191.025, 8.27
191.1, 8.3
191.175, 8.23
191.25, 8.22
191.325, 8.32
191.4, 8.38
191.475, 8.44
191.55, 8.34
191.625, 8.26
191.7, 8.02
191.775, 7.75
191.85, 7.39
191.925, 7
192, 6.69
192.075, 6.38
192.15, 6.2
192.225, 6.13
192.3, 6.22
192.375, 6.29
192.45, 6.32
192.525, 6.22
192.6, 6.1
192.675, 5.95
192.75, 5.85
192.825, 5.89
192.9, 5.78
192.975, 5.63
193.05, 5.45
193.125, 5.29
193.2, 5.27
193.275, 5.14
193.35, 5.05
193.425, 4.89
193.5, 4.93
193.575, 4.92
193.65, 4.95
193.725, 4.91
193.8, 4.9
193.875, 4.96
193.95, 4.97
194.025, 4.53
194.1, 3.45
194.175, 2.38
194.25, 2.25
194.325, 2.82
194.4, 3.54
194.475, 3.51
194.55, 3.38
194.625, 3.41
194.7, 3.3
194.775, 3.25
194.85, 3.18
194.925, 3.09
195, 3.03
195.075, 3.01
195.15, 2.93
195.225, 2.87
195.3, 2.79
195.375, 2.81
195.45, 2.77
195.525, 2.74
195.6, 2.64
195.675, 2.65
195.75, 2.62
195.825, 2.57
195.9, 2.58
195.975, 2.6
196.05, 2.64
196.125, 2.59
196.2, 2.52
196.275, 2.46
196.35, 2.3
196.425, 2.2
196.5, 2.05
196.575, 2.04
196.65, 1.98
196.725, 1.87
196.8, 1.74
196.875, 1.75
196.95, 1.7
197.025, 1.72
197.1, 1.6
197.175, 1.52
197.25, 1.45
197.325, 1.44
197.4, 1.39
197.475, 1.44
197.55, 1.44
197.625, 1.45
197.7, 1.43
197.775, 1.43
197.85, 1.37
197.925, 1.32
198, 1.18
198.075, 1.15
198.15, 1.06
198.225, 0.98
198.3, 0.89
198.375, 0.71
198.45, 0.64
198.525, 0.52
198.6, 0.46
198.675, 0.46
198.75, 0.44
198.825, 0.41
198.9, 0.32
198.975, 0.19
199.05, 0.1
199.125, 0.08
199.2, 0.02
199.275, 0.08
199.35, 0.06
199.425, 0.12
199.5, 0.07
199.575, 0.13
199.65, 0.13
199.725, 0.11
199.8, 0.09
199.875, 0.02
199.95, 0.02
200.025, -0.01
200.1, -0.11
200.175, -0.24
200.25, -0.32
200.325, -0.4
200.4, -0.5
200.475, -0.53
200.55, -0.59
200.625, -0.67
200.7, -0.72
200.775, -0.66
200.85, -0.46
200.925, -0.14
201, 0.03
201.075, 0.01
201.15, -0.08
201.225, -0.19
201.3, -0.21
201.375, -0.18
201.45, -0.16
201.525, -0.17
201.6, -0.17
201.675, -0.18
201.75, -0.16
201.825, -0.15
201.9, -0.25
201.975, -0.26
202.05, -0.32
202.125, -0.32
202.2, -0.4
202.275, -0.48
202.35, -0.49
202.425, -0.62
202.5, -0.95
202.575, -1.19
202.65, -1.32
202.725, -1.29
202.8, -1.17
202.875, -1.19
202.95, -1.27
203.025, -1.32
203.1, -1.37
203.175, -1.34
203.25, -1.31
203.325, -1.14
203.4, -1.07
203.475, -1.06
203.55, -1.23
203.625, -1.48
203.7, -1.64
203.775, -1.69
203.85, -1.61
203.925, -1.55
204, -1.53
204.075, -1.59
204.15, -1.69
204.225, -1.79
204.3, -1.89
204.375, -1.98
204.45, -2.08
204.525, -2.18
204.6, -2.3
204.675, -2.36
204.75, -2.44
204.825, -2.44
204.9, -2.51
204.975, -2.47
205.05, -2.53
205.125, -2.49
205.2, -2.57
205.275, -2.57
205.35, -2.59
205.425, -2.68
205.5, -2.85
205.575, -3.01
205.65, -3.08
205.725, -3.12
205.8, -3.12
205.875, -3.19
205.95, -3.25
206.025, -3.28
206.1, -3.29
206.175, -3.38
206.25, -3.53
206.325, -3.68
206.4, -3.9
206.475, -4.08
206.55, -4.21
206.625, -4.3
206.7, -4.28
206.775, -4.27
206.85, -4.3
206.925, -4.4
207, -4.57
207.075, -4.81
207.15, -4.96
207.225, -5.13
207.3, -5.14
207.375, -5.21
207.45, -5.22
207.525, -5.28
207.6, -5.31
207.675, -5.36
207.75, -5.5
207.825, -5.6
207.9, -5.78
207.975, -5.85
208.05, -5.99
208.125, -6.14
208.2, -6.28
208.275, -6.33
208.35, -6.3
208.425, -6.28
208.5, -6.26
208.575, -6.28
208.65, -6.32
208.725, -6.45
208.8, -6.57
208.875, -6.73
208.95, -6.84
209.025, -6.94
209.1, -7.05
209.175, -7.12
209.25, -7.23
209.325, -7.35
209.4, -7.45
209.475, -7.5
209.55, -7.55
209.625, -7.62
209.7, -7.71
209.775, -7.64
209.85, -7.46
209.925, -7.42
210, -7.34
210.075, -7.4
210.15, -7.34
210.225, -7.42
210.3, -7.49
210.375, -7.6
210.45, -7.75
210.525, -7.77
210.6, -7.88
210.675, -7.96
210.75, -8.1
210.825, -8.15
210.9, -8.19
210.975, -8.16
211.05, -8.23
211.125, -8.25
211.2, -8.33
211.275, -8.34
211.35, -8.39
211.425, -8.39
211.5, -8.43
211.575, -8.57
211.65, -8.71
211.725, -8.89
211.8, -9.04
211.875, -9.29
211.95, -9.52
212.025, -9.73
212.1, -9.86
212.175, -9.86
212.25, -9.87
212.325, -9.81
212.4, -9.85
212.475, -9.97
212.55, -9.99
212.625, -10.12
212.7, -10.17
212.775, -10.32
212.85, -10.58
212.925, -10.84
213, -11.13
213.075, -11.28
213.15, -11.34
213.225, -11.47
213.3, -11.5
213.375, -11.59
213.45, -11.58
213.525, -11.67
213.6, -11.88
213.675, -12.02
213.75, -12.11
213.825, -12.22
213.9, -12.41
213.975, -12.51
214.05, -12.61
214.125, -12.58
214.2, -12.55
214.275, -12.6
214.35, -12.67
214.425, -12.73
214.5, -12.82
214.575, -12.87
214.65, -12.9
214.725, -12.98
214.8, -13.07
214.875, -13.22
214.95, -13.39
215.025, -13.56
215.1, -13.6
215.175, -13.64
215.25, -13.63
215.325, -13.68
215.4, -13.72
215.475, -13.74
215.55, -13.78
215.625, -13.76
215.7, -13.76
215.775, -13.8
215.85, -13.95
215.925, -14.04
216, -14.16
216.075, -14.24
216.15, -14.37
216.225, -14.47
216.3, -14.7
216.375, -14.76
216.45, -14.85
216.525, -14.9
216.6, -14.89
216.675, -14.93
216.75, -14.91
216.825, -14.91
216.9, -14.95
216.975, -14.88
217.05, -14.79
217.125, -14.74
217.2, -14.75
217.275, -14.85
217.35, -14.9
217.425, -15.01
217.5, -15.11
217.575, -15.23
217.65, -15.3
217.725, -15.33
217.8, -15.43
217.875, -15.46
217.95, -15.52
218.025, -15.64
218.1, -15.74
218.175, -15.89
218.25, -15.96
218.325, -16.09
218.4, -16.06
218.475, -16.06
218.55, -16.06
218.625, -16.17
218.7, -16.25
218.775, -16.26
218.85, -16.23
218.925, -16.2
219, -16.23
219.075, -16.39
219.15, -16.54
219.225, -16.57
219.3, -16.62
219.375, -16.6
219.45, -16.63
219.525, -16.67
219.6, -16.79
219.675, -16.85
219.75, -16.93
219.825, -17.02
219.9, -17.31
219.975, -17.57
220.05, -17.77
220.125, -17.78
220.2, -17.78
220.275, -17.73
220.35, -17.77
220.425, -17.88
220.5, -18.05
220.575, -18.14
220.65, -18.15
220.725, -18.26
220.8, -18.3
220.875, -18.3
220.95, -18.01
221.025, -17.17
221.1, -16.16
221.175, -15.64
221.25, -16.4
221.325, -18.1
221.4, -19.37
221.475, -20
221.55, -19.7
221.625, -19.65
221.7, -19.63
221.775, -19.68
221.85, -19.83
221.925, -19.96
222, -20.19
222.075, -20.36
222.15, -20.53
222.225, -20.68
222.3, -20.8
222.375, -20.86
222.45, -20.95
222.525, -20.93
222.6, -20.97
222.675, -20.99
222.75, -21.08
222.825, -21.16
222.9, -21.15
222.975, -21.06
223.05, -20.91
223.125, -20.76
223.2, -20.72
223.275, -20.65
223.35, -20.64
223.425, -20.57
223.5, -20.51
223.575, -20.45
223.65, -20.43
223.725, -20.32
223.8, -20.3
223.875, -20.22
223.95, -20.26
224.025, -20.24
224.1, -20.23
224.175, -20.17
224.25, -20.1
224.325, -20.05
224.4, -19.94
224.475, -19.84
224.55, -19.87
224.625, -19.83
224.7, -19.85
224.775, -19.78
224.85, -19.74
224.925, -19.74
225, -19.66
225.075, -19.62
225.15, -19.62
225.225, -19.6
225.3, -19.64
225.375, -19.62
225.45, -19.62
225.525, -19.58
225.6, -19.59
225.675, -19.6
225.75, -19.72
225.825, -19.74
225.9, -19.75
225.975, -19.68
226.05, -19.68
226.125, -19.59
226.2, -19.44
226.275, -19.21
226.35, -19.06
226.425, -18.91
226.5, -18.77
226.575, -18.59
226.65, -18.46
226.725, -18.43
226.8, -18.38
226.875, -18.37
226.95, -18.38
227.025, -18.31
227.1, -18.22
227.175, -18.04
227.25, -17.81
227.325, -17.67
227.4, -17.51
227.475, -17.24
227.55, -16.93
227.625, -16.61
227.7, -16.31
227.775, -16.15
227.85, -15.97
227.925, -15.95
228, -15.9
228.075, -15.93
228.15, -15.96
228.225, -15.96
228.3, -15.89
228.375, -15.77
228.45, -15.69
228.525, -15.73
228.6, -15.74
228.675, -15.77
228.75, -15.75
228.825, -15.78
228.9, -15.69
228.975, -15.5
229.05, -15.24
229.125, -14.97
229.2, -14.77
229.275, -14.64
229.35, -14.53
229.425, -14.46
229.5, -14.32
229.575, -14.29
229.65, -14.29
229.725, -14.31
229.8, -14.23
229.875, -14.17
229.95, -13.98
230.025, -13.86
230.1, -13.71
230.175, -13.56
230.25, -13.48
230.325, -13.32
230.4, -13.2
230.475, -13.05
230.55, -12.84
230.625, -12.63
230.7, -12.44
230.775, -12.3
230.85, -12.16
230.925, -12.06
231, -11.99
231.075, -11.82
231.15, -11.62
231.225, -11.36
231.3, -11.21
231.375, -11.26
231.45, -11.58
231.525, -12.3
231.6, -12.59
231.675, -12.46
231.75, -11.75
231.825, -10.99
231.9, -10.56
231.975, -10.26
232.05, -10.03
232.125, -9.97
232.2, -9.87
232.275, -9.75
232.35, -9.62
232.425, -9.43
232.5, -9.2
232.575, -8.82
232.65, -8.4
232.725, -7.98
232.8, -7.67
232.875, -7.48
232.95, -7.24
233.025, -7.02
233.1, -6.78
233.175, -6.55
233.25, -6.42
233.325, -6.25
233.4, -6.03
233.475, -5.87
233.55, -5.68
233.625, -5.54
233.7, -5.41
233.775, -5.27
233.85, -5.25
233.925, -5.17
234, -5.07
234.075, -5
234.15, -4.94
234.225, -4.74
234.3, -4.57
234.375, -4.37
234.45, -4.15
234.525, -4
234.6, -3.91
234.675, -3.85
234.75, -3.89
234.825, -3.78
234.9, -3.58
234.975, -3.35
235.05, -3.17
235.125, -3.01
235.2, -2.78
235.275, -2.64
235.35, -2.45
235.425, -2.28
235.5, -2.11
235.575, -1.92
235.65, -1.75
235.725, -1.61
235.8, -1.49
235.875, -1.41
235.95, -1.41
236.025, -1.42
236.1, -1.34
236.175, -1.14
236.25, -0.85
236.325, -0.58
236.4, -0.4
236.475, -0.24
236.55, -0.13
236.625, -0.03
236.7, 0.02
236.775, 0.13
236.85, 0.3
236.925, 0.55
237, 0.75
237.075, 0.9
237.15, 0.99
237.225, 1.09
237.3, 1.19
237.375, 1.29
237.45, 1.48
237.525, 1.58
237.6, 1.64
237.675, 1.7
237.75, 1.75
237.825, 1.81
237.9, 1.85
237.975, 1.91
238.05, 2.06
238.125, 2.17
238.2, 2.33
238.275, 2.45
238.35, 2.56
238.425, 2.63
238.5, 2.62
238.575, 2.58
238.65, 2.59
238.725, 2.63
238.8, 2.76
238.875, 2.83
238.95, 2.91
239.025, 2.97
239.1, 3.06
239.175, 3.13
239.25, 3.15
239.325, 3.19
239.4, 3.27
239.475, 3.38
239.55, 3.55
239.625, 3.77
239.7, 3.86
239.775, 3.92
239.85, 3.9
239.925, 3.85
240, 3.87
240.075, 3.87
240.15, 3.9
240.225, 3.9
240.3, 3.91
240.375, 3.92
240.45, 3.92
240.525, 3.96
240.6, 4.05
240.675, 4.18
240.75, 4.35
240.825, 4.5
240.9, 4.64
240.975, 4.74
241.05, 4.86
241.125, 4.96
241.2, 5.08
241.275, 5.13
241.35, 5.29
241.425, 5.4
241.5, 5.47
241.575, 5.5
241.65, 5.48
241.725, 5.53
241.8, 5.58
241.875, 5.62
241.95, 5.55
242.025, 5.55
242.1, 5.49
242.175, 5.54
242.25, 5.54
242.325, 5.59
242.4, 5.54
242.475, 5.44
242.55, 5.34
242.625, 5.31
242.7, 5.16
242.775, 5.05
242.85, 4.89
242.925, 4.79
243, 4.76
243.075, 4.65
243.15, 4.58
243.225, 4.54
243.3, 4.59
243.375, 4.67
243.45, 4.66
243.525, 4.65
243.6, 4.77
243.675, 4.83
243.75, 4.96
243.825, 4.93
243.9, 4.79
243.975, 4.2
244.05, 3.08
244.125, 1.72
244.2, 1.35
244.275, 1.79
244.35, 2.97
244.425, 3.59
244.5, 3.79
244.575, 3.83
244.65, 3.84
244.725, 3.86
244.8, 3.94
244.875, 3.87
244.95, 3.89
245.025, 3.86
245.1, 3.85
245.175, 3.81
245.25, 3.77
245.325, 3.83
245.4, 3.86
245.475, 3.92
245.55, 4.02
245.625, 4.08
245.7, 4.3
245.775, 4.35
245.85, 4.5
245.925, 4.59
246, 4.71
246.075, 4.83
246.15, 4.78
246.225, 4.8
246.3, 4.83
246.375, 4.98
246.45, 5.24
246.525, 5.36
246.6, 5.46
246.675, 5.48
246.75, 5.56
246.825, 5.69
246.9, 5.75
246.975, 5.77
247.05, 5.66
247.125, 5.52
247.2, 5.43
247.275, 5.39
247.35, 5.37
247.425, 5.46
247.5, 5.65
247.575, 5.79
247.65, 5.91
247.725, 5.96
247.8, 6.08
247.875, 6.21
247.95, 6.36
248.025, 6.6
248.1, 6.85
248.175, 7.09
248.25, 7.31
248.325, 7.21
248.4, 7.21
248.475, 7.13
248.55, 7.14
248.625, 7.37
248.7, 7.53
248.775, 7.7
248.85, 7.81
248.925, 7.84
249, 7.92
249.075, 8.06
249.15, 8.23
249.225, 8.29
249.3, 8.27
249.375, 8.22
249.45, 8.18
249.525, 8.27
249.6, 8.32
249.675, 8.36
249.75, 8.44
249.825, 8.53
249.9, 8.67
249.975, 8.77
250.05, 8.85
250.125, 8.97
250.2, 9.12
250.275, 9.23
250.35, 9.39
250.425, 9.45
250.5, 9.56
250.575, 9.68
250.65, 9.76
250.725, 9.84
250.8, 9.87
250.875, 9.87
250.95, 9.87
251.025, 9.9
251.1, 9.93
251.175, 10.16
251.25, 10.43
251.325, 10.69
251.4, 10.85
251.475, 10.77
251.55, 10.68
251.625, 10.62
251.7, 10.64
251.775, 10.68
251.85, 10.75
251.925, 10.73
252, 10.69
252.075, 10.6
252.15, 10.44
252.225, 10.42
252.3, 10.47
252.375, 10.52
252.45, 10.6
252.525, 10.59
252.6, 10.64
252.675, 10.7
252.75, 10.72
252.825, 10.6
252.9, 10.42
252.975, 10.37
253.05, 10.37
253.125, 10.31
253.2, 10.27
253.275, 10.21
253.35, 10.07
253.425, 9.99
253.5, 9.93
253.575, 9.77
253.65, 9.69
253.725, 9.52
253.8, 9.48
253.875, 9.53
253.95, 9.48
254.025, 9.33
254.1, 9.12
254.175, 8.84
254.25, 8.63
254.325, 8.5
254.4, 8.4
254.475, 8.49
254.55, 8.46
254.625, 8.47
254.7, 8.42
254.775, 8.45
254.85, 8.27
254.925, 8.12
255, 7.85
255.075, 7.65
255.15, 7.59
255.225, 7.59
255.3, 7.57
255.375, 7.43
255.45, 7.19
255.525, 6.95
255.6, 6.65
255.675, 6.35
255.75, 6.06
255.825, 5.82
255.9, 5.74
255.975, 5.75
256.05, 5.73
256.125, 5.76
256.2, 5.68
256.275, 5.58
256.35, 5.4
256.425, 4.98
256.5, 3.82
256.575, 2.09
256.65, 1.26
256.725, 1.22
256.8, 2.26
256.875, 2.76
256.95, 2.81
257.025, 2.95
257.1, 3.01
257.175, 2.97
257.25, 2.82
257.325, 2.68
257.4, 2.57
257.475, 2.5
257.55, 2.45
257.625, 2.36
257.7, 2.27
257.775, 2.11
257.85, 1.95
257.925, 1.65
258, 1.27
258.075, 1
258.15, 0.69
258.225, 0.5
258.3, 0.21
258.375, -0.02
258.45, -0.24
258.525, -0.53
258.6, -0.68
258.675, -0.71
258.75, -0.74
258.825, -0.84
258.9, -1
258.975, -1.24
259.05, -1.37
259.125, -1.56
259.2, -1.71
259.275, -1.9
259.35, -2.17
259.425, -2.35
259.5, -2.55
259.575, -2.76
259.65, -3
259.725, -3.19
259.8, -3.34
259.875, -3.53
259.95, -3.76
260.025, -3.97
260.1, -4.18
260.175, -4.33
260.25, -4.57
260.325, -4.82
260.4, -5.09
260.475, -5.27
260.55, -5.43
260.625, -5.52
260.7, -5.68
260.775, -5.81
260.85, -6.1
260.925, -6.45
261, -6.83
261.075, -7.17
261.15, -7.49
261.225, -7.8
261.3, -8.12
261.375, -8.29
261.45, -8.48
261.525, -8.65
261.6, -8.72
261.675, -8.83
261.75, -8.94
261.825, -9.04
261.9, -9.23
261.975, -9.55
262.05, -10.51
262.125, -11.8
262.2, -12.71
262.275, -12.85
262.35, -12.23
262.425, -11.72
262.5, -11.69
262.575, -11.84
262.65, -12.04
262.725, -12.17
262.8, -12.27
262.875, -12.43
262.95, -12.63
263.025, -12.89
263.1, -13.09
263.175, -13.06
263.25, -13.04
263.325, -13.02
263.4, -13.02
263.475, -13.05
263.55, -13.08
263.625, -13.22
263.7, -13.37
263.775, -13.49
263.85, -13.65
263.925, -13.73
264, -13.83
264.075, -13.9
264.15, -14.02
264.225, -14.22
264.3, -14.45
264.375, -14.63
264.45, -14.84
264.525, -15.08
264.6, -15.36
264.675, -15.6
264.75, -15.77
264.825, -15.97
264.9, -16.17
264.975, -16.45
265.05, -16.62
265.125, -16.73
265.2, -16.84
265.275, -17.03
265.35, -17.17
265.425, -17.29
265.5, -17.27
265.575, -17.45
265.65, -17.62
265.725, -17.72
265.8, -17.8
265.875, -17.91
265.9, -17.91
265.95, -1.25
ENDTABLE
#RadioCtrl0 1    
#RadioCtrl1 1    



#EMBEDDED_NOTES
#Road roughness is elevation of the road that is added under the tires as the vehicle travels. It is not seen in the animator.
#
#Rough Road 05:
#
#Asphalt with Sharp Dips
#77 in/mi (1.215 m/km) IRI
#Test Road Speed Limit = 70 mph (112.65 kph)
#I-94 East, MP 161
#
#IRI = International Roughness Index
#
#END_EMBEDDED_NOTES

LOG_ENTRY Used Dataset: Surface: Roughness Profiles; { Road Roughness: Sample Data } Rough Road 05 - 77 in/mi (1.125 m/km)
#Library : Surface: Roughness Profiles
#DataSet : Rough Road 05 - 77 in/mi (1.125 m/km)
#Category: Road Roughness: Sample Data
#FileID  : Profile_4cb6f480-79f3-4d8a-b6e7-22704ba0de92
#Product : TruckSim 2020.1
#VehCode Roughness Profile

END
