PARSFILE
#FullDataName Surface: Roughness Profiles`Rough Road 01 - 242 in/mi (3.82 m/km)`Road Roughness: Sample Data
#CheckBox0 0    

#RingCtrl0 LINEAR_LOOP
#DiagramOne0
ISIDE 1
Z_PROFILE_TABLE LINEAR_LOOP
0, -0.93
0.1, -1.65
0.2, -1.93
0.3, -1.98
0.4, -1.72
0.5, -1.49
0.6, -1.22
0.7, -1.19
0.8, -1.06
0.9, -0.75
1, -0.43
1.1, -0.76
1.2, -1.03
1.3, -0.9
1.4, -0.26
1.5, 0.65
1.6, 1.26
1.7, 1.62
1.8, 1.85
1.9, 2.01
2, 2.22
2.1, 2.31
2.2, 2.24
2.3, 2.36
2.4, 2.87
2.5, 3.11
2.6, 3.29
2.7, 3.39
2.8, 3.52
2.9, 3.81
3, 1.1
3.1, -2.57
3.2, -6.46
3.3, -5.25
3.4, -4.75
3.5, -3.86
3.6, -3.06
3.7, -2.86
3.8, -2.89
3.9, -2.88
4, -2.04
4.1, -1.55
4.2, -1.33
4.3, -1.17
4.4, -0.59
4.5, -0.23
4.6, -0.23
4.7, -0.22
4.8, -0.11
4.9, 0.29
5, -0.02
5.1, -0.23
5.2, 0.08
5.3, 0.81
5.4, 1.24
5.5, 1.33
5.6, 1.34
5.7, 1.31
5.8, 1.5
5.9, 1.84
6, 1.92
6.1, 1.72
6.2, 1.83
6.3, 1.87
6.4, 2.13
6.5, 2.08
6.6, 2.1
6.7, 1.02
6.8, -5.66
6.9, -9.4
7, -8.05
7.1, -7.61
7.2, -7.83
7.3, -7.77
7.4, -7.81
7.5, -7.75
7.6, -7.26
7.7, -6.94
7.8, -6.73
7.9, -6.29
8, -5.78
8.1, -5.52
8.2, -5.42
8.3, -5.18
8.4, -4.48
8.5, -3.89
8.6, -3.63
8.7, -3.31
8.8, -3.14
8.9, -2.97
9, -3.01
9.1, -2.24
9.2, -1.08
9.3, -0.44
9.4, -0.31
9.5, -0.35
9.6, -1.13
9.7, -2.23
9.8, -2.44
9.9, -1.17
10, -1
10.1, -0.28
10.2, 0.62
10.3, 1.7
10.4, 2.49
10.5, 2.7
10.6, 3.21
10.7, 3.43
10.8, 3.14
10.9, 2.72
11, 3.19
11.1, 3.7
11.2, 4.22
11.3, 4.16
11.4, 4.08
11.5, 4.05
11.6, 3.58
11.7, 3.54
11.8, 3.61
11.9, 3.09
12, 3.19
12.1, 3.85
12.2, 4.2
12.3, 4.54
12.4, 4.83
12.5, 4.9
12.6, 4.74
12.7, 1.74
12.8, -0.49
12.9, -0.52
13, -0.38
13.1, -0.09
13.2, 0.25
13.3, 0.77
13.4, 1.08
13.5, 1.49
13.6, 1.87
13.7, 2.18
13.8, 2.36
13.9, 2.45
14, 2.58
14.1, 2.63
14.2, 2.88
14.3, 2.94
14.4, 3.13
14.5, 3.5
14.6, 4.05
14.7, 4.51
14.8, 4.93
14.9, 5.5
15, 6.01
15.1, 6.32
15.2, 4.98
15.3, 2.69
15.4, 0.73
15.5, 0.91
15.6, 1.09
15.7, 1.08
15.8, 0.96
15.9, 1.28
16, 1.61
16.1, 1.8
16.2, 2.08
16.3, 2.32
16.4, 2.6
16.5, 2.69
16.6, 2.96
16.7, 3.27
16.8, 3.64
16.9, 3.87
17, 3.81
17.1, 3.76
17.2, 3.76
17.3, 3.61
17.4, 3.52
17.5, 3.44
17.6, 3.38
17.7, 3
17.8, 2.51
17.9, 2.14
18, 1.98
18.1, 1.41
18.2, 1.1
18.3, 1.57
18.4, 1.8
18.5, 1.41
18.6, 0.51
18.7, 0.96
18.8, 1.4
18.9, 1.94
19, 1.95
19.1, 2.32
19.2, 2.69
19.3, 3.01
19.4, 3.36
19.5, 3.58
19.6, 4.04
19.7, 4.42
19.8, 4.43
19.9, 4.35
20, 4.98
20.1, 5.55
20.2, 5.81
20.3, 5.56
20.4, 5.39
20.5, 5.79
20.6, 6.12
20.7, 6.3
20.8, 6.44
20.9, 6.55
21, 6.68
21.1, 6.65
21.2, 6.66
21.3, 6.9
21.4, 6.94
21.5, 6.73
21.6, 6.53
21.7, 6.6
21.8, 6.58
21.9, 6.61
22, 6.5
22.1, 6.25
22.2, 6.14
22.3, 6.34
22.4, 6.77
22.5, 6.71
22.6, 6.57
22.7, 6.36
22.8, 6.79
22.9, 7.56
23, 8.02
23.1, 8.43
23.2, 8.65
23.3, 8.72
23.4, 8.61
23.5, 8.45
23.6, 8.55
23.7, 8.45
23.8, 8.03
23.9, 7.94
24, 8.22
24.1, 8.58
24.2, 8.88
24.3, 8.85
24.4, 8.74
24.5, 8.66
24.6, 8.52
24.7, 8.67
24.8, 8.8
24.9, 8.58
25, 8.27
25.1, 7.98
25.2, 7.21
25.3, 6.61
25.4, 6.33
25.5, 6.16
25.6, 6.22
25.7, 6.44
25.8, 6.36
25.9, 6.05
26, 5.8
26.1, 5.69
26.2, 5.43
26.3, 5.27
26.4, 4.77
26.5, 4.3
26.6, 3.97
26.7, 3.58
26.8, 3.27
26.9, 3.62
27, 4.08
27.1, 4.39
27.2, 4.41
27.3, 4.4
27.4, 4.31
27.5, 4.25
27.6, 4.38
27.7, 4.45
27.8, 4.49
27.9, 4.52
28, 4.3
28.1, 3.97
28.2, 3.92
28.3, 3.89
28.4, 3.59
28.5, 3.81
28.6, 3.83
28.7, 3.96
28.8, 3.84
28.9, 3.95
29, 4.17
29.1, 4.55
29.2, 4.5
29.3, 4.53
29.4, 4.79
29.5, 5.17
29.6, 5.63
29.7, 6.05
29.8, 6.09
29.9, 5.55
30, 5.55
30.1, 5.9
30.2, 6
30.3, 5.72
30.4, 5.78
30.5, 5.76
30.6, 5.7
30.7, 5.53
30.8, 5.67
30.9, 5.87
31, 6.28
31.1, 6.16
31.2, 5.77
31.3, 4.93
31.4, 4.39
31.5, 4.48
31.6, 6.41
31.7, 7.21
31.8, 8.23
31.9, 8.8
32, 8.56
32.1, 8.11
32.2, 8.24
32.3, 8.72
32.4, 9.07
32.5, 9.21
32.6, 9.57
32.7, 10.4
32.8, 10.99
32.9, 11.03
33, 10.87
33.1, 10.96
33.2, 11.1
33.3, 11.16
33.4, 11.54
33.5, 12.17
33.6, 12.36
33.7, 11.94
33.8, 12.01
33.9, 12.54
34, 13.05
34.1, 13.21
34.2, 13.38
34.3, 13.75
34.4, 14.25
34.5, 14.44
34.6, 14.59
34.7, 14.7
34.8, 14.87
34.9, 14.81
35, 14.53
35.1, 14.25
35.2, 14.11
35.3, 14.05
35.4, 13.99
35.5, 13.67
35.6, 13.24
35.7, 13.15
35.8, 13.38
35.9, 13.14
36, 12.67
36.1, 12.59
36.2, 12.78
36.3, 12.73
36.4, 12.7
36.5, 12.57
36.6, 11.82
36.7, 9.42
36.8, 7.74
36.9, 8.3
37, 8.81
37.1, 9.19
37.2, 9.24
37.3, 9.11
37.4, 8.88
37.5, 8.76
37.6, 9.02
37.7, 9.19
37.8, 8.97
37.9, 8.62
38, 8.44
38.1, 8.39
38.2, 8.3
38.3, 7.96
38.4, 7.88
38.5, 8.17
38.6, 8.54
38.7, 8.77
38.8, 8.91
38.9, 8.84
39, 8.48
39.1, 8.4
39.2, 8.53
39.3, 8.63
39.4, 8.63
39.5, 8.47
39.6, 7.96
39.7, 7.69
39.8, 7.68
39.9, 7.87
40, 7.59
40.1, 7.51
40.2, 7.39
40.3, 7.42
40.4, 7.4
40.5, 7.29
40.6, 7.05
40.7, 7.1
40.8, 7.48
40.9, 7.47
41, 7.19
41.1, 7.02
41.2, 7.21
41.3, 7.51
41.4, 7.47
41.5, 7.46
41.6, 7.52
41.7, 7.82
41.8, 6.48
41.9, 2.85
42, -0.8
42.1, -1.15
42.2, -1.24
42.3, -1.43
42.4, -1.41
42.5, -0.74
42.6, -0.13
42.7, 0.02
42.8, -0.01
42.9, 0.44
43, 0.93
43.1, 1.08
43.2, 0.9
43.3, 0.68
43.4, 0.73
43.5, 1.15
43.6, 1.33
43.7, 1.49
43.8, 1.66
43.9, 1.58
44, 1.59
44.1, 1.78
44.2, 1.89
44.3, 1.9
44.4, 2.18
44.5, 2.47
44.6, 2.45
44.7, 2.4
44.8, 2.73
44.9, 3.01
45, 3.19
45.1, 2.14
45.2, 2.16
45.3, 2.43
45.4, 2.84
45.5, 2.38
45.6, 1.9
45.7, 1.44
45.8, 1.25
45.9, 1.47
46, 1.56
46.1, 1.43
46.2, 1.46
46.3, 1.44
46.4, 1.54
46.5, 1.54
46.6, 1.43
46.7, 1.39
46.8, 1.33
46.9, 1.25
47, 1.32
47.1, 1.35
47.2, 1.41
47.3, 1.22
47.4, 0.98
47.5, 0.81
47.6, 0.71
47.7, 0.78
47.8, 0.95
47.9, 1
48, 0.85
48.1, 0.56
48.2, 0.35
48.3, 0.12
48.4, 0.07
48.5, -0.15
48.6, -0.17
48.7, -0.03
48.8, 0.45
48.9, 0.81
49, 0.7
49.1, 0.52
49.2, 0.38
49.3, 0.55
49.4, 0.74
49.5, 0.98
49.6, 1.04
49.7, 1.05
49.8, 0.85
49.9, 0.63
50, 0.36
50.1, 0.09
50.2, -0.39
50.3, -0.6
50.4, -0.37
50.5, -0.21
50.6, -0.65
50.7, -0.99
50.8, -0.9
50.9, -1.08
51, -1.55
51.1, -1.52
51.2, -1.35
51.3, -1.33
51.4, -1.61
51.5, -1.59
51.6, -1.48
51.7, -1.49
51.8, -1.69
51.9, -1.37
52, -0.93
52.1, -0.85
52.2, -1.1
52.3, -1.43
52.4, -1.4
52.5, -1.07
52.6, -0.54
52.7, -0.43
52.8, -0.69
52.9, -0.85
53, -1.94
53.1, -1.78
53.2, -2.03
53.3, -1.3
53.4, -1.9
53.5, -2.29
53.6, -2.36
53.7, -2.38
53.8, -2.51
53.9, -2.61
54, -2.67
54.1, -2.71
54.2, -2.75
54.3, -2.74
54.4, -2.69
54.5, -2.67
54.6, -2.72
54.7, -2.73
54.8, -2.75
54.9, -2.84
55, -2.9
55.1, -3.02
55.2, -3.31
55.3, -3.49
55.4, -3.46
55.5, -3.4
55.6, -3.16
55.7, -3.34
55.8, -3.57
55.9, -3.62
56, -3.66
56.1, -3.74
56.2, -3.93
56.3, -3.85
56.4, -3.73
56.5, -3.62
56.6, -3.74
56.7, -5.18
56.8, -7.14
56.9, -8.49
57, -8.72
57.1, -8.56
57.2, -7.94
57.3, -7.5
57.4, -6.87
57.5, -6.53
57.6, -6.64
57.7, -6.79
57.8, -6.36
57.9, -5.59
58, -4.91
58.1, -4.56
58.2, -4.1
58.3, -3.6
58.4, -3.15
58.5, -2.92
58.6, -2.74
58.7, -2.8
58.8, -2.96
58.9, -2.72
59, -2.41
59.1, -1.82
59.2, -1.44
59.3, -0.89
59.4, -1.18
59.5, -1.05
59.6, -0.9
59.7, -0.78
59.8, -0.69
59.9, -0.75
60, -0.75
60.1, -0.88
60.2, -1.3
60.3, -2.18
60.4, -2.65
60.5, -3.1
60.6, -3.6
60.7, -4.46
60.8, -4.87
60.9, -5.11
61, -5.36
61.1, -5.49
61.2, -5.95
61.3, -6.13
61.4, -6.38
61.5, -6.65
61.6, -7.66
61.7, -8.11
61.8, -7.87
61.9, -7.12
62, -7.31
62.1, -7.3
62.2, -6.76
62.3, -6.42
62.4, -6.3
62.5, -6.23
62.6, -6.31
62.7, -6.54
62.8, -6.62
62.9, -6.55
63, -6.45
63.1, -6.11
63.2, -6.07
63.3, -6.42
63.4, -7.19
63.5, -7.65
63.6, -7.64
63.7, -7.44
63.8, -7.13
63.9, -6.85
64, -6.79
64.1, -6.73
64.2, -6.75
64.3, -6.77
64.4, -6.72
64.5, -6.37
64.6, -6.18
64.7, -6.04
64.8, -6.24
64.9, -5.91
65, -5.44
65.1, -5.3
65.2, -5.43
65.3, -5.64
65.4, -5.47
65.5, -5.5
65.6, -5.73
65.7, -5.97
65.8, -5.97
65.9, -5.65
66, -5.21
66.1, -5.27
66.2, -5.66
66.3, -5.96
66.4, -5.61
66.5, -4.67
66.6, -3.44
66.7, -2.84
66.8, -2.49
66.9, -2.82
67, -2.95
67.1, -3.32
67.2, -3.87
67.3, -4.61
67.4, -5.19
67.5, -5.4
67.6, -5.54
67.7, -5.34
67.8, -5.08
67.9, -4.71
68, -4.3
68.1, -4.23
68.2, -4.31
68.3, -4.44
68.4, -4.42
68.5, -4.11
68.6, -3.74
68.7, -4
68.8, -4.1
68.9, -3.79
69, -3.41
69.1, -3.17
69.2, -3.23
69.3, -3.59
69.4, -3.82
69.5, -3.82
69.6, -3.79
69.7, -3.81
69.8, -3.84
69.9, -3.61
70, -3.52
70.1, -3.25
70.2, -2.8
70.3, -1.93
70.4, -1.34
70.5, -1.58
70.6, -2.07
70.7, -1.88
70.8, -1.22
70.9, -0.69
71, -0.53
71.1, -0.27
71.2, 0
71.3, 0.39
71.4, 0.52
71.5, 0.47
71.6, 0.54
71.7, 0.71
71.8, 0.87
71.9, 0.98
72, 0.96
72.1, 0.79
72.2, 0.95
72.3, 1.27
72.4, 1.98
72.5, 2.33
72.6, 2.35
72.7, 2.42
72.8, 2.61
72.9, 2.84
73, 3.18
73.1, 3.52
73.2, 3.61
73.3, 3.63
73.4, 4.07
73.5, 4.52
73.6, 5.11
73.7, 5.66
73.8, 6.35
73.9, 6.62
74, 6.79
74.1, 7.17
74.2, 7.25
74.3, 7.18
74.4, 7.11
74.5, 7.45
74.6, 7.47
74.7, 6.45
74.8, 6
74.9, 6.83
75, 6.63
75.1, 6.63
75.2, 6.56
75.3, 6.37
75.4, 6.17
75.5, 5.92
75.6, 5.28
75.7, 5.36
75.8, 5.85
75.9, 5.84
76, 5.62
76.1, 5.37
76.2, 4.96
76.3, 5.06
76.4, 5.04
76.5, 4.89
76.6, 4.73
76.7, 4.62
76.8, 4.69
76.9, 4.29
77, 3.99
77.1, 3.97
77.2, 4.1
77.3, 4.14
77.4, 3.99
77.5, 3.97
77.6, 4.34
77.7, 4.56
77.8, 4.24
77.9, 3.55
78, 3.47
78.1, 3.8
78.2, 4.02
78.3, 4.36
78.4, 5.04
78.5, 5.35
78.6, 5.35
78.7, 5.11
78.8, 4.94
78.9, 4.81
79, 5.17
79.1, 5.18
79.2, 4.75
79.3, 4.25
79.4, 4.38
79.5, 5.21
79.6, 5.5
79.7, 5.33
79.8, 5.46
79.9, 5.58
80, 6.18
80.1, 6.99
80.2, 7.25
80.3, 7.26
80.4, 7.55
80.5, 7.39
80.6, 7.47
80.7, 7.75
80.8, 8.17
80.9, 5.19
81, 2.15
81.1, 0.71
81.2, 0.69
81.3, 1.31
81.4, 1.92
81.5, 2.58
81.6, 2.95
81.7, 3.39
81.8, 3.85
81.9, 4.22
82, 4.39
82.1, 4.18
82.2, 4.3
82.3, 4.54
82.4, 5.12
82.5, 5.52
82.6, 5.79
82.7, 6.05
82.8, 6.41
82.9, 6.85
83, 7.2
83.1, 7.02
83.2, 6.91
83.3, 6.9
83.4, 7.11
83.5, 7.53
83.6, 8.42
83.7, 9.05
83.8, 9.75
83.9, 9.98
84, 10.61
84.1, 10.93
84.2, 10.78
84.3, 10.95
84.4, 11.28
84.5, 11.13
84.6, 10.9
84.7, 11.48
84.8, 12.28
84.9, 12.43
85, 12.76
85.1, 13.07
85.2, 13.15
85.3, 12.91
85.4, 12.66
85.5, 12.53
85.6, 12.81
85.7, 13.13
85.8, 12.83
85.9, 12.77
86, 12.46
86.1, 12.18
86.2, 11.94
86.3, 11.71
86.4, 11.49
86.5, 11.13
86.6, 10.95
86.7, 10.8
86.8, 10.83
86.9, 10.56
87, 10.47
87.1, 9.82
87.2, 9.05
87.3, 8.78
87.4, 9.15
87.5, 9.57
87.6, 9.61
87.7, 9.96
87.8, 10.34
87.9, 10.49
88, 10.5
88.1, 10.53
88.2, 10.54
88.3, 10.54
88.4, 11.18
88.5, 11.73
88.6, 11.99
88.7, 11.58
88.8, 10.71
88.9, 10.41
89, 10.23
89.1, 9.67
89.2, 9.04
89.3, 8.84
89.4, 8.79
89.5, 7.83
89.6, 7.16
89.7, 6.61
89.8, 6.28
89.9, 5.93
90, 5.67
90.1, 5.3
90.2, 4.53
90.3, 4.19
90.4, 3.67
90.5, 3.53
90.6, 3.83
90.7, 4.18
90.8, 4.21
90.9, 4.02
91, 3.94
91.1, 3.64
91.2, 3.38
91.3, 3.38
91.4, 3.77
91.5, 3.99
91.6, 3.84
91.7, 3.3
91.8, 3.13
91.9, 3.2
92, 3.84
92.1, 4.58
92.2, 5.17
92.3, 5.38
92.4, 5.68
92.5, 6.07
92.6, 6.71
92.7, 6.74
92.8, 6.52
92.9, 6.56
93, 7.51
93.1, 8.31
93.2, 8.87
93.3, 9.05
93.4, 9.43
93.5, 10.01
93.6, 10.52
93.7, 10.96
93.8, 11.36
93.9, 11.54
94, 11.77
94.1, 12.1
94.2, 12.54
94.3, 12.52
94.4, 11.63
94.5, 10.77
94.6, 10.52
94.7, 10.84
94.8, 11.35
94.9, 11.8
95, 12.47
95.1, 13.14
95.2, 13.86
95.3, 14.25
95.4, 14.41
95.5, 14.68
95.6, 15.08
95.7, 15.54
95.8, 16.25
95.9, 16.4
96, 16.38
96.1, 16.26
96.2, 16.69
96.3, 16.28
96.4, 16.64
96.5, 16.77
96.6, 17.6
96.7, 17.57
96.8, 17.63
96.9, 17.45
97, 17.93
97.1, 19.04
97.2, 19.6
97.3, 19.2
97.4, 18.74
97.5, 18.14
97.6, 18.2
97.7, 18.8
97.8, 19.57
97.9, 20.04
98, 20.38
98.1, 20.28
98.2, 19.93
98.3, 19.82
98.4, 20.28
98.5, 20.71
98.6, 21.07
98.7, 21.03
98.8, 21.59
98.9, 22.19
99, 22.18
99.1, 22.01
99.2, 22.17
99.3, 22.83
99.4, 23.19
99.5, 23.17
99.6, 22.99
99.7, 23.47
99.8, 24.11
99.9, 24.67
100, 25.02
100.1, 25.08
100.2, 24.86
100.3, 25.18
100.4, 26
100.5, 26.33
100.6, 24.67
100.7, 21.97
100.8, 19.61
100.9, 20.1
101, 20.3
101.1, 20.37
101.2, 20.23
101.3, 20.28
101.4, 20.37
101.5, 20.24
101.6, 20.12
101.7, 20
101.8, 20.03
101.9, 20.22
102, 20.41
102.1, 20.23
102.2, 19.79
102.3, 19.59
102.4, 19.6
102.5, 19.59
102.6, 19.5
102.7, 19.11
102.8, 18.63
102.9, 18.21
103, 17.7
103.1, 17.66
103.2, 17.57
103.3, 17.09
103.4, 16.15
103.5, 15.32
103.6, 15.2
103.7, 15.09
103.8, 14.62
103.9, 13.96
104, 13.67
104.1, 13.83
104.2, 14.04
104.3, 13.99
104.4, 13.58
104.5, 13.03
104.6, 12.58
104.7, 12.02
104.8, 11.62
104.9, 11.39
105, 11.14
105.1, 10.56
105.2, 9.84
105.3, 9.46
105.4, 8.74
105.5, 8.07
105.6, 7.52
105.7, 7.25
105.8, 7.1
105.9, 6.71
106, 5.94
106.1, 5.53
106.2, 5.59
106.3, 5.7
106.4, 5.61
106.5, 5.11
106.6, 3.93
106.7, 2.83
106.8, 2.29
106.9, 2.41
107, 2.09
107.1, 1.72
107.2, 1.24
107.3, 0.92
107.4, 0.78
107.5, 0.53
107.6, 0.39
107.7, 0.05
107.8, -0.19
107.9, -0.1
108, -0.39
108.1, -1.35
108.2, -2.44
108.3, -3.05
108.4, -3.39
108.5, -3.6
108.6, -4.24
108.7, -5.11
108.8, -5.7
108.9, -6.5
109, -7.62
109.1, -12.83
109.2, -17.46
109.3, -20.76
109.4, -18.64
109.5, -14.33
109.6, -10.21
109.7, -10.17
109.8, -11.09
109.9, -11.42
110, -10.99
110.1, -10.76
110.2, -10.68
110.3, -10.77
110.4, -13.86
110.5, -17.38
110.6, -19.2
110.7, -19.69
110.8, -20.13
110.9, -20.71
111, -21.32
111.1, -21.85
111.2, -21.62
111.3, -21.18
111.4, -20.17
111.5, -19.57
111.6, -19.51
111.7, -20.18
111.8, -20.93
111.9, -21.75
112, -22.74
112.1, -22.86
112.2, -23.96
112.3, -23.89
112.4, -24.39
112.5, -23.74
112.6, -23.49
112.7, -22.59
112.8, -22.03
112.9, -22.38
113, -23.21
113.1, -23.79
113.2, -23.87
113.3, -23.87
113.4, -23.5
113.5, -23.04
113.6, -21.95
113.7, -21.31
113.8, -21.1
113.9, -21.49
114, -21.16
114.1, -20.35
114.2, -20.06
114.3, -20
114.4, -19.41
114.5, -18.43
114.6, -18.09
114.7, -18.57
114.8, -19.02
114.9, -18.75
115, -17.99
115.1, -17.7
115.2, -18.43
115.3, -19.56
115.4, -20.21
115.5, -20.29
115.6, -19.78
115.7, -19.2
115.8, -18.77
115.9, -19.31
116, -24.05
116.1, -31.69
116.2, -37.49
116.3, -32.26
116.4, -24.09
116.5, -18.79
116.6, -19.23
116.7, -19.45
116.8, -20.02
116.9, -20.48
117, -20.68
117.1, -20.13
117.2, -19.56
117.3, -18.79
117.4, -18.32
117.5, -18.91
117.6, -20.04
117.7, -20.4
117.8, -20.1
117.9, -19.64
118, -20.21
118.1, -20.2
118.2, -19.7
118.3, -19.87
118.4, -19.92
118.5, -20.06
118.6, -20.33
118.7, -20.1
118.8, -19.85
118.9, -20.31
119, -21.01
119.1, -20.89
119.2, -20.61
119.3, -20.13
119.4, -20.44
119.5, -20.39
119.6, -20.21
119.7, -19.24
119.8, -18.07
119.9, -16.41
120, -14.89
120.1, -13.55
120.2, -13.15
120.3, -13.29
120.4, -13.31
120.5, -12.95
120.6, -12.59
120.7, -12.39
120.8, -12.27
120.9, -11.87
121, -11.15
121.1, -10.54
121.2, -10.43
121.3, -10.46
121.4, -10.68
121.5, -10.91
121.6, -10.94
121.7, -10.72
121.8, -11.86
121.9, -14.38
122, -16.05
122.1, -14.88
122.2, -13.81
122.3, -13.22
122.4, -12.92
122.5, -12.84
122.6, -13.11
122.7, -12.82
122.8, -12.23
122.9, -11.61
123, -11.1
123.1, -10.39
123.2, -9.93
123.3, -9.5
123.4, -9.5
123.5, -9.43
123.6, -8.91
123.7, -8.36
123.8, -8.26
123.9, -8.4
124, -8.55
124.1, -8.58
124.2, -8.55
124.3, -8.59
124.4, -8.69
124.5, -8.78
124.6, -8.78
124.7, -8.97
124.8, -9.58
124.9, -10.36
125, -10.96
125.1, -11.46
125.2, -11.87
125.3, -12.13
125.4, -12.37
125.5, -12.61
125.6, -13.03
125.7, -13.26
125.8, -13.61
125.9, -13.99
126, -14.43
126.1, -14.99
126.2, -15.46
126.3, -15.85
126.4, -15.99
126.5, -16.35
126.6, -16.88
126.7, -17.77
126.8, -18.58
126.9, -18.92
127, -18.89
127.1, -18.76
127.2, -18.47
127.3, -18.29
127.4, -18.5
127.5, -18.74
127.6, -18.75
127.7, -18.78
127.8, -18.84
127.9, -18.77
128, -18.84
128.1, -19.28
128.2, -19.57
128.3, -19.55
128.4, -19.5
128.5, -19.82
128.6, -20.1
128.7, -20.01
128.8, -19.72
128.9, -19.66
129, -19.64
129.1, -19.65
129.2, -19.53
129.3, -19.34
129.4, -19.17
129.5, -19.27
129.6, -19.14
129.7, -18.88
129.8, -18.6
129.9, -18.4
130, -18.49
130.1, -18.67
130.2, -18.62
130.3, -18.02
130.4, -17.52
130.5, -17.24
130.6, -17.14
130.7, -17.02
130.8, -17.03
130.9, -16.96
131, -17.01
131.1, -17.07
131.2, -17.06
131.3, -17.09
131.4, -16.76
131.5, -16.25
131.6, -15.98
131.7, -15.83
131.8, -15.76
131.9, -15.6
132, -15.49
132.1, -15.12
132.2, -14.94
132.3, -14.9
132.4, -14.92
132.5, -14.67
132.6, -14.36
132.7, -14.13
132.8, -13.97
132.9, -13.74
133, -13.34
133.1, -13.11
133.2, -12.87
133.3, -12.69
133.4, -12.52
133.5, -12.27
133.6, -11.95
133.7, -11.63
133.8, -12.57
133.9, -16.65
134, -20.15
134.1, -20.09
134.2, -19.6
134.3, -18.91
134.4, -18.14
134.5, -17.37
134.6, -16.7
134.7, -16.24
134.8, -15.54
134.9, -14.78
135, -14.02
135.1, -13.35
135.2, -12.57
135.3, -11.82
135.4, -11.25
135.5, -10.59
135.6, -9.82
135.7, -9.03
135.8, -8.19
135.9, -7.55
136, -7.13
136.1, -6.65
136.2, -6.31
136.3, -5.89
136.4, -5.49
136.5, -5.04
136.6, -4.89
136.7, -4.89
136.8, -4.79
136.9, -4.58
137, -4.3
137.1, -4.11
137.2, -3.87
137.3, -3.71
137.4, -3.46
137.5, -3.15
137.6, -2.85
137.7, -2.78
137.8, -2.74
137.9, -2.49
138, -2.1
138.1, -1.82
138.2, -1.81
138.3, -1.68
138.4, -1.57
138.5, -1.38
138.6, -1.21
138.7, -1.07
138.8, -0.84
138.9, -0.49
139, -0.31
139.1, -0.11
139.2, 0.01
139.3, 0.36
139.4, 0.65
139.5, 0.97
139.6, 0.36
139.7, 0.28
139.8, 0.4
139.9, 1.48
140, 1.81
140.1, 2.11
140.2, 2.37
140.3, 2.42
140.4, 2.53
140.5, 2.99
140.6, 3.37
140.7, 3.59
140.8, 3.68
140.9, 3.61
141, 3.42
141.1, 3.6
141.2, 3.81
141.3, 3.86
141.4, 3.93
141.5, 4.25
141.6, 4.45
141.7, 4.55
141.8, 4.75
141.9, 5.15
142, 5.27
142.1, 5.52
142.2, 5.76
142.3, 6.2
142.4, 6.58
142.5, 6.93
142.6, 7.38
142.7, 7.83
142.8, 8.23
142.9, 8.7
143, 9.15
143.1, 9.56
143.2, 9.89
143.3, 10.37
143.4, 11.07
143.5, 11.7
143.6, 12.07
143.7, 12.32
143.8, 12.62
143.9, 13.08
144, 13.45
144.1, 13.93
144.2, 14.5
144.3, 15.06
144.4, 15.59
144.5, 16.05
144.6, 16.46
144.7, 16.81
144.8, 17.26
144.9, 17.66
145, 18.1
145.1, 18.66
145.2, 19.25
145.3, 19.68
145.4, 20.18
145.5, 20.69
145.6, 19.73
145.7, 16.26
145.8, 13
145.9, 13.12
146, 13.77
146.1, 14.33
146.2, 14.64
146.3, 14.87
146.4, 15.19
146.5, 15.28
146.6, 15.91
146.7, 16.4
146.8, 17.37
146.9, 18.31
147, 19.22
147.1, 19.94
147.2, 20.61
147.3, 21.42
147.4, 21.91
147.5, 22.04
147.6, 22
147.7, 22.55
147.8, 23.26
147.9, 24.03
148, 24.21
148.1, 24.28
148.2, 24.17
148.3, 23.75
148.4, 23.3
148.5, 23.04
148.6, 22.66
148.7, 22.56
148.8, 22.61
148.9, 22.79
149, 22.84
149.1, 22.62
149.2, 22.68
149.3, 22.87
149.4, 22.77
149.5, 22.61
149.6, 22.34
149.7, 21.93
149.8, 21.7
149.9, 21.74
150, 21.64
150.1, 21.47
150.2, 21.09
150.3, 20.73
150.4, 20.26
150.5, 20.28
150.6, 20.36
150.7, 20.58
150.8, 20.66
150.9, 20.52
151, 20.37
151.1, 20.31
151.2, 20.36
151.3, 20.66
151.4, 8.88
151.5, 5.92
151.6, 10.48
151.7, 14.35
151.8, 14.5
151.9, 14.72
152, 14.54
152.1, 14.26
152.2, 14.14
152.3, 14.02
152.4, 13.91
152.5, 13.79
152.6, 13.68
152.7, 13.31
152.8, 12.82
152.9, 12.49
153, 12.61
153.1, 12.82
153.2, 12.95
153.3, 12.88
153.4, 12.77
153.5, 12.69
153.6, 12.42
153.7, 12.15
153.8, 12.18
153.9, 12.25
154, 12.18
154.1, 12.32
154.2, 12.41
154.3, 12.45
154.4, 12.36
154.5, 12.49
154.6, 12.61
154.7, 12.74
154.8, 12.82
154.9, 10.3
155, 8.28
155.1, 6.55
155.2, 7.76
155.3, 7.82
155.4, 8.03
155.5, 8.19
155.6, 8.43
155.7, 8.73
155.8, 8.85
155.9, 8.8
156, 8.78
156.1, 8.82
156.2, 8.88
156.3, 8.95
156.4, 9.12
156.5, 9.15
156.6, 9.26
156.7, 9.58
156.8, 10.11
156.9, 10.63
157, 11.04
157.1, 11.47
157.2, 12.08
157.3, 12.65
157.4, 13.06
157.5, 13.31
157.6, 13.48
157.7, 13.65
157.8, 11.82
157.9, 9.01
158, 6.04
158.1, 6.83
158.2, 7.05
158.3, 7.22
158.4, 7.48
158.5, 7.79
158.6, 8.02
158.7, 8.27
158.8, 8.74
158.9, 9.33
159, 9.68
159.1, 9.54
159.2, 9.73
159.3, 10.33
159.4, 11.01
159.5, 11.29
159.6, 11.54
159.7, 11.95
159.8, 12.15
159.9, 12.38
160, 12.58
160.1, 12.99
160.2, 13.32
160.3, 13.71
160.4, 13.98
160.5, 14.21
160.6, 14.59
160.7, 14.86
160.8, 15.16
160.9, 15.38
161, 15.73
161.1, 15.86
161.2, 14.72
161.3, 14.42
161.4, 14.17
161.5, 15.18
161.6, 14.91
161.7, 14.65
161.8, 14.23
161.9, 14.21
162, 14.29
162.1, 13.77
162.2, 13.37
162.3, 13.34
162.4, 13.34
162.5, 13.1
162.6, 12.66
162.7, 12.31
162.8, 12.01
162.9, 11.73
163, 11.43
163.1, 11.47
163.2, 11.62
163.3, 11.51
163.4, 11.28
163.5, 10.92
163.6, 10.52
163.7, 10.13
163.8, 9.98
163.9, 9.83
164, 9.62
164.1, 9.43
164.2, 9.15
164.3, 8.83
164.4, 8.63
164.5, 8.6
164.6, 8.83
164.7, 8.87
164.8, 8.82
164.9, 8.98
165, 9.53
165.1, 9.97
165.2, 10.37
165.3, 6.29
165.4, 1.82
165.5, -1.65
165.6, -0.48
165.7, -0.6
165.8, -0.61
165.9, -0.45
166, -0.02
166.1, 0.24
166.2, 0.47
166.3, 0.74
166.4, 0.97
166.5, 1.28
166.6, 1.42
166.7, 1.76
166.8, 2.09
166.9, 2.72
167, 2.88
167.1, 2.93
167.2, 3.37
167.3, 3.89
167.4, 4.08
167.5, 4.04
167.6, 4.18
167.7, 3.82
167.8, 2.58
167.9, 1.15
168, 1
168.1, 1.07
168.2, 0.94
168.3, 0.7
168.4, 0.48
168.5, 0.65
168.6, 0.86
168.7, 0.85
168.8, 0.61
168.9, 0.42
169, 0.56
169.1, 0.88
169.2, -4.58
169.3, -7.37
169.4, -7.19
169.5, -5.93
169.6, -5.51
169.7, -4.97
169.8, -4.44
169.9, -4.13
170, -4.02
170.1, -3.61
170.2, -3.24
170.3, -2.7
170.4, -2.31
170.5, -1.82
170.6, -1.23
170.7, -0.56
170.8, -0.06
170.9, 0.61
171, 0.91
171.1, 1.27
171.2, 1.76
171.3, 2.41
171.4, 2.72
171.5, 2.72
171.6, 2.69
171.7, 2.72
171.8, 2.8
171.9, 2.92
172, 3
172.1, 3.22
172.2, 3.45
172.3, 3.8
172.4, 4.08
172.5, 4.4
172.6, 4.67
172.7, 4.72
172.8, 4.94
172.9, 1.39
173, -1.17
173.1, -1.73
173.2, -1.17
173.3, -0.67
173.4, -0.44
173.5, -0.2
173.6, 0.09
173.7, 0.5
173.8, 0.81
173.9, 1.24
174, 1.67
174.1, 1.84
174.2, 2.2
174.3, 2.75
174.4, 3.17
174.5, 3.55
174.6, 3.95
174.7, 4.29
174.8, 4.47
174.9, 4.8
175, 5.19
175.1, 5.31
175.2, 5.29
175.3, 5.11
175.4, 4.66
175.5, 4.62
175.6, 4.68
175.7, 4.81
175.8, 4.84
175.9, 4.85
176, 4.69
176.1, 4.55
176.2, 4.42
176.3, 4.44
176.4, 4.47
176.5, 4.55
176.6, 4.56
176.7, 4.43
176.8, 4.3
176.9, 4.38
177, 4.09
177.1, 3.77
177.2, 4.15
177.3, 4.92
177.4, 5.29
177.5, 5.17
177.6, 5.1
177.7, 5.3
177.8, 5.51
177.9, 3.47
178, 0.22
178.1, -2.58
178.2, -1.8
178.3, -1.37
178.4, -1.21
178.5, -0.99
178.6, -0.55
178.7, -0.01
178.8, 0.59
178.9, 1.14
179, 1.59
179.1, 2.11
179.2, 2.54
179.3, 2.79
179.4, 3.04
179.5, 3.49
179.6, 3.71
179.7, 4
179.8, 4.13
179.9, 3.99
180, 3.99
180.1, 4.11
180.2, 4.15
180.3, 3.95
180.4, 3.68
180.5, 3.75
180.6, 3.8
180.7, 3.75
180.8, 3.61
180.9, 3.47
181, 3.14
181.1, 2.97
181.2, 3.17
181.3, 3.35
181.4, 3.2
181.5, 3.13
181.6, 2.81
181.7, 2.67
181.8, 2.41
181.9, 2.28
182, 2
182.1, 1.89
182.2, 1.82
182.3, 1.65
182.4, 1.66
182.5, 1.75
182.6, 1.7
182.7, 1.65
182.8, 1.73
182.9, 0.9
183, 0.52
183.1, 0.58
183.2, 0.49
183.3, 0.59
183.4, 0.69
183.5, 0.35
183.6, 0.11
183.7, -0.06
183.8, -0.07
183.9, -0.14
184, -0.3
184.1, -0.75
184.2, -0.86
184.3, -0.94
184.4, -0.87
184.5, -0.94
184.6, -1.1
184.7, -1.36
184.8, -1.29
184.9, -1.1
185, -0.8
185.1, -0.84
185.2, -0.94
185.3, -0.74
185.4, -0.44
185.5, -0.32
185.6, -0.45
185.7, -0.5
185.8, -0.45
185.9, -0.38
186, -0.06
186.1, 0.02
186.2, 0.02
186.3, 0.09
186.4, -3.83
186.5, -7.01
186.6, -7.81
186.7, -7.61
186.8, -7.72
186.9, -7.39
187, -6.94
187.1, -6.63
187.2, -6.57
187.3, -6.41
187.4, -6.18
187.5, -5.89
187.6, -5.48
187.7, -5.06
187.8, -4.81
187.9, -4.69
188, -4.53
188.1, -4.33
188.2, -4.03
188.3, -3.62
188.4, -3.46
188.5, -3.08
188.6, -2.53
188.7, -2.5
188.8, -2.42
188.9, -2.41
189, -2.34
189.1, -2.49
189.2, -2.4
189.3, -2.5
189.4, -2.7
189.5, -2.78
189.6, -2.89
189.7, -2.81
189.8, -2.78
189.9, -2.89
190, -3.02
190.1, -2.88
190.2, -2.75
190.3, -2.53
190.4, -2.34
190.5, -3.31
190.6, -6.71
190.7, -8.4
190.8, -6.77
190.9, -6.66
191, -7.26
191.1, -7.6
191.2, -7.36
191.3, -7.01
191.4, -7.12
191.5, -6.9
191.6, -6.24
191.7, -5.94
191.8, -5.9
191.9, -5.77
192, -5.54
192.1, -5.3
192.2, -5.18
192.3, -5.13
192.4, -5.13
192.5, -4.83
192.6, -4.67
192.7, -4.23
192.8, -3.83
192.9, -3.57
193, -3.41
193.1, -3.29
193.2, -2.79
193.3, -2.38
193.4, -1.91
193.5, -1.4
193.6, -1.02
193.7, -0.65
193.8, -0.33
193.9, -0.09
194, 0.36
194.1, 1.12
194.2, 1.53
194.3, 1.76
194.4, 1.88
194.5, 2.06
194.6, 0.73
194.7, -4.27
194.8, -9.02
194.9, -9.18
195, -8.92
195.1, -8.51
195.2, -8.26
195.3, -8.22
195.4, -8.11
195.5, -7.73
195.6, -7.76
195.7, -7.55
195.8, -7.09
195.9, -6.85
196, -6.75
196.1, -6.49
196.2, -6.24
196.3, -6.2
196.4, -6.07
196.5, -5.9
196.6, -5.51
196.7, -5.25
196.8, -4.86
196.9, -4.85
197, -4.68
197.1, -4.88
197.2, -4.98
197.3, -5.15
197.4, -4.94
197.5, -5.07
197.6, -5.32
197.7, -5.54
197.8, -5.92
197.9, -6.07
198, -5.9
198.1, -5.7
198.2, -5.59
198.3, -7.16
198.4, -8.85
198.5, -10.46
198.6, -9.79
198.7, -9.85
198.8, -9.64
198.9, -9.25
199, -8.87
199.1, -8.92
199.2, -8.74
199.3, -8.53
199.4, -8.05
199.5, -7.45
199.6, -6.99
199.7, -6.76
199.8, -6.5
199.9, -6.59
200, -6.31
200.1, -5.8
200.2, -5.16
200.3, -4.75
200.4, -4.28
200.5, -4.03
200.6, -3.78
200.7, -3.71
200.8, -3.41
200.9, -3.47
201, -8.35
201.1, -12.29
201.2, -12.87
201.3, -12.96
201.4, -13.18
201.5, -13.15
201.6, -12.82
201.7, -12.45
201.8, -12.33
201.9, -12.46
202, -12.5
202.1, -12.34
202.2, -11.95
202.3, -11.93
202.4, -11.99
202.5, -11.93
202.6, -11.63
202.7, -11.2
202.8, -11.16
202.9, -11.13
203, -11.05
203.1, -10.8
203.2, -10.52
203.3, -10.5
203.4, -10.4
203.5, -9.85
203.6, -9.11
203.7, -8.77
203.8, -8.72
203.9, -8.83
204, -8.75
204.1, -8.39
204.2, -8.26
204.3, -8.04
204.4, -7.68
204.5, -7.43
204.6, -8.13
204.7, -8.23
204.8, -7.41
204.9, -6.88
205, -6.59
205.1, -6.65
205.2, -6.67
205.3, -6.6
205.4, -6.88
205.5, -7.11
205.6, -7.29
205.7, -7.73
205.8, -7.53
205.9, -7.64
206, -7.86
206.1, -8.02
206.2, -7.86
206.3, -7.66
206.4, -7.66
206.5, -7.92
206.6, -8.09
206.7, -7.9
206.8, -7.47
206.9, -7.57
207, -7.38
207.1, -7.38
207.2, -7.67
207.3, -7.46
207.4, -7.04
207.5, -7.27
207.6, -7.3
207.7, -6.83
207.8, -6.73
207.9, -6.72
208, -6.6
208.1, -6.27
208.2, -5.88
208.3, -5.79
208.4, -6
208.5, -7.22
208.6, -10.91
208.7, -14.63
208.8, -15.35
208.9, -14.74
209, -14.06
209.1, -13.54
209.2, -13.1
209.3, -12.5
209.4, -11.87
209.5, -11.48
209.6, -11.29
209.7, -10.63
209.8, -10.06
209.9, -9.83
210, -9.22
210.1, -8.86
210.2, -8.5
210.3, -7.84
210.4, -6.65
210.5, -6.09
210.6, -6.1
210.7, -5.63
210.8, -4.64
210.9, -3.94
211, -3.84
211.1, -3.74
211.2, -3.51
211.3, -3.02
211.4, -2.7
211.5, -2.37
211.6, -2.17
211.7, -1.78
211.8, -1.73
211.9, -1.77
212, -1.57
212.1, -1.18
212.2, -1.14
212.3, -1.23
212.4, -5.88
212.5, -9.67
212.6, -10.79
212.7, -10.35
212.8, -10.27
212.9, -10.28
213, -10.26
213.1, -10.21
213.2, -10.31
213.3, -10.51
213.4, -10.61
213.5, -10.15
213.6, -9.56
213.7, -9.27
213.8, -8.93
213.9, -8.6
214, -8.35
214.1, -8.26
214.2, -8.05
214.3, -7.87
214.4, -7.76
214.5, -7.47
214.6, -6.7
214.7, -6.43
214.8, -6.39
214.9, -6.44
215, -6.55
215.1, -6.1
215.2, -5.36
215.3, -4.92
215.4, -5.05
215.5, -5.21
215.6, -5.07
215.7, -5.2
215.8, -5.25
215.9, -5.2
216, -5
216.1, -5.02
216.2, -5.02
216.3, -5
216.4, -5.17
216.5, -5.26
216.6, -5.35
216.7, -5.97
216.8, -6.87
216.9, -7.49
217, -7.47
217.1, -7.7
217.2, -7.79
217.3, -7.87
217.4, -7.87
217.5, -7.85
217.6, -7.79
217.7, -8.1
217.8, -8.25
217.9, -8.26
218, -8.15
218.1, -8.37
218.2, -8.59
218.3, -8.45
218.4, -8.45
218.5, -8.44
218.6, -8.03
218.7, -7.71
218.8, -7.4
218.9, -7.15
219, -6.96
219.1, -6.84
219.2, -6.91
219.3, -6.95
219.4, -6.91
219.5, -6.81
219.6, -6.73
219.7, -6.71
219.8, -6.22
219.9, -5.49
220, -4.95
220.1, -4.58
220.2, -4.33
220.3, -8.13
220.4, -11.08
220.5, -11.38
220.6, -10.97
220.7, -10.67
220.8, -10.2
220.9, -9.76
221, -9.58
221.1, -9.11
221.2, -8.69
221.3, -8.29
221.4, -8.02
221.5, -7.48
221.6, -6.78
221.7, -6.1
221.8, -5.64
221.9, -5.28
222, -4.6
222.1, -3.77
222.2, -3.01
222.3, -2.36
222.4, -1.65
222.5, -1.03
222.6, -0.7
222.7, -3.48
222.8, -5.63
222.9, -7.59
223, -5.64
223.1, -5.9
223.2, -6.09
223.3, -5.99
223.4, -5.74
223.5, -5.63
223.6, -5.78
223.7, -5.76
223.8, -5.68
223.9, -5.43
224, -5.33
224.1, -5.15
224.2, -4.87
224.3, -4.69
224.4, -4.45
224.5, -3.99
224.6, -3.62
224.7, -3.24
224.8, -2.88
224.9, -2.38
225, -1.84
225.1, -1.4
225.2, -1.29
225.3, -1.01
225.4, -0.5
225.5, -0.21
225.6, 0.14
225.7, 0.43
225.8, 0.94
225.9, 1.55
226, 1.92
226.1, 2.14
226.2, 1.35
226.3, 1.77
226.4, 2.93
226.5, 3.32
226.6, 3.28
226.7, 3.25
226.8, 3.27
226.9, 3.39
227, 3.49
227.1, 3.58
227.2, 3.62
227.3, 3.79
227.4, 3.8
227.5, 3.58
227.6, 3.15
227.7, 2.74
227.8, 2.73
227.9, 2.9
228, 3.02
228.1, 2.5
228.2, 2.03
228.3, 2.09
228.4, 2.01
228.5, 2.01
228.6, 1.8
228.7, 1.63
228.8, 1.35
228.9, 1.23
229, 1.33
229.1, 1.47
229.2, 1.5
229.3, 1.67
229.4, 1.82
229.5, 1.99
229.6, 2.05
229.7, 2.12
229.8, 2.36
229.9, 1.85
230, -0.97
230.1, -3.5
230.2, -3.65
230.3, -3.25
230.4, -2.73
230.5, -2.53
230.6, -2.36
230.7, -2.18
230.8, -1.84
230.9, -1.84
231, -1.8
231.1, -1.95
231.2, -1.99
231.3, -1.97
231.4, -2.15
231.5, -2.21
231.6, -2.3
231.7, -2.04
231.8, -1.58
231.9, -1.06
232, -0.75
232.1, -0.65
232.2, -1.03
232.3, -2.15
232.4, -3.1
232.5, -2.86
232.6, -2.7
232.7, -2.52
232.8, -2.23
232.9, -1.85
233, -1.44
233.1, -1.04
233.2, -0.49
233.3, -0.21
233.4, 0.13
233.5, 0.37
233.6, 0.75
233.7, 1.08
233.8, 1.67
233.9, 2.05
234, 2.34
234.1, 2.45
234.2, 2.54
234.3, 2.67
234.4, 2.89
234.5, 3.06
234.6, 3.14
234.7, 3.23
234.8, 3.11
234.9, 3.06
235, 1.91
235.1, -0.44
235.2, -3.02
235.3, -3.15
235.4, -3.29
235.5, -3.68
235.6, -3.91
235.7, -4.03
235.8, -4.12
235.9, -4.14
236, -4.47
236.1, -4.77
236.2, -4.78
236.3, -4.7
236.4, -4.73
236.5, -4.57
236.6, -4.41
236.7, -4.45
236.8, -4.5
236.9, -4.33
237, -4.24
237.1, -3.95
237.2, -3.78
237.3, -3.79
237.4, -3.61
237.5, -3.26
237.6, -2.53
237.7, -1.94
237.8, -1.56
237.9, -1.44
238, -4.73
238.1, -8.81
238.2, -11.47
238.3, -10.74
238.4, -10.13
238.5, -9.6
238.6, -8.83
238.7, -8.42
238.8, -7.9
238.9, -7.01
239, -5.77
239.1, -5.08
239.2, -4.46
239.3, -4
239.4, -3.54
239.5, -2.96
239.6, -2.39
239.7, -1.6
239.8, -0.84
239.9, -0.16
240, 0.31
240.1, 0.64
240.2, 1.11
240.3, -1.67
240.4, -4.22
240.5, -6.5
240.6, -4.35
240.7, -4.17
240.8, -3.99
240.9, -3.95
241, -3.81
241.1, -3.5
241.2, -3.35
241.3, -3.34
241.4, -3.6
241.5, -3.73
241.6, -3.67
241.7, -3.5
241.8, -3.64
241.9, -3.57
242, -3.35
242.1, -3.24
242.2, -3
242.3, -2.29
242.4, -3.65
242.5, -6.18
242.6, -8.26
242.7, -7.77
242.8, -7.27
242.9, -7.02
243, -7.2
243.1, -7.21
243.2, -7.06
243.3, -6.76
243.4, -6.84
243.5, -6.63
243.6, -6.24
243.7, -5.77
243.8, -5.52
243.9, -5.39
244, -4.9
244.1, -4.42
244.2, -4.01
244.3, -3.63
244.4, -3.07
244.5, -2.78
244.6, -2.57
244.7, -2.12
244.8, -1.69
244.9, -1.27
245, -0.84
245.1, -0.37
245.2, -0.05
245.3, 0.4
245.4, 0.58
245.5, 0.91
245.6, 1.14
245.7, 1.18
245.8, 1.45
245.9, 1.81
246, 2.06
246.1, 2.09
246.2, 2.07
246.3, 2.09
246.4, 1.87
246.5, 1.96
246.6, 1.97
246.7, 2.12
246.8, 2.28
246.9, 2.27
247, 2.29
247.1, 2.22
247.2, 2.17
247.3, 2.11
247.4, 1.97
247.5, 1.87
247.6, 0.34
247.7, -0.06
247.8, 0.85
247.9, 0.57
248, 0.81
248.1, 0.93
248.2, 0.73
248.3, 0.51
248.4, 0.4
248.5, 0.43
248.6, 0.24
248.7, -0.09
248.8, -0.49
248.9, -0.76
249, -0.96
249.1, -1.09
249.2, -1.23
249.3, -1.51
249.4, -1.49
249.5, -1.44
249.6, -1.04
249.7, -0.71
249.8, -0.61
249.9, -0.51
250, -0.12
250.1, 0.36
250.2, 0.31
250.3, 0.23
250.4, 0.33
250.5, 0.49
250.6, 0.44
250.7, 0.6
250.8, 0.68
250.9, 0.58
251, 0.46
251.1, 0.54
251.2, 0.68
251.3, 0.73
251.4, 0.66
251.5, 0.87
251.6, 0.96
251.7, 1.01
251.8, 1.06
251.9, 1.1
252, 0.99
252.1, 1.25
252.2, 1.58
252.3, 1.87
252.4, 2
252.5, 1.81
252.6, 1.68
252.7, 1.83
252.8, 2.22
252.9, 2.15
253, 2.15
253.1, 2.23
253.2, 2.23
253.3, 2.08
253.4, 2.13
253.5, 2.16
253.6, 2.44
253.7, 2.54
253.8, 2.37
253.9, 2.07
254, 2.02
254.1, 2.17
254.2, 2.45
254.3, 2.58
254.4, 2.59
254.5, 2.53
254.6, 2.49
254.7, 2.46
254.8, 2.55
254.9, 2.1
255, 1.63
255.1, 1.34
255.2, 1.55
255.3, 1.54
255.4, 1.59
255.5, 1.69
255.6, 1.91
255.7, 2.26
255.8, 2.51
255.9, 2.99
256, 3.5
256.1, 3.88
256.2, 3.97
256.3, 4.2
256.4, 4.45
256.5, 4.66
256.6, 4.81
256.7, 5.07
256.8, 5.3
256.9, 5.48
257, 5.82
257.1, 5.98
257.2, 6.1
257.3, 6.35
257.4, 6.72
257.5, 7.03
257.6, 7.18
257.7, 7.46
257.8, 7.69
257.9, 7.86
258, 7.81
258.1, 7.62
258.2, 7.91
258.3, 8.33
258.4, 5.77
258.5, 2.07
258.6, -1.09
258.7, -0.45
258.8, -0.44
258.9, -0.32
259, 0.1
259.1, 0.61
259.2, 0.91
259.3, 1.24
259.4, 1.6
259.5, 1.78
259.6, 1.88
259.7, 2.14
259.8, 2.69
259.9, 3
260, 3.6
260.1, 4.2
260.2, 4.82
260.3, 5.33
260.4, 5.35
260.5, 5.24
260.6, 5.37
260.7, 5.2
260.8, 4.99
260.9, 4.82
261, 4.82
261.1, 4.6
261.2, 4.8
261.3, 5.59
261.4, 6.47
261.5, 6.15
261.6, 5.41
261.7, 4.99
261.8, 5.27
261.9, 5.6
262, 5.4
262.1, 5.24
262.2, 5.23
262.3, 5.13
262.4, 5.23
262.5, 5.3
262.6, 5.32
262.7, 5.3
262.8, 5.1
262.9, 4.74
263, 4.29
263.1, 4.24
263.2, 4.22
263.3, 4.09
263.4, 3.95
263.5, 3.81
263.6, 3.69
263.7, 3.37
263.8, 2.88
263.9, 2.44
264, 1.92
264.1, -1.83
264.2, -5.44
264.3, -6.75
264.4, -6.38
264.5, -6.21
264.6, -6.21
264.7, -5.89
264.8, -5.84
264.9, -5.46
265, -5.13
265.1, -4.94
265.2, -4.81
265.3, -4.44
265.4, -4
265.5, -3.48
265.6, -3.05
265.7, -2.7
265.8, -2.21
265.9, -1.98
266, -1.31
266.1, -1.42
266.2, -1.55
266.3, -1.66
266.4, -0.83
266.5, -0.78
266.6, -0.46
266.7, -0.17
266.8, -0.33
266.9, -0.3
267, -0.34
267.1, -0.2
267.2, -0.37
267.3, -0.44
267.4, -0.31
267.5, 0.03
267.6, 0.19
267.7, 0.69
267.8, 1.26
267.9, 1.41
268, 0.87
268.1, 0.34
268.2, 0.2
268.3, 0.33
268.4, 0.34
268.5, 0.24
268.6, -0.13
268.7, -0.36
268.8, -0.43
268.9, -0.22
269, -0.67
269.1, -1.11
269.2, -2.11
269.3, -2.12
269.4, -2.61
269.5, -1.85
269.6, -1.59
269.7, -1.38
269.8, -1.34
269.9, -1.39
270, -1.35
270.1, -1.18
270.2, -0.8
270.3, -0.67
270.4, -0.52
270.5, -0.35
270.6, -0.29
270.7, 0.05
270.8, 0.68
270.9, 1.13
271, 1.18
271.1, 1.19
271.2, 1.52
271.3, 1.99
271.4, 2.15
271.5, 2.21
271.6, 2.43
271.7, 2.8
271.8, 3.27
271.9, 3.77
272, 4.22
272.1, 4.45
272.2, 4.64
272.3, 4.66
272.4, 4.38
272.5, 4.31
272.6, 4.15
272.7, 4.17
272.8, 4.33
272.9, 4.53
273, 4.44
273.1, 4.46
273.2, 4.77
273.3, 4.9
273.4, 4.89
273.5, 4.78
273.6, 4.62
273.7, 4.37
273.8, 4.04
273.9, 3.71
274, 3.45
274.1, 3.26
274.2, 3.11
274.3, 3.17
274.4, 2.8
274.5, 2.62
274.6, 2.63
274.7, 2.69
274.8, 2.66
274.9, 2.48
275, 2.41
275.1, 2.45
275.2, 2.38
275.3, 2.02
275.4, 1.98
275.5, 2.01
275.6, 1.93
275.7, 1.72
275.8, 1.93
275.9, 2.05
276, -0.23
276.1, -2.83
276.2, -4.05
276.3, -3.64
276.4, -3.41
276.5, -3.18
276.6, -3.23
276.7, -2.93
276.8, -2.46
276.9, -2.01
277, -1.69
277.1, -1.28
277.2, -1.17
277.3, -0.91
277.4, -0.6
277.5, -0.33
277.6, -0.17
277.7, 0.01
277.8, 0.57
277.9, 1.11
278, 1.53
278.1, 1.79
278.2, 1.86
278.3, 1.88
278.4, 1.89
278.5, 2
278.6, 2.07
278.7, 2.3
278.8, 2.49
278.9, 2.57
279, 2.46
279.1, 2.54
279.2, 2.99
279.3, 2.97
279.4, 2.81
279.5, 2.9
279.6, 2.67
279.7, -4.09
279.8, -8.04
279.9, -7.19
280, -6.26
280.1, -5.61
280.2, -5.04
280.3, -4.67
280.4, -4.28
280.5, -3.61
280.6, -2.97
280.7, -2.59
280.8, -2.28
280.9, -1.84
281, -1.45
281.1, -0.86
281.2, -0.36
281.3, 0.21
281.4, 0.24
281.5, 0.05
281.6, 0.41
281.7, 0.8
281.8, 1.32
281.9, 1.8
282, 1.87
282.1, 1.54
282.2, 1.52
282.3, 1.8
282.4, 2.11
282.5, 2.06
282.6, 2.02
282.7, 1.9
282.8, 1.77
282.9, 1.55
283, 1.47
283.1, 1.26
283.2, 1.19
283.3, 1
283.4, 0.95
283.5, 0.85
283.6, 0.87
283.7, 1.07
283.8, 1.36
283.9, 1.38
284, 1.46
284.1, 1.66
284.2, 1.69
284.3, 1.88
284.4, 2.54
284.5, 3.09
284.6, 3.42
284.7, -1
284.8, -4.74
284.9, -6.27
285, -5.46
285.1, -5.06
285.2, -4.8
285.3, -4.6
285.4, -4.34
285.5, -4.1
285.6, -4.08
285.7, -3.67
285.8, -3.14
285.9, -3.2
286, -2.99
286.1, -2.7
286.2, -2.31
286.3, -2.13
286.4, -1.7
286.5, -1.29
286.6, -1.2
286.7, -1.12
286.8, -0.74
286.9, -0.56
287, -0.29
287.1, -0.02
287.2, 0.5
287.3, 0.97
287.4, 1.33
287.5, 1.67
287.6, 1.99
287.7, 2.27
287.8, 2.65
287.9, -3.27
288, -6.81
288.1, -7.95
288.2, -5.69
288.3, -5.26
288.4, -5.06
288.5, -4.83
288.6, -4.61
288.7, -4.38
288.8, -4.17
288.9, -3.87
289, -3.59
289.1, -3.44
289.2, -3.14
289.3, -2.78
289.4, -2.52
289.5, -2.4
289.6, -2.14
289.7, -1.94
289.8, -1.56
289.9, -0.86
290, -0.47
290.1, -0.27
290.2, 0.12
290.3, 0.58
290.4, 1.08
290.5, 1.39
290.6, 1.85
290.7, 2.33
290.8, 2.18
290.9, 1.51
291, 1.13
291.1, 1.86
291.2, 1.92
291.3, 1.97
291.4, 2.15
291.5, 2.3
291.6, 2.45
291.7, 2.83
291.8, 2.55
291.9, 2.29
292, 1.81
292.1, 1.97
292.2, 2.03
292.3, 2.01
292.4, 1.96
292.5, 2.05
292.6, 2.12
292.7, 2.34
292.8, 2.54
292.9, 2.42
293, 2.62
293.1, 2.81
293.2, 2.73
293.3, 2.83
293.4, 3.18
293.5, 3.31
293.6, 3.38
293.7, 3.54
293.8, 3.81
293.9, 2.26
294, -0.54
294.1, -3.07
294.2, -2.72
294.3, -2.21
294.4, -1.73
294.5, -1.22
294.6, -0.42
294.7, 0.04
294.8, 0.42
294.9, 0.47
295, 0.56
295.1, 1.14
295.2, 1.79
295.3, 2.36
295.4, 3.04
295.5, 3.32
295.6, 3.61
295.7, 4.48
295.8, 5.25
295.9, 5.55
296, 5.61
296.1, 5.77
296.2, 5.82
296.3, 5.92
296.4, 5.76
296.5, 5.64
296.6, 5.53
296.7, 5.68
296.8, 5.81
296.9, 5.73
297, 5.42
297.1, 5.35
297.2, 5.63
297.3, 5.9
297.4, 5.89
297.5, -1.49
297.6, -3.92
297.7, -3.58
297.8, 0.05
297.9, 0.12
298, 0.39
298.1, 0.65
298.2, 1.13
298.3, 1.58
298.4, 1.85
298.5, 2.14
298.6, 2.47
298.7, 2.63
298.8, 2.75
298.9, 2.98
299, 3.38
299.1, 3.74
299.2, 3.96
299.3, 4.22
299.4, 4.6
299.5, 5.08
299.6, 5.37
299.7, 6.1
299.8, 7.19
299.9, 4.16
300, -2.11
301, -2.11
301.1, -0.93
ENDTABLE
#DiagramOne1
ISIDE 2
Z_PROFILE_TABLE LINEAR_LOOP
0, -1.68
0.1, -2.25
0.2, -2.25
0.3, -2.02
0.4, -1.92
0.5, -2.16
0.6, -2.44
0.7, -2.26
0.8, -2.13
0.9, -2.42
1, -2.81
1.1, -2.31
1.2, -0.93
1.3, -0.8
1.4, -0.78
1.5, -0.27
1.6, 0.39
1.7, 0.54
1.8, 0.5
1.9, 0.72
2, 1.14
2.1, 1.12
2.2, 1.01
2.3, 1.09
2.4, 1.1
2.5, 1.48
2.6, 1.76
2.7, 1.91
2.8, 2.27
2.9, 2.52
3, 2.68
3.1, -2.36
3.2, -6.39
3.3, -7.88
3.4, -7.45
3.5, -7.69
3.6, -7.59
3.7, -6.81
3.8, -6.58
3.9, -6.69
4, -6.08
4.1, -5.67
4.2, -5.29
4.3, -4.95
4.4, -4.41
4.5, -4.04
4.6, -3.61
4.7, -3.07
4.8, -3.01
4.9, -2.73
5, -2.58
5.1, -3.03
5.2, -3.51
5.3, -3.61
5.4, -3.61
5.5, -3.31
5.6, -3.35
5.7, -3.04
5.8, -2.56
5.9, -2.35
6, -2.13
6.1, -2.18
6.2, -1.88
6.3, -1.47
6.4, -1.01
6.5, -0.89
6.6, -0.56
6.7, -2.98
6.8, -6.54
6.9, -9.7
7, -8.57
7.1, -8.37
7.2, -7.89
7.3, -7.6
7.4, -7.48
7.5, -7.58
7.6, -7.21
7.7, -6.4
7.8, -5.7
7.9, -5.3
8, -5.04
8.1, -4.79
8.2, -4.34
8.3, -3.93
8.4, -3.27
8.5, -2.61
8.6, -2.29
8.7, -1.99
8.8, -1.54
8.9, -1.1
9, -0.61
9.1, 0.67
9.2, 2.11
9.3, 2.96
9.4, 3.93
9.5, 4.3
9.6, 4.57
9.7, 5.07
9.8, 5.14
9.9, 4.71
10, 3.92
10.1, 3.88
10.2, 3.9
10.3, 3.76
10.4, 3.42
10.5, 2.98
10.6, 2.53
10.7, 2.31
10.8, 2.09
10.9, 1.82
11, 2.16
11.1, 2.26
11.2, 2.53
11.3, 2.67
11.4, 2.93
11.5, 3.16
11.6, 3.49
11.7, 3.59
11.8, 3.48
11.9, 3.48
12, 3.47
12.1, 3.34
12.2, 3.18
12.3, 3.16
12.4, 3.6
12.5, 4.13
12.6, 4.6
12.7, -0.27
12.8, -1.4
12.9, 0.75
13, 2.14
13.1, 2.44
13.2, 2.79
13.3, 3.15
13.4, 3.51
13.5, 3.96
13.6, 4.28
13.7, 4.58
13.8, 4.8
13.9, 5.12
14, 5.42
14.1, 5.53
14.2, 5.91
14.3, 6.29
14.4, 6.57
14.5, 6.84
14.6, 7.13
14.7, 7.39
14.8, 7.85
14.9, 8.28
15, 8.14
15.1, 5.29
15.2, 2.53
15.3, 2
15.4, 2.15
15.5, 2.41
15.6, 2.8
15.7, 3.1
15.8, 3.61
15.9, 4.05
16, 4.37
16.1, 4.57
16.2, 4.94
16.3, 5.16
16.4, 5.5
16.5, 5.85
16.6, 6.09
16.7, 6.21
16.8, 6.45
16.9, 6.77
17, 7.19
17.1, 7.58
17.2, 7.8
17.3, 7.83
17.4, 7.55
17.5, 7.11
17.6, 6.77
17.7, 6.61
17.8, 6.31
17.9, 5.97
18, 5.75
18.1, 5.58
18.2, 5.62
18.3, 5.29
18.4, 5.09
18.5, 4.63
18.6, 4.93
18.7, 5.26
18.8, 5.61
18.9, 6.07
19, 6.41
19.1, 6.43
19.2, 6.24
19.3, 6.03
19.4, 5.76
19.5, 5.95
19.6, 6.12
19.7, 5.96
19.8, 5.56
19.9, 5.54
20, 5.7
20.1, 6.05
20.2, 6.36
20.3, 6.92
20.4, 6.8
20.5, 6.67
20.6, 6.89
20.7, 7.8
20.8, 8.22
20.9, 8.28
21, 8.65
21.1, 9.22
21.2, 9.36
21.3, 8.42
21.4, 8.07
21.5, 8.54
21.6, 9.35
21.7, 9.26
21.8, 8.99
21.9, 8.77
22, 8.75
22.1, 8.47
22.2, 8.34
22.3, 8.18
22.4, 8.16
22.5, 8.14
22.6, 8.03
22.7, 8.39
22.8, 8.3
22.9, 8.65
23, 9.09
23.1, 9.67
23.2, 9.68
23.3, 9.61
23.4, 9.72
23.5, 9.76
23.6, 9.94
23.7, 10.04
23.8, 10.22
23.9, 10.3
24, 10.51
24.1, 10.53
24.2, 10.99
24.3, 11.34
24.4, 11.45
24.5, 11.17
24.6, 11.22
24.7, 11.55
24.8, 11.57
24.9, 11.07
25, 10.81
25.1, 10.86
25.2, 10.85
25.3, 10.76
25.4, 10.87
25.5, 10.69
25.6, 10.4
25.7, 10
25.8, 9.93
25.9, 10.02
26, 10.22
26.1, 9.99
26.2, 9.98
26.3, 9.69
26.4, 9.3
26.5, 9.3
26.6, 9.33
26.7, 9.17
26.8, 8.98
26.9, 8.86
27, 8.89
27.1, 8.94
27.2, 9.39
27.3, 9.42
27.4, 9.37
27.5, 9.38
27.6, 9.78
27.7, 9.94
27.8, 9.84
27.9, 9.53
28, 9.44
28.1, 9.55
28.2, 9.4
28.3, 9.3
28.4, 9.1
28.5, 8.85
28.6, 8.81
28.7, 8.75
28.8, 8.88
28.9, 9.01
29, 9.76
29.1, 10.52
29.2, 10.34
29.3, 9.77
29.4, 9.64
29.5, 9.46
29.6, 8.62
29.7, 8.39
29.8, 8.43
29.9, 8.31
30, 7.98
30.1, 7.7
30.2, 7.3
30.3, 7.1
30.4, 6.96
30.5, 6.78
30.6, 7.39
30.7, 8.32
30.8, 8.55
30.9, 7.98
31, 7.74
31.1, 7.78
31.2, 7.5
31.3, 6.73
31.4, 6.26
31.5, 6.3
31.6, 7.26
31.7, 7.31
31.8, 7.74
31.9, 8.2
32, 8.19
32.1, 7.88
32.2, 7.54
32.3, 7.89
32.4, 8.78
32.5, 9.06
32.6, 8.96
32.7, 8.99
32.8, 9.74
32.9, 10.22
33, 10.45
33.1, 10.33
33.2, 9.85
33.3, 9.62
33.4, 9.45
33.5, 9.43
33.6, 9.73
33.7, 10.65
33.8, 11.12
33.9, 11.36
34, 11.72
34.1, 12.29
34.2, 12.77
34.3, 12.66
34.4, 12.78
34.5, 13.26
34.6, 13.53
34.7, 13.05
34.8, 12.63
34.9, 12.65
35, 12.22
35.1, 11.84
35.2, 11.65
35.3, 11.78
35.4, 11.59
35.5, 11.26
35.6, 10.75
35.7, 10.65
35.8, 10.58
35.9, 10.23
36, 9.66
36.1, 9.18
36.2, 9.03
36.3, 9.11
36.4, 9.26
36.5, 9.28
36.6, 8.05
36.7, 4.16
36.8, 2.42
36.9, 4.37
37, 4.8
37.1, 5.12
37.2, 5.16
37.3, 4.97
37.4, 4.88
37.5, 5.17
37.6, 5.21
37.7, 5.13
37.8, 5.1
37.9, 5.32
38, 5.21
38.1, 5.42
38.2, 5.7
38.3, 5.91
38.4, 5.77
38.5, 5.6
38.6, 5.49
38.7, 5.59
38.8, 5.85
38.9, 6.09
39, 6.29
39.1, 6.6
39.2, 6.85
39.3, 6.78
39.4, 6.44
39.5, 6.21
39.6, 6.24
39.7, 6.44
39.8, 6.6
39.9, 6.29
40, 5.97
40.1, 5.7
40.2, 5.73
40.3, 5.82
40.4, 5.73
40.5, 5.49
40.6, 5.27
40.7, 5.05
40.8, 4.87
40.9, 4.91
41, 5.01
41.1, 5.3
41.2, 5.64
41.3, 5.77
41.4, 5.68
41.5, 5.3
41.6, 5.04
41.7, 5.43
41.8, 1.08
41.9, -3
42, -6.08
42.1, -3.13
42.2, -3.05
42.3, -2.72
42.4, -2.79
42.5, -2.8
42.6, -2.64
42.7, -2.39
42.8, -2.2
42.9, -1.94
43, -1.56
43.1, -1.59
43.2, -1.31
43.3, -1.25
43.4, -1.27
43.5, -1.1
43.6, -0.7
43.7, 0.03
43.8, 0.44
43.9, 0.8
44, 0.95
44.1, 0.89
44.2, 0.94
44.3, 1.26
44.4, 1.84
44.5, 2.09
44.6, 2.02
44.7, 2.27
44.8, 2.52
44.9, 2.69
45, 3.05
45.1, 3.17
45.2, 2.99
45.3, 3.02
45.4, 2.97
45.5, 2.89
45.6, 2.37
45.7, 1.66
45.8, 1.1
45.9, 1.13
46, 1.49
46.1, 1.88
46.2, 1.73
46.3, 1.26
46.4, 0.81
46.5, 0.59
46.6, 0.75
46.7, 0.98
46.8, 0.87
46.9, 0.77
47, 0.82
47.1, 1.04
47.2, 1.31
47.3, 1.01
47.4, 0.47
47.5, -0.15
47.6, -0.46
47.7, -0.63
47.8, -0.96
47.9, -1.05
48, -1.21
48.1, -1.27
48.2, -1.14
48.3, -1.37
48.4, -1.13
48.5, -1.38
48.6, -1.78
48.7, -1.58
48.8, -0.93
48.9, 0.13
49, 0.79
49.1, 1.17
49.2, 1.22
49.3, 1.5
49.4, 1.8
49.5, 1.66
49.6, 1.71
49.7, 1.92
49.8, 2.22
49.9, 2.06
50, 1.79
50.1, 1.61
50.2, 1.58
50.3, 1.29
50.4, 1.1
50.5, 1.18
50.6, 1.06
50.7, 0.93
50.8, 0.96
50.9, 1.05
51, 1.42
51.1, 1.64
51.2, 1.09
51.3, 0.57
51.4, 0.46
51.5, 0.79
51.6, 0.94
51.7, 1.05
51.8, 1.23
51.9, 1.51
52, 1.25
52.1, 1.03
52.2, 1.14
52.3, 0.82
52.4, 0.29
52.5, 0.23
52.6, 0.27
52.7, -0.22
52.8, -0.79
52.9, -0.88
53, -1.78
53.1, -1.93
53.2, -2.13
53.3, -1.46
53.4, -1.81
53.5, -2.04
53.6, -2.04
53.7, -2.23
53.8, -2.65
53.9, -2.87
54, -3.42
54.1, -3.78
54.2, -4.14
54.3, -4.16
54.4, -4.03
54.5, -3.73
54.6, -3.74
54.7, -3.71
54.8, -3.57
54.9, -3.49
55, -3.66
55.1, -3.87
55.2, -3.85
55.3, -3.85
55.4, -3.82
55.5, -3.7
55.6, -3.53
55.7, -3.39
55.8, -3.29
55.9, -3.03
56, -2.81
56.1, -2.58
56.2, -2.28
56.3, -2.03
56.4, -2.02
56.5, -2.01
56.6, -2.9
56.7, -4.85
56.8, -6.74
56.9, -6.99
57, -6.69
57.1, -6.26
57.2, -5.94
57.3, -5.87
57.4, -6.03
57.5, -6.25
57.6, -6.58
57.7, -6.9
57.8, -7.41
57.9, -7.34
58, -6.89
58.1, -6.4
58.2, -6.27
58.3, -6.16
58.4, -5.92
58.5, -5.59
58.6, -5.59
58.7, -5.66
58.8, -5.62
58.9, -5.72
59, -5.92
59.1, -5.9
59.2, -5.69
59.3, -5.62
59.4, -5.63
59.5, -5.42
59.6, -5.09
59.7, -4.99
59.8, -5.06
59.9, -5.14
60, -5.46
60.1, -5.94
60.2, -6
60.3, -6.19
60.4, -6.62
60.5, -6.92
60.6, -7.05
60.7, -7.2
60.8, -7.36
60.9, -7.33
61, -7.35
61.1, -7.87
61.2, -8.18
61.3, -8.43
61.4, -8.81
61.5, -8.95
61.6, -9.29
61.7, -9.08
61.8, -9.32
61.9, -9.29
62, -9.39
62.1, -9.49
62.2, -9.62
62.3, -9.59
62.4, -9.6
62.5, -9.57
62.6, -9.64
62.7, -9.67
62.8, -9.79
62.9, -10.05
63, -9.98
63.1, -9.83
63.2, -9.89
63.3, -10.19
63.4, -10.34
63.5, -10.25
63.6, -10.3
63.7, -10.17
63.8, -10.19
63.9, -10.29
64, -10.46
64.1, -10.53
64.2, -10.5
64.3, -10.54
64.4, -10.55
64.5, -10.81
64.6, -11.12
64.7, -10.89
64.8, -10.8
64.9, -10.93
65, -10.81
65.1, -10.78
65.2, -11.13
65.3, -11.38
65.4, -11.51
65.5, -11.71
65.6, -12.23
65.7, -12.29
65.8, -12.61
65.9, -12.77
66, -12.84
66.1, -12.49
66.2, -12.49
66.3, -12.53
66.4, -12.65
66.5, -12.27
66.6, -11.4
66.7, -11.03
66.8, -11.17
66.9, -11.56
67, -11.98
67.1, -11.68
67.2, -11.35
67.3, -10.96
67.4, -10.36
67.5, -10.22
67.6, -10.46
67.7, -10.61
67.8, -10.78
67.9, -10.93
68, -11.03
68.1, -10.5
68.2, -10.37
68.3, -10.27
68.4, -9.99
68.5, -9.46
68.6, -9.12
68.7, -8.77
68.8, -8.56
68.9, -7.91
69, -7.56
69.1, -8.06
69.2, -8.69
69.3, -9.24
69.4, -9.34
69.5, -9.28
69.6, -8.95
69.7, -8.75
69.8, -8.61
69.9, -8.77
70, -8.73
70.1, -8.39
70.2, -7.78
70.3, -7.28
70.4, -6.81
70.5, -6.58
70.6, -6.23
70.7, -5.66
70.8, -5.2
70.9, -4.79
71, -4.31
71.1, -4.03
71.2, -4.29
71.3, -4.42
71.4, -4.14
71.5, -3.96
71.6, -3.87
71.7, -3.53
71.8, -2.95
71.9, -2.67
72, -2.4
72.1, -2.25
72.2, -1.76
72.3, -1.41
72.4, -1.08
72.5, -0.67
72.6, -0.1
72.7, 0.46
72.8, 0.71
72.9, 0.69
73, 0.95
73.1, 1.33
73.2, 1.64
73.3, 1.39
73.4, 1.66
73.5, 2.32
73.6, 2.76
73.7, 3.1
73.8, 3.53
73.9, 4.02
74, 4.58
74.1, 5.15
74.2, 5.48
74.3, 5.5
74.4, 5.46
74.5, 5.89
74.6, 5.57
74.7, 5.99
74.8, 6.42
74.9, 6.75
75, 6.54
75.1, 6.36
75.2, 6.32
75.3, 5.92
75.4, 5.67
75.5, 5.59
75.6, 5.55
75.7, 5.17
75.8, 4.91
75.9, 4.83
76, 4.87
76.1, 5.26
76.2, 5.3
76.3, 5.07
76.4, 4.64
76.5, 4.44
76.6, 4.44
76.7, 4.35
76.8, 3.92
76.9, 3.65
77, 3.57
77.1, 3.39
77.2, 3.11
77.3, 3.04
77.4, 2.95
77.5, 2.74
77.6, 2.98
77.7, 3.21
77.8, 3.09
77.9, 3.17
78, 3.25
78.1, 3.2
78.2, 3.42
78.3, 3.61
78.4, 3.56
78.5, 3.87
78.6, 3.9
78.7, 3.86
78.8, 3.94
78.9, 4.33
79, 4.66
79.1, 4.78
79.2, 4.7
79.3, 4.61
79.4, 4.66
79.5, 4.75
79.6, 4.58
79.7, 4.44
79.8, 4.54
79.9, 4.93
80, 5
80.1, 5.29
80.2, 5.13
80.3, 5.04
80.4, 5.23
80.5, 5.3
80.6, 5.25
80.7, 4.8
80.8, 4.63
80.9, 2.53
81, 0.7
81.1, -0.52
81.2, -0.42
81.3, 0.04
81.4, 0.33
81.5, 0.66
81.6, 1.4
81.7, 1.78
81.8, 2.24
81.9, 2.73
82, 3.36
82.1, 3.86
82.2, 3.81
82.3, 3.93
82.4, 4.66
82.5, 5.13
82.6, 5.07
82.7, 4.88
82.8, 5.58
82.9, 6.14
83, 6.13
83.1, 6.16
83.2, 6.01
83.3, 5.98
83.4, 6.52
83.5, 7.5
83.6, 8.12
83.7, 8.57
83.8, 8.82
83.9, 9.17
84, 9.66
84.1, 10.18
84.2, 10.57
84.3, 10.79
84.4, 10.96
84.5, 11.21
84.6, 11.41
84.7, 11.73
84.8, 11.74
84.9, 11.83
85, 12.01
85.1, 12.4
85.2, 12.66
85.3, 13.02
85.4, 13.38
85.5, 13.68
85.6, 14.07
85.7, 14.45
85.8, 14.21
85.9, 13.73
86, 13.17
86.1, 12.94
86.2, 12.72
86.3, 12.53
86.4, 12.36
86.5, 12.54
86.6, 12.51
86.7, 12.41
86.8, 12.34
86.9, 12.31
87, 12.36
87.1, 12.32
87.2, 11.84
87.3, 11.23
87.4, 11.15
87.5, 11.23
87.6, 10.85
87.7, 10.33
87.8, 10.37
87.9, 10.5
88, 10.42
88.1, 10.24
88.2, 10.25
88.3, 10.12
88.4, 10.18
88.5, 9.9
88.6, 9.62
88.7, 9.27
88.8, 9.1
88.9, 8.91
89, 8.56
89.1, 8.27
89.2, 7.74
89.3, 7.21
89.4, 6.8
89.5, 6.79
89.6, 6.21
89.7, 5.78
89.8, 5.66
89.9, 5.75
90, 5.71
90.1, 5.58
90.2, 5.52
90.3, 5.4
90.4, 5.24
90.5, 5.3
90.6, 5.44
90.7, 5.74
90.8, 5.84
90.9, 5.67
91, 5.57
91.1, 5.62
91.2, 5.36
91.3, 5.11
91.4, 5.01
91.5, 4.59
91.6, 4.39
91.7, 4.38
91.8, 4.55
91.9, 4.76
92, 4.96
92.1, 4.85
92.2, 4.57
92.3, 4.75
92.4, 5.06
92.5, 5.38
92.6, 5.52
92.7, 5.56
92.8, 5.7
92.9, 5.99
93, 6.15
93.1, 5.97
93.2, 5.99
93.3, 6.22
93.4, 6.48
93.5, 6.68
93.6, 7.01
93.7, 7.17
93.8, 7.44
93.9, 7.68
94, 8.06
94.1, 8.39
94.2, 8.7
94.3, 8.84
94.4, 9.08
94.5, 9.22
94.6, 9.24
94.7, 9.7
94.8, 10.26
94.9, 10.59
95, 10.96
95.1, 11.31
95.2, 11.4
95.3, 11.71
95.4, 12.17
95.5, 12.52
95.6, 12.68
95.7, 12.83
95.8, 12.81
95.9, 13.1
96, 13.42
96.1, 13.62
96.2, 13.66
96.3, 13.64
96.4, 13.98
96.5, 14.19
96.6, 14.78
96.7, 14.98
96.8, 14.7
96.9, 14.52
97, 14.77
97.1, 15.42
97.2, 15.6
97.3, 15.68
97.4, 15.82
97.5, 15.73
97.6, 15.6
97.7, 15.92
97.8, 16.3
97.9, 16.5
98, 16.1
98.1, 15.92
98.2, 16.47
98.3, 17.13
98.4, 17.07
98.5, 16.91
98.6, 16.73
98.7, 16.79
98.8, 17.07
98.9, 17.4
99, 16.92
99.1, 16.75
99.2, 16.82
99.3, 17.42
99.4, 17.82
99.5, 18.19
99.6, 18.19
99.7, 18.03
99.8, 18
99.9, 18.1
100, 18.38
100.1, 18.68
100.2, 18.68
100.3, 18.56
100.4, 18.44
100.5, 18.52
100.6, 16.58
100.7, 13.34
100.8, 10.21
100.9, 10.23
101, 10.58
101.1, 10.59
101.2, 10.72
101.3, 11.15
101.4, 11.55
101.5, 11.98
101.6, 12.08
101.7, 12.43
101.8, 12.78
101.9, 13.04
102, 13.19
102.1, 13.27
102.2, 13.81
102.3, 13.97
102.4, 13.62
102.5, 13.12
102.6, 13.1
102.7, 13.37
102.8, 13.4
102.9, 13.24
103, 13.13
103.1, 13.09
103.2, 12.94
103.3, 12.95
103.4, 13.01
103.5, 12.8
103.6, 12.46
103.7, 12.41
103.8, 12.52
103.9, 12.08
104, 11.48
104.1, 11.39
104.2, 11.82
104.3, 12.41
104.4, 12.32
104.5, 11.68
104.6, 10.95
104.7, 10.59
104.8, 10.18
104.9, 9.88
105, 9.34
105.1, 8.52
105.2, 7.64
105.3, 7.22
105.4, 6.99
105.5, 6.78
105.6, 6.24
105.7, 5.69
105.8, 5.36
105.9, 5.01
106, 4.3
106.1, 4
106.2, 3.8
106.3, 3.58
106.4, 3.11
106.5, 2.85
106.6, 2.49
106.7, 1.97
106.8, 1.4
106.9, 1.17
107, 0.97
107.1, 0.54
107.2, -0.31
107.3, -1.36
107.4, -1.99
107.5, -2.38
107.6, -2.47
107.7, -2.9
107.8, -4.07
107.9, -4.53
108, -4.79
108.1, -4.74
108.2, -4.71
108.3, -5.02
108.4, -5.83
108.5, -6.27
108.6, -6.83
108.7, -6.86
108.8, -7.29
108.9, -7.54
109, -8.29
109.1, -8.45
109.2, -8.3
109.3, -9.27
109.4, -9.7
109.5, -9.58
109.6, -8.85
109.7, -9.07
109.8, -9.15
109.9, -9.1
110, -9.03
110.1, -9.01
110.2, -9.16
110.3, -12.52
110.4, -17.19
110.5, -20.68
110.6, -21.18
110.7, -21.32
110.8, -22.08
110.9, -22.48
111, -22.5
111.1, -22.85
111.2, -23.23
111.3, -23.39
111.4, -23.6
111.5, -24.09
111.6, -24.77
111.7, -25.21
111.8, -25.06
111.9, -25.34
112, -25.84
112.1, -26.1
112.2, -25.71
112.3, -25.32
112.4, -25.5
112.5, -25.91
112.6, -26.26
112.7, -26.5
112.8, -26.62
112.9, -26.23
113, -25.42
113.1, -24.91
113.2, -24.8
113.3, -24.26
113.4, -23.28
113.5, -22.69
113.6, -22.56
113.7, -22.39
113.8, -21.94
113.9, -21.55
114, -21.26
114.1, -20.99
114.2, -20.91
114.3, -20.66
114.4, -20.49
114.5, -20.23
114.6, -20.4
114.7, -20.58
114.8, -21.28
114.9, -21.6
115, -21.27
115.1, -20.73
115.2, -20.82
115.3, -21.15
115.4, -21.33
115.5, -21.22
115.6, -20.61
115.7, -20.02
115.8, -20.21
115.9, -20.39
116, -20.17
116.1, -19.75
116.2, -19.73
116.3, -20
116.4, -20.49
116.5, -20.55
116.6, -20.27
116.7, -20.03
116.8, -20.03
116.9, -20.11
117, -19.87
117.1, -19.54
117.2, -19.53
117.3, -19.68
117.4, -19.47
117.5, -19.19
117.6, -18.97
117.7, -18.83
117.8, -18.88
117.9, -18.99
118, -19.07
118.1, -19.08
118.2, -18.69
118.3, -18.65
118.4, -18.63
118.5, -18.55
118.6, -18.4
118.7, -18.32
118.8, -18.22
118.9, -18.19
119, -18.05
119.1, -17.77
119.2, -17.42
119.3, -17.1
119.4, -17.04
119.5, -16.97
119.6, -16.81
119.7, -16.58
119.8, -16.53
119.9, -16.46
120, -16.35
120.1, -15.89
120.2, -15.63
120.3, -15.22
120.4, -15.06
120.5, -14.85
120.6, -14.93
120.7, -14.8
120.8, -14.53
120.9, -13.72
121, -13.58
121.1, -13.43
121.2, -12.75
121.3, -11.83
121.4, -11.67
121.5, -11.84
121.6, -11.91
121.7, -12.23
121.8, -12.33
121.9, -12.1
122, -11.63
122.1, -11.48
122.2, -11.71
122.3, -11.89
122.4, -12.26
122.5, -12.63
122.6, -13.22
122.7, -14
122.8, -13.75
122.9, -13.28
123, -13.2
123.1, -12.38
123.2, -11.3
123.3, -11.06
123.4, -11.21
123.5, -11.14
123.6, -11
123.7, -11.05
123.8, -11.04
123.9, -10.83
124, -10.68
124.1, -10.57
124.2, -10.52
124.3, -10.42
124.4, -10.26
124.5, -10.17
124.6, -10.01
124.7, -10.65
124.8, -10.49
124.9, -10.47
125, -9.81
125.1, -10.23
125.2, -10.85
125.3, -11.28
125.4, -11.68
125.5, -12.11
125.6, -12.64
125.7, -12.93
125.8, -13.41
125.9, -13.85
126, -14.19
126.1, -14.34
126.2, -14.48
126.3, -15
126.4, -15.51
126.5, -15.93
126.6, -16.28
126.7, -16.39
126.8, -16.81
126.9, -17.23
127, -17.11
127.1, -16.56
127.2, -16.1
127.3, -16
127.4, -16
127.5, -15.97
127.6, -16.06
127.7, -16.2
127.8, -16.33
127.9, -16.54
128, -16.78
128.1, -16.98
128.2, -16.86
128.3, -16.85
128.4, -16.53
128.5, -16.09
128.6, -15.7
128.7, -15.79
128.8, -15.97
128.9, -15.95
129, -15.98
129.1, -16.02
129.2, -16.18
129.3, -16.19
129.4, -16
129.5, -15.86
129.6, -15.61
129.7, -15.22
129.8, -14.93
129.9, -14.84
130, -14.52
130.1, -14.13
130.2, -13.96
130.3, -13.8
130.4, -13.74
130.5, -13.64
130.6, -13.43
130.7, -13.24
130.8, -13.05
130.9, -12.92
131, -12.91
131.1, -12.93
131.2, -12.77
131.3, -12.73
131.4, -12.39
131.5, -11.72
131.6, -11.07
131.7, -10.89
131.8, -10.92
131.9, -10.94
132, -10.82
132.1, -10.57
132.2, -10.38
132.3, -10.24
132.4, -10.2
132.5, -9.89
132.6, -9.74
132.7, -9.63
132.8, -9.59
132.9, -9.44
133, -9.27
133.1, -9.14
133.2, -8.89
133.3, -8.44
133.4, -7.97
133.5, -7.7
133.6, -7.37
133.7, -7.16
133.8, -8.44
133.9, -12.42
134, -16.45
134.1, -16.72
134.2, -16.2
134.3, -15.56
134.4, -14.95
134.5, -14.36
134.6, -13.61
134.7, -12.7
134.8, -12.03
134.9, -11.28
135, -10.49
135.1, -9.76
135.2, -9.16
135.3, -8.69
135.4, -8.06
135.5, -7.06
135.6, -6.01
135.7, -5.36
135.8, -4.85
135.9, -4.35
136, -3.7
136.1, -3.03
136.2, -2.68
136.3, -2.61
136.4, -2.5
136.5, -2.25
136.6, -2.06
136.7, -1.76
136.8, -1.64
136.9, -1.47
137, -1.46
137.1, -1.39
137.2, -1.15
137.3, -1.04
137.4, -1.13
137.5, -1.18
137.6, -0.92
137.7, -0.54
137.8, -0.35
137.9, -0.04
138, 0.13
138.1, 0.2
138.2, 0.41
138.3, 0.67
138.4, 0.88
138.5, 1.07
138.6, 1.17
138.7, 1.29
138.8, 1.62
138.9, 1.89
139, 2.01
139.1, 2.16
139.2, 2.28
139.3, 2.21
139.4, 2.23
139.5, 2.11
139.6, 1.39
139.7, 1.18
139.8, 1.22
139.9, 1.96
140, 2.19
140.1, 2.44
140.2, 2.61
140.3, 2.61
140.4, 2.73
140.5, 3.08
140.6, 3.42
140.7, 3.76
140.8, 4.04
140.9, 4.43
141, 4.75
141.1, 4.71
141.2, 4.74
141.3, 5.05
141.4, 5.73
141.5, 5.99
141.6, 6.15
141.7, 6.26
141.8, 6.2
141.9, 6.22
142, 6.35
142.1, 6.68
142.2, 7.3
142.3, 8.03
142.4, 8.67
142.5, 9.2
142.6, 9.34
142.7, 9.43
142.8, 9.78
142.9, 9.94
143, 10.28
143.1, 10.44
143.2, 11.09
143.3, 11.79
143.4, 11.94
143.5, 12.08
143.6, 12.35
143.7, 12.72
143.8, 13.21
143.9, 13.67
144, 14.08
144.1, 14.43
144.2, 14.87
144.3, 15.26
144.4, 15.83
144.5, 16.42
144.6, 17.07
144.7, 17.62
144.8, 18.27
144.9, 18.95
145, 19.3
145.1, 19.64
145.2, 20.32
145.3, 20.79
145.4, 20.91
145.5, 20.45
145.6, 16.8
145.7, 13.01
145.8, 12.41
145.9, 12.84
146, 13.49
146.1, 13.72
146.2, 13.72
146.3, 13.12
146.4, 13.03
146.5, 13.43
146.6, 14.55
146.7, 14.64
146.8, 14.89
146.9, 14.97
147, 15.17
147.1, 15.66
147.2, 16.07
147.3, 16.11
147.4, 16.16
147.5, 16.2
147.6, 16.34
147.7, 16.42
147.8, 16.52
147.9, 16.55
148, 16.45
148.1, 16.43
148.2, 16.27
148.3, 15.82
148.4, 15.31
148.5, 14.94
148.6, 14.74
148.7, 14.56
148.8, 14.4
148.9, 14.17
149, 13.86
149.1, 13.65
149.2, 13.64
149.3, 13.63
149.4, 13.41
149.5, 13.24
149.6, 13.14
149.7, 13.29
149.8, 13.35
149.9, 13.5
150, 13.35
150.1, 13.07
150.2, 12.99
150.3, 12.62
150.4, 12.3
150.5, 12.06
150.6, 11.85
150.7, 11.86
150.8, 11.85
150.9, 11.68
151, 11.48
151.1, 11.43
151.2, 11.3
151.3, 11.16
151.4, 3.61
151.5, 0.34
151.6, 1.58
151.7, 3.56
151.8, 3.48
151.9, 3.43
152, 3.63
152.1, 3.72
152.2, 3.9
152.3, 3.95
152.4, 4.06
152.5, 4.04
152.6, 3.86
152.7, 3.68
152.8, 3.26
152.9, 2.63
153, 2.44
153.1, 2.53
153.2, 2.94
153.3, 3.4
153.4, 3.64
153.5, 3.6
153.6, 3.53
153.7, 3.55
153.8, 3.85
153.9, 4.1
154, 4.11
154.1, 4.26
154.2, 4.48
154.3, 4.65
154.4, 4.84
154.5, 5.07
154.6, 5.28
154.7, 5.17
154.8, 5.1
154.9, 4.4
155, 2.29
155.1, 0.41
155.2, 0.56
155.3, 0.79
155.4, 1.1
155.5, 1.35
155.6, 1.45
155.7, 1.51
155.8, 1.58
155.9, 1.94
156, 2.21
156.1, 2.16
156.2, 2.01
156.3, 1.85
156.4, 1.78
156.5, 1.92
156.6, 2.15
156.7, 2.29
156.8, 2.35
156.9, 2.47
157, 2.74
157.1, 2.84
157.2, 3.33
157.3, 3.8
157.4, 4.55
157.5, 5.23
157.6, 5.86
157.7, 6.42
157.8, 4.24
157.9, 1.16
158, -1.55
158.1, -0.47
158.2, -0.07
158.3, 0.58
158.4, 1.12
158.5, 1.28
158.6, 1.57
158.7, 1.89
158.8, 2.22
158.9, 2.5
159, 3.02
159.1, 3.66
159.2, 3.61
159.3, 3.71
159.4, 3.93
159.5, 4.3
159.6, 4.49
159.7, 4.66
159.8, 4.73
159.9, 5.03
160, 5.44
160.1, 5.74
160.2, 6.02
160.3, 6.12
160.4, 6.46
160.5, 6.8
160.6, 7.24
160.7, 7.53
160.8, 7.74
160.9, 8.19
161, 8.66
161.1, 9.07
161.2, 8
161.3, 7.78
161.4, 7.41
161.5, 8.49
161.6, 8.31
161.7, 8.06
161.8, 7.87
161.9, 7.55
162, 7.27
162.1, 7.28
162.2, 6.98
162.3, 6.73
162.4, 6.57
162.5, 6.6
162.6, 6.79
162.7, 6.82
162.8, 6.59
162.9, 6.34
163, 6.58
163.1, 6.63
163.2, 6.25
163.3, 5.76
163.4, 5.83
163.5, 5.85
163.6, 5.82
163.7, 5.88
163.8, 6.2
163.9, 6.48
164, 6.62
164.1, 6.48
164.2, 6.43
164.3, 6.31
164.4, 6.08
164.5, 6.38
164.6, 6.76
164.7, 6.67
164.8, 6.68
164.9, 6.9
165, 7.06
165.1, 7.06
165.2, 7.53
165.3, 1.95
165.4, -2.53
165.5, -4.56
165.6, -3.66
165.7, -3.78
165.8, -3.89
165.9, -3.91
166, -3.92
166.1, -4.04
166.2, -4.46
166.3, -4.43
166.4, -3.88
166.5, -3.29
166.6, -2.67
166.7, -2.12
166.8, -1.55
166.9, -1.04
167, -0.4
167.1, 0.25
167.2, 0.54
167.3, 0.92
167.4, 1.22
167.5, 1.36
167.6, 0.78
167.7, -1.34
167.8, -3.52
167.9, -4.17
168, -4.28
168.1, -4.27
168.2, -4.3
168.3, -4.06
168.4, -4.25
168.5, -4.37
168.6, -4.46
168.7, -4.08
168.8, -4.19
168.9, -4.18
169, -4.14
169.1, -4.07
169.2, -8.53
169.3, -10.72
169.4, -10.15
169.5, -9.41
169.6, -9.43
169.7, -9.28
169.8, -8.8
169.9, -8.16
170, -8.05
170.1, -7.95
170.2, -7.6
170.3, -7.16
170.4, -6.73
170.5, -6.28
170.6, -5.62
170.7, -5.23
170.8, -4.87
170.9, -4.33
171, -3.63
171.1, -2.77
171.2, -2.18
171.3, -1.87
171.4, -1.53
171.5, -1.05
171.6, -1.04
171.7, -1.41
171.8, -1.47
171.9, -0.56
172, 0.48
172.1, 0.57
172.2, 0.12
172.3, -0.01
172.4, 0.82
172.5, 1.57
172.6, 2.03
172.7, 2.41
172.8, 0.54
172.9, -2.91
173, -5.72
173.1, -4.39
173.2, -3.96
173.3, -3.61
173.4, -3.42
173.5, -2.99
173.6, -2.79
173.7, -2.75
173.8, -2.45
173.9, -1.89
174, -1.53
174.1, -1.24
174.2, -1.29
174.3, -1.2
174.4, -0.88
174.5, -0.35
174.6, 0.24
174.7, 0.93
174.8, 1.27
174.9, 1.62
175, 2.14
175.1, 2.73
175.2, 3.08
175.3, 3.54
175.4, 3.32
175.5, 3.48
175.6, 3.75
175.7, 3.72
175.8, 3.61
175.9, 3.99
176, 4.17
176.1, 4.06
176.2, 3.97
176.3, 3.88
176.4, 3.93
176.5, 3.8
176.6, 4.05
176.7, 3.99
176.8, 3.87
176.9, 3.82
177, 4.02
177.1, 4.46
177.2, 4.9
177.3, 5.17
177.4, 5.36
177.5, 5.16
177.6, 4.95
177.7, 4.88
177.8, 4.63
177.9, -0.8
178, -4.49
178.1, -5.2
178.2, -4.76
178.3, -4.43
178.4, -3.84
178.5, -3.8
178.6, -3.7
178.7, -3.34
178.8, -2.75
178.9, -2.07
179, -0.98
179.1, -0.2
179.2, 0.05
179.3, 0.33
179.4, 0.72
179.5, 1.1
179.6, 1.37
179.7, 1.88
179.8, 2.34
179.9, 2.64
180, 2.84
180.1, 3.08
180.2, 3.07
180.3, 2.85
180.4, 2.93
180.5, 2.73
180.6, 2.83
180.7, 2.91
180.8, 2.97
180.9, 3.13
181, 3.01
181.1, 2.72
181.2, 2.53
181.3, 2.57
181.4, 2.43
181.5, 2.12
181.6, 2.03
181.7, 1.92
181.8, 1.38
181.9, 0.66
182, 0.23
182.1, 0.17
182.2, 0.8
182.3, 1.29
182.4, 0.98
182.5, 0.81
182.6, 0.7
182.7, 0.43
182.8, -0.05
182.9, -0.45
183, -0.62
183.1, -0.67
183.2, -0.87
183.3, -0.94
183.4, -0.92
183.5, -1.06
183.6, -1.16
183.7, -1.26
183.8, -1.56
183.9, -1.62
184, -1.41
184.1, -1.56
184.2, -1.73
184.3, -1.73
184.4, -1.93
184.5, -1.88
184.6, -2.03
184.7, -2.31
184.8, -2.24
184.9, -2.03
185, -1.57
185.1, -1.75
185.2, -1.76
185.3, -1.84
185.4, -1.43
185.5, -1.24
185.6, -0.9
185.7, -0.97
185.8, -1.14
185.9, -1.75
186, -1.41
186.1, -0.58
186.2, -4.6
186.3, -9.56
186.4, -13.38
186.5, -9.62
186.6, -9.07
186.7, -8.93
186.8, -9.11
186.9, -9.06
187, -8.93
187.1, -8.87
187.2, -8.97
187.3, -8.93
187.4, -9.09
187.5, -9.32
187.6, -9.3
187.7, -8.66
187.8, -7.8
187.9, -7.37
188, -7.11
188.1, -6.84
188.2, -6.37
188.3, -5.63
188.4, -5.17
188.5, -4.76
188.6, -4.43
188.7, -4.49
188.8, -4.49
188.9, -4.32
189, -4.19
189.1, -4.07
189.2, -4.04
189.3, -4.12
189.4, -4.1
189.5, -3.94
189.6, -3.98
189.7, -3.85
189.8, -3.71
189.9, -3.73
190, -3.64
190.1, -3.46
190.2, -3.6
190.3, -3.49
190.4, -3.64
190.5, -4.36
190.6, -6.16
190.7, -7.73
190.8, -8.34
190.9, -8.96
191, -9.57
191.1, -9.94
191.2, -9.66
191.3, -9.76
191.4, -9.94
191.5, -10.33
191.6, -10.36
191.7, -9.75
191.8, -8.91
191.9, -8.24
192, -7.95
192.1, -7.62
192.2, -7.33
192.3, -7.1
192.4, -6.66
192.5, -6.16
192.6, -6.14
192.7, -5.98
192.8, -5.75
192.9, -5.46
193, -5.08
193.1, -4.86
193.2, -4.77
193.3, -4.65
193.4, -4.3
193.5, -4.23
193.6, -3.89
193.7, -3.55
193.8, -2.86
193.9, -2.49
194, -2.35
194.1, -2.35
194.2, -2.23
194.3, -1.93
194.4, -1.98
194.5, -1.64
194.6, -5.71
194.7, -10.57
194.8, -13.75
194.9, -13.51
195, -13.27
195.1, -13.1
195.2, -12.99
195.3, -13.19
195.4, -13.43
195.5, -13.93
195.6, -14.4
195.7, -15.19
195.8, -14.77
195.9, -13.66
196, -12.26
196.1, -11.64
196.2, -11.29
196.3, -10.93
196.4, -10.35
196.5, -9.56
196.6, -8.77
196.7, -8.03
196.8, -7.67
196.9, -7.8
197, -7.69
197.1, -7.37
197.2, -7.21
197.3, -7.5
197.4, -7.39
197.5, -7.17
197.6, -7.04
197.7, -7.08
197.8, -7.19
197.9, -7.76
198, -7.99
198.1, -8.43
198.2, -8.35
198.3, -7.99
198.4, -7.96
198.5, -11.72
198.6, -14.68
198.7, -14.89
198.8, -14.58
198.9, -14.3
199, -14.48
199.1, -14.78
199.2, -14.58
199.3, -14.69
199.4, -14.43
199.5, -13.97
199.6, -13.97
199.7, -14.32
199.8, -14.68
199.9, -14.71
200, -14.88
200.1, -15.13
200.2, -14.68
200.3, -14.26
200.4, -14.14
200.5, -13.8
200.6, -13.27
200.7, -12.59
200.8, -12.34
200.9, -12.02
201, -15.82
201.1, -18.24
201.2, -17.28
201.3, -17.11
201.4, -16.87
201.5, -16.61
201.6, -16.3
201.7, -15.92
201.8, -15.66
201.9, -15.5
202, -15.14
202.1, -14.84
202.2, -14.34
202.3, -13.83
202.4, -13.5
202.5, -13.32
202.6, -12.86
202.7, -12.4
202.8, -12.04
202.9, -11.81
203, -11.5
203.1, -11.22
203.2, -11.11
203.3, -10.91
203.4, -10.31
203.5, -9.69
203.6, -9.1
203.7, -8.54
203.8, -8.19
203.9, -8.17
204, -8.05
204.1, -7.66
204.2, -7.13
204.3, -6.62
204.4, -5.96
204.5, -5.58
204.6, -5.78
204.7, -6.15
204.8, -6.01
204.9, -5.97
205, -5.87
205.1, -5.51
205.2, -5.49
205.3, -5.54
205.4, -5.66
205.5, -5.56
205.6, -5.48
205.7, -5.35
205.8, -5.15
205.9, -5.22
206, -5.26
206.1, -5.27
206.2, -5.38
206.3, -5.49
206.4, -5.43
206.5, -5.31
206.6, -5.4
206.7, -5.19
206.8, -5.11
206.9, -4.93
207, -4.79
207.1, -4.75
207.2, -5.03
207.3, -5.28
207.4, -5.39
207.5, -5.44
207.6, -5.44
207.7, -5.26
207.8, -5.36
207.9, -5.25
208, -5.18
208.1, -4.99
208.2, -4.97
208.3, -4.53
208.4, -4.41
208.5, -6.47
208.6, -10.49
208.7, -13.69
208.8, -13.41
208.9, -13.12
209, -12.98
209.1, -12.81
209.2, -12.1
209.3, -11.38
209.4, -10.72
209.5, -10.28
209.6, -9.82
209.7, -9.14
209.8, -8.56
209.9, -7.68
210, -6.92
210.1, -6.23
210.2, -5.66
210.3, -4.84
210.4, -4.1
210.5, -3.34
210.6, -3.14
210.7, -2.8
210.8, -2.33
210.9, -1.94
211, -1.53
211.1, -1.36
211.2, -1.43
211.3, -0.85
211.4, 0.01
211.5, 0.16
211.6, -0.1
211.7, -0.01
211.8, 0.6
211.9, 0.93
212, 1.19
212.1, 1.42
212.2, 1.53
212.3, 1.5
212.4, -4.75
212.5, -12.71
212.6, -17.14
212.7, -11.97
212.8, -10.67
212.9, -10.73
213, -10.96
213.1, -11.16
213.2, -11.3
213.3, -10.95
213.4, -10.56
213.5, -10.13
213.6, -9.72
213.7, -9.3
213.8, -9
213.9, -8.64
214, -8.46
214.1, -8.22
214.2, -8.21
214.3, -8.04
214.4, -7.76
214.5, -7.55
214.6, -7.08
214.7, -6.9
214.8, -6.77
214.9, -6.77
215, -6.71
215.1, -6.5
215.2, -6.33
215.3, -6.17
215.4, -6.04
215.5, -5.96
215.6, -5.97
215.7, -6.05
215.8, -5.69
215.9, -5.82
216, -6.03
216.1, -6.23
216.2, -5.95
216.3, -5.68
216.4, -5.4
216.5, -5.34
216.6, -5.34
216.7, -5.49
216.8, -5.59
216.9, -5.83
217, -5.89
217.1, -5.99
217.2, -6.26
217.3, -7.03
217.4, -7.38
217.5, -7.23
217.6, -7.09
217.7, -7.03
217.8, -7.08
217.9, -7.02
218, -6.91
218.1, -6.89
218.2, -7.08
218.3, -7.12
218.4, -7.01
218.5, -6.95
218.6, -6.75
218.7, -6.54
218.8, -6.34
218.9, -6.02
219, -5.99
219.1, -6.09
219.2, -5.99
219.3, -5.87
219.4, -5.63
219.5, -5.21
219.6, -4.99
219.7, -5.02
219.8, -4.65
219.9, -4.4
220, -4.37
220.1, -4.03
220.2, -3.74
220.3, -7.85
220.4, -11.06
220.5, -11.8
220.6, -11.45
220.7, -11.29
220.8, -10.77
220.9, -10.56
221, -10.27
221.1, -9.72
221.2, -9.4
221.3, -9.25
221.4, -8.7
221.5, -8.28
221.6, -8.26
221.7, -8.24
221.8, -7.74
221.9, -6.89
222, -5.97
222.1, -5.23
222.2, -4.27
222.3, -3.14
222.4, -2.41
222.5, -1.74
222.6, -3.19
222.7, -5.33
222.8, -7.54
222.9, -6.46
223, -6.38
223.1, -6.36
223.2, -6.19
223.3, -6.01
223.4, -5.83
223.5, -5.67
223.6, -5.81
223.7, -6
223.8, -6.29
223.9, -6.33
224, -6.03
224.1, -5.45
224.2, -5.3
224.3, -5.02
224.4, -4.7
224.5, -4.33
224.6, -4.07
224.7, -3.67
224.8, -3.44
224.9, -3.37
225, -3.22
225.1, -2.71
225.2, -2.15
225.3, -1.34
225.4, -0.77
225.5, -0.38
225.6, -0.01
225.7, 0.39
225.8, 0.63
225.9, 1.03
226, 1.43
226.1, 2.12
226.2, 1.82
226.3, 2.05
226.4, 3.08
226.5, 3.3
226.6, 3.15
226.7, 3.1
226.8, 3.1
226.9, 3.24
227, 3.24
227.1, 3.32
227.2, 3.18
227.3, 3.04
227.4, 3.07
227.5, 3.44
227.6, 3.35
227.7, 3.2
227.8, 3.16
227.9, 2.96
228, 2.82
228.1, 3.05
228.2, 3.02
228.3, 3.03
228.4, 2.96
228.5, 3.06
228.6, 3.09
228.7, 2.72
228.8, 2.2
228.9, 2.29
229, 2.77
229.1, 2.28
229.2, 2.09
229.3, 2.17
229.4, 2.63
229.5, 2.8
229.6, 3.02
229.7, 2.19
229.8, -1.53
229.9, -3.66
230, -2.24
230.1, -1.82
230.2, -1.61
230.3, -1.49
230.4, -1.51
230.5, -1.7
230.6, -1.75
230.7, -1.56
230.8, -1.21
230.9, -0.86
231, -0.49
231.1, -0.17
231.2, -0.12
231.3, -0.12
231.4, -0.09
231.5, -0.01
231.6, -0.13
231.7, 0.15
231.8, 0.55
231.9, 1.32
232, 1.57
232.1, 1.51
232.2, -2.32
232.3, -4.12
232.4, -3.18
232.5, -2.42
232.6, -2.1
232.7, -1.65
232.8, -1.29
232.9, -0.73
233, -0.47
233.1, -0.21
233.2, 0.15
233.3, 0.51
233.4, 0.82
233.5, 1.25
233.6, 1.5
233.7, 1.84
233.8, 1.98
233.9, 2.36
234, 2.67
234.1, 2.57
234.2, 2.32
234.3, 2.31
234.4, 2.48
234.5, 2.34
234.6, 1.81
234.7, 1.9
234.8, 2.5
234.9, 3.17
235, -0.7
235.1, -2.45
235.2, -1.85
235.3, -1.33
235.4, -1.47
235.5, -1.48
235.6, -1.45
235.7, -1.28
235.8, -1.16
235.9, -1.33
236, -1.63
236.1, -2.12
236.2, -2.21
236.3, -2.14
236.4, -1.96
236.5, -1.94
236.6, -2.02
236.7, -2.04
236.8, -1.81
236.9, -2.16
237, -2.17
237.1, -1.96
237.2, -1.99
237.3, -1.85
237.4, -1.62
237.5, -1.16
237.6, -0.25
237.7, 0.27
237.8, 0.72
237.9, 1.06
238, -0.49
238.1, -4.22
238.2, -7.89
238.3, -7.94
238.4, -7.51
238.5, -7.22
238.6, -6.93
238.7, -6.65
238.8, -6.55
238.9, -6.43
239, -5.95
239.1, -5.32
239.2, -4.78
239.3, -4.3
239.4, -3.38
239.5, -2.39
239.6, -1.78
239.7, -1.32
239.8, -0.44
239.9, 0.64
240, 1.28
240.1, 1.87
240.2, 2.4
240.3, 0.4
240.4, -2.79
240.5, -5.33
240.6, -5.22
240.7, -4.9
240.8, -4.77
240.9, -4.67
241, -4.12
241.1, -3.64
241.2, -3.56
241.3, -3.38
241.4, -3.23
241.5, -3.46
241.6, -3.52
241.7, -3.21
241.8, -2.98
241.9, -2.95
242, -3.04
242.1, -3.35
242.2, -3.11
242.3, -2.39
242.4, -4.73
242.5, -7.66
242.6, -9.95
242.7, -8.99
242.8, -8.94
242.9, -8.81
243, -9.08
243.1, -10.19
243.2, -10.68
243.3, -10.57
243.4, -9.4
243.5, -8.66
243.6, -8.28
243.7, -7.85
243.8, -7.12
243.9, -6.62
244, -7.02
244.1, -6.71
244.2, -5.97
244.3, -5.9
244.4, -5.35
244.5, -4.82
244.6, -4.87
244.7, -4.61
244.8, -4.18
244.9, -3.47
245, -2.92
245.1, -2.86
245.2, -3.06
245.3, -2.52
245.4, -1.79
245.5, -1.38
245.6, -1.26
245.7, -1.25
245.8, -1.06
245.9, -1.02
246, -0.71
246.1, -0.53
246.2, -0.17
246.3, -0.05
246.4, -0.67
246.5, -1.04
246.6, -1.26
246.7, -1.31
246.8, -1.26
246.9, -0.92
247, -0.64
247.1, -0.45
247.2, -0.64
247.3, -0.81
247.4, -0.8
247.5, -0.5
247.6, -2.4
247.7, -2.76
247.8, -1.21
247.9, -1.42
248, -1.57
248.1, -1.53
248.2, -1.5
248.3, -1.33
248.4, -1.13
248.5, -0.88
248.6, -0.87
248.7, -1.05
248.8, -1.21
248.9, -1.23
249, -1.43
249.1, -1.3
249.2, -1.21
249.3, -1.38
249.4, -1.35
249.5, -1.14
249.6, -0.73
249.7, -0.65
249.8, -0.61
249.9, -0.71
250, -0.34
250.1, -0.21
250.2, -0.14
250.3, 0
250.4, 0.33
250.5, 0.65
250.6, 0.61
250.7, 0.25
250.8, 0.06
250.9, 0.32
251, 0.68
251.1, 0.83
251.2, 0.75
251.3, 0.86
251.4, 1.1
251.5, 1.15
251.6, 1.17
251.7, 1.11
251.8, 0.96
251.9, 0.98
252, 1.06
252.1, 1.11
252.2, 0.84
252.3, 0.71
252.4, 0.9
252.5, 1.56
252.6, 2.21
252.7, 2.77
252.8, 2.64
252.9, 2.62
253, 2.55
253.1, 2.28
253.2, 1.87
253.3, 2.03
253.4, 2.48
253.5, 2.58
253.6, 2.77
253.7, 2.68
253.8, 2.47
253.9, 2.42
254, 2.41
254.1, 2.57
254.2, 3.03
254.3, 3.45
254.4, 3.68
254.5, 3.76
254.6, 3.83
254.7, 4.07
254.8, 4.43
254.9, 3.25
255, 2.89
255.1, 3.43
255.2, 3.74
255.3, 3.98
255.4, 4.43
255.5, 4.56
255.6, 4.52
255.7, 4.6
255.8, 4.6
255.9, 4.73
256, 5.23
256.1, 5.29
256.2, 5.03
256.3, 4.96
256.4, 5.16
256.5, 5.45
256.6, 5.76
256.7, 5.86
256.8, 5.94
256.9, 6.13
257, 6.13
257.1, 5.97
257.2, 5.84
257.3, 5.87
257.4, 5.98
257.5, 6.45
257.6, 6.66
257.7, 6.83
257.8, 6.85
257.9, 7.12
258, 7.44
258.1, 7.79
258.2, 7.89
258.3, 8.04
258.4, 8.17
258.5, 5.29
258.6, 2.31
258.7, 0.93
258.8, 1.23
258.9, 1.66
259, 2.36
259.1, 2.61
259.2, 2.75
259.3, 3.21
259.4, 3.59
259.5, 3.95
259.6, 4.48
259.7, 5.06
259.8, 5.37
259.9, 5.89
260, 6.37
260.1, 6.79
260.2, 6.92
260.3, 6.69
260.4, 6.55
260.5, 6.39
260.6, 6.72
260.7, 6.79
260.8, 6.74
260.9, 6.4
261, 6.18
261.1, 6.05
261.2, 6.09
261.3, 6.1
261.4, 6.28
261.5, 6.16
261.6, 5.97
261.7, 5.78
261.8, 5.92
261.9, 6
262, 6.16
262.1, 6.31
262.2, 6.38
262.3, 6.32
262.4, 6.21
262.5, 6.13
262.6, 6.29
262.7, 6.14
262.8, 5.72
262.9, 5.39
263, 5.3
263.1, 4.86
263.2, 4.37
263.3, 4.07
263.4, 3.95
263.5, 3.74
263.6, 3.87
263.7, 3.67
263.8, 3.45
263.9, 3.07
264, 2.84
264.1, -0.5
264.2, -3.81
264.3, -5.2
264.4, -4.77
264.5, -4.37
264.6, -4.12
264.7, -4.09
264.8, -3.97
264.9, -3.32
265, -2.52
265.1, -1.99
265.2, -1.95
265.3, -1.62
265.4, -0.99
265.5, -0.75
265.6, -0.71
265.7, -0.28
265.8, 0.28
265.9, 0.7
266, 0.69
266.1, 1.17
266.2, 1.62
266.3, 1.79
266.4, 1.74
266.5, 1.79
266.6, 1.77
266.7, 1.61
266.8, 1.13
266.9, 0.46
267, -0.59
267.1, -0.75
267.2, -0.12
267.3, 0.51
267.4, 0.32
267.5, 0.35
267.6, 0.29
267.7, 0.15
267.8, 0.53
267.9, 0.68
268, 0.22
268.1, 0.09
268.2, 0.03
268.3, -0.41
268.4, -0.67
268.5, -0.59
268.6, -0.73
268.7, -0.59
268.8, -0.66
268.9, -0.99
269, -1.76
269.1, -3.28
269.2, -5.6
269.3, -6.48
269.4, -5.83
269.5, -4.24
269.6, -2.92
269.7, -2.15
269.8, -1.98
269.9, -1.64
270, -1.12
270.1, -0.76
270.2, -0.88
270.3, -0.99
270.4, -1.13
270.5, -1.06
270.6, -0.5
270.7, 0.1
270.8, 0.91
270.9, 1.38
271, 1.84
271.1, 2.05
271.2, 2.47
271.3, 2.85
271.4, 3.34
271.5, 3.33
271.6, 3.47
271.7, 3.6
271.8, 3.93
271.9, 4.19
272, 4.64
272.1, 5.12
272.2, 5.44
272.3, 5.66
272.4, 5.64
272.5, 5.81
272.6, 5.97
272.7, 6.57
272.8, 7.18
272.9, 7.48
273, 7.44
273.1, 7.53
273.2, 7.62
273.3, 7.97
273.4, 8.4
273.5, 8.41
273.6, 7.98
273.7, 7.47
273.8, 7.35
273.9, 7.24
274, 7.23
274.1, 6.89
274.2, 6.42
274.3, 6.3
274.4, 6.23
274.5, 5.85
274.6, 5.34
274.7, 4.9
274.8, 4.65
274.9, 4.38
275, 3.85
275.1, 3.51
275.2, 3.26
275.3, 3.27
275.4, 3.23
275.5, 3.28
275.6, 3.28
275.7, 3.22
275.8, 3.02
275.9, 2.94
276, 0.61
276.1, -1.39
276.2, -1.97
276.3, -1.73
276.4, -1.73
276.5, -1.53
276.6, -0.92
276.7, -0.37
276.8, -0.36
276.9, -0.23
277, -0.13
277.1, 0.09
277.2, 0.38
277.3, 0.84
277.4, 1.04
277.5, 1.22
277.6, 1.45
277.7, 1.79
277.8, 1.93
277.9, 1.85
278, 2.43
278.1, 2.93
278.2, 3.13
278.3, 2.92
278.4, 2.97
278.5, 2.97
278.6, 3.24
278.7, 3.48
278.8, 3.66
278.9, 3.71
279, 3.85
279.1, 4.04
279.2, 4.37
279.3, 4.47
279.4, 4.55
279.5, 4.68
279.6, 2.72
279.7, -1.01
279.8, -4.65
279.9, -4.42
280, -4.09
280.1, -3.31
280.2, -2.31
280.3, -2.04
280.4, -1.91
280.5, -1.41
280.6, -0.51
280.7, 0.13
280.8, 0.51
280.9, 1.16
281, 1.43
281.1, 1.58
281.2, 0.83
281.3, 0.14
281.4, -0.29
281.5, -0.42
281.6, -0.31
281.7, -0.28
281.8, -0.1
281.9, 0.34
282, 1.09
282.1, 1.63
282.2, 2.25
282.3, 2.52
282.4, 2.82
282.5, 3.08
282.6, 3.56
282.7, 3.78
282.8, 3.78
282.9, 3.42
283, 2.92
283.1, 2.14
283.2, 1.99
283.3, 2.46
283.4, 2.79
283.5, 2.54
283.6, 2.68
283.7, 3.19
283.8, 3.76
283.9, 3.69
284, 3.7
284.1, 4.31
284.2, 5.19
284.3, 5.44
284.4, 5.57
284.5, 5.75
284.6, 6.06
284.7, 5.6
284.8, 1.09
284.9, -2.99
285, -3.73
285.1, -3.24
285.2, -2.89
285.3, -2.72
285.4, -2.91
285.5, -2.93
285.6, -2.36
285.7, -1.61
285.8, -0.78
285.9, -0.71
286, -0.51
286.1, -0.06
286.2, 0.12
286.3, 0.34
286.4, 0.77
286.5, 1.24
286.6, 1.74
286.7, 2.15
286.8, 2.53
286.9, 2.32
287, 2.42
287.1, 2.72
287.2, 2.96
287.3, 2.93
287.4, 3.45
287.5, 4.22
287.6, 5.04
287.7, 5.55
287.8, 5.81
287.9, -0.48
288, -4.66
288.1, -5.08
288.2, -4.28
288.3, -3.96
288.4, -3.58
288.5, -3.54
288.6, -3.58
288.7, -3.57
288.8, -3.36
288.9, -2.99
289, -2.76
289.1, -2.67
289.2, -2.34
289.3, -2.06
289.4, -2.07
289.5, -1.83
289.6, -1.47
289.7, -1.16
289.8, -0.7
289.9, -0.21
290, 0.36
290.1, 1.07
290.2, 1.56
290.3, 1.48
290.4, 1.63
290.5, 1.87
290.6, 2.23
290.7, 2.3
290.8, 1.89
290.9, 0.94
291, 0.99
291.1, 2.53
291.2, 2.52
291.3, 2.21
291.4, 2.33
291.5, 2.51
291.6, 2.77
291.7, 3.2
291.8, 3.16
291.9, 2.97
292, 3.05
292.1, 3.03
292.2, 2.87
292.3, 2.71
292.4, 2.77
292.5, 2.97
292.6, 2.98
292.7, 3.06
292.8, 3.17
292.9, 3.09
293, 3.22
293.1, 3.52
293.2, 3.49
293.3, 3.02
293.4, 3.35
293.5, 3.76
293.6, 3.8
293.7, 3.86
293.8, 4.03
293.9, 0.48
294, -2.72
294.1, -3.28
294.2, -2.69
294.3, -2.32
294.4, -2.04
294.5, -1.88
294.6, -1.35
294.7, -1.06
294.8, -0.44
294.9, 0.09
295, 0.16
295.1, 0.41
295.2, 0.98
295.3, 1.36
295.4, 0.51
295.5, 0.42
295.6, 0.22
295.7, 1.72
295.8, 2.63
295.9, 3.79
296, 4.52
296.1, 4.88
296.2, 4.86
296.3, 4.66
296.4, 4.45
296.5, 4.27
296.6, 4.48
296.7, 5.09
296.8, 5.32
296.9, 5.49
297, 5.74
297.1, 5.87
297.2, 6.13
297.3, 6.12
297.4, 6.13
297.5, 3.93
297.6, 1.25
297.7, -0.81
297.8, -0.4
297.9, -0.43
298, -0.3
298.1, 0.06
298.2, 0.13
298.3, 0.17
298.4, 0.44
298.5, 0.71
298.6, 0.94
298.7, 1.07
298.8, 1.52
298.9, 1.65
299, 1.81
299.1, 1.86
299.2, 2.11
299.3, 2.41
299.4, 3.17
299.5, 3.72
299.6, 4.07
299.7, 4.22
299.8, 4.96
299.9, 1.19
300, -3.01
301, -3.01
301.1, -1.68
ENDTABLE
#RadioCtrl0 0    
#RadioCtrl1 1    



#EMBEDDED_NOTES
#Road roughness is elevation of the road that is added under the tires as the vehicle travels. It is not seen in the animator.
#
#Rough Road 01:
#
#Tilted and Faulted PCC
#242 in/mi (3.82 m/km) IRI
#Test Road Speed Limit = 70 mph (112.65 kph)
#M-14 East, MP 11
#Distress was severe, Traffic slows
#
#PCC = Portland Cement Concrete
#IRI = International Roughness Index
#END_EMBEDDED_NOTES

LOG_ENTRY Used Dataset: Surface: Roughness Profiles; { Road Roughness: Sample Data } Rough Road 01 - 242 in/mi (3.82 m/km)
#Library : Surface: Roughness Profiles
#DataSet : Rough Road 01 - 242 in/mi (3.82 m/km)
#Category: Road Roughness: Sample Data
#FileID  : Profile_d5b59745-2c90-4117-914c-35be92506471
#Product : TruckSim 2020.1
#VehCode Roughness Profile

END
