PARSFILE
#FullDataName Surface: Roughness Profiles`Rough Road 04 - 55 in/mi (0.87 m/km)`Road Roughness: Sample Data
#CheckBox0 0    

#RingCtrl0 LINEAR_LOOP
#DiagramOne0
ISIDE 1
Z_PROFILE_TABLE LINEAR_LOOP
0, -0.04
0.1, 0.14
0.2, 0.26
0.3, 0.37
0.4, 0.45
0.5, 0.43
0.6, 0.48
0.7, 0.61
0.8, 0.83
0.9, 0.9
1, 0.78
1.1, 0.76
1.2, 0.85
1.3, 1.01
1.4, 1.02
1.5, 0.9
1.6, 0.91
1.7, 0.89
1.8, 1.04
1.9, 0.99
2, 0.97
2.1, 0.9
2.2, 0.95
2.3, 1.04
2.4, 1.2
2.5, 1.11
2.6, 1.24
2.7, 1.29
2.8, 1.28
2.9, 1.41
3, 1.41
3.1, 1.38
3.2, 1.41
3.3, 1.5
3.4, 1.46
3.5, 1.5
3.6, 1.47
3.7, 1.42
3.8, 1.59
3.9, 1.76
4, 1.86
4.1, 1.74
4.2, 1.63
4.3, 1.64
4.4, 1.69
4.5, 1.78
4.6, 1.77
4.7, 1.71
4.8, 1.6
4.9, 1.51
5, 1.56
5.1, 1.55
5.2, 1.42
5.3, 1.47
5.4, 1.53
5.5, 1.66
5.6, 1.53
5.7, 1.45
5.8, 1.35
5.9, 1.33
6, 1.44
6.1, 1.38
6.2, 1.13
6.3, 1.05
6.4, 1.06
6.5, 1.07
6.6, 1.06
6.7, 1.04
6.8, 0.95
6.9, 0.83
7, 0.84
7.1, 0.95
7.2, 1.08
7.3, 0.89
7.4, 0.48
7.5, 0.43
7.6, 0.5
7.7, 0.59
7.8, 0.59
7.9, 0.55
8, 0.47
8.1, 0.37
8.2, 0.38
8.3, 0.38
8.4, 0.37
8.5, 0.26
8.6, 0.25
8.7, 0.18
8.8, -0.06
8.9, -0.12
9, -0.01
9.1, 0
9.2, -0.12
9.3, -0.24
9.4, -0.35
9.5, -0.21
9.6, -0.28
9.7, -0.4
9.8, -0.82
9.9, -1.41
10, -1.91
10.1, -2.16
10.2, -2.12
10.3, -1.99
10.4, -1.78
10.5, -1.64
10.6, -1.41
10.7, -1.43
10.8, -1.55
10.9, -1.49
11, -1.28
11.1, -1.21
11.2, -1.37
11.3, -1.55
11.4, -1.5
11.5, -1.41
11.6, -1.43
11.7, -1.55
11.8, -1.63
11.9, -1.63
12, -1.58
12.1, -1.59
12.2, -1.67
12.3, -1.67
12.4, -1.65
12.5, -1.5
12.6, -1.44
12.7, -1.49
12.8, -1.5
12.9, -1.58
13, -1.5
13.1, -1.41
13.2, -1.18
13.3, -1.12
13.4, -1.04
13.5, -0.93
13.6, -0.81
13.7, -0.7
13.8, -0.74
13.9, -0.83
14, -0.8
14.1, -0.84
14.2, -0.76
14.3, -0.78
14.4, -0.74
14.5, -0.71
14.6, -0.64
14.7, -0.85
14.8, -0.96
14.9, -0.96
15, -0.8
15.1, -0.57
15.2, -0.57
15.3, -0.54
15.4, -0.52
15.5, -0.27
15.6, -0.08
15.7, 0
15.8, 0
15.9, -0.02
16, -0.05
16.1, 0.12
16.2, 0.2
16.3, 0.23
16.4, 0.24
16.5, 0.15
16.6, 0.16
16.7, 0.22
16.8, 0.41
16.9, 0.5
17, 0.64
17.1, 0.44
17.2, 0.35
17.3, 0.15
17.4, 0.12
17.5, -0.15
17.6, -0.34
17.7, -0.24
17.8, -0.32
17.9, -0.27
18, -0.35
18.1, -0.31
18.2, -0.39
18.3, -0.54
18.4, -0.49
18.5, -0.39
18.6, -0.1
18.7, -0.09
18.8, -0.06
18.9, -0.02
19, 0.01
19.1, 0.4
19.2, 0.71
19.3, 0.74
19.4, 0.8
19.5, 1.02
19.6, 1.36
19.7, 1.48
19.8, 1.57
19.9, 1.52
20, 1.51
20.1, 1.71
20.2, 1.88
20.3, 2.02
20.4, 1.91
20.5, 1.9
20.6, 1.86
20.7, 2.04
20.8, 2.16
20.9, 2.15
21, 2.31
21.1, 2.44
21.2, 2.48
21.3, 2.32
21.4, 2.28
21.5, 2.68
21.6, 2.94
21.7, 3.06
21.8, 3.08
21.9, 3.33
22, 3.63
22.1, 3.66
22.2, 3.5
22.3, 3.43
22.4, 3.4
22.5, 3.44
22.6, 3.42
22.7, 3.33
22.8, 3.58
22.9, 3.78
23, 3.84
23.1, 3.76
23.2, 3.62
23.3, 3.69
23.4, 3.75
23.5, 3.76
23.6, 3.65
23.7, 3.73
23.8, 3.83
23.9, 3.7
24, 3.56
24.1, 3.47
24.2, 3.57
24.3, 3.58
24.4, 3.57
24.5, 3.62
24.6, 3.78
24.7, 3.85
24.8, 3.84
24.9, 3.87
25, 3.81
25.1, 3.83
25.2, 3.8
25.3, 3.91
25.4, 3.83
25.5, 3.73
25.6, 3.53
25.7, 3.56
25.8, 3.9
25.9, 4.1
26, 4.09
26.1, 3.88
26.2, 3.49
26.3, 3.27
26.4, 3.14
26.5, 3.06
26.6, 2.78
26.7, 2.66
26.8, 2.87
26.9, 2.86
27, 2.69
27.1, 2.72
27.2, 2.74
27.3, 2.76
27.4, 2.6
27.5, 2.4
27.6, 2.3
27.7, 2.12
27.8, 2.3
27.9, 2.35
28, 2.36
28.1, 2.42
28.2, 2.47
28.3, 2.5
28.4, 2.43
28.5, 2.39
28.6, 2.49
28.7, 2.55
28.8, 2.48
28.9, 2.38
29, 2.4
29.1, 2.48
29.2, 2.69
29.3, 2.83
29.4, 2.77
29.5, 2.6
29.6, 2.63
29.7, 2.5
29.8, 2.26
29.9, 2.05
30, 1.9
30.1, 1.87
30.2, 1.85
30.3, 1.82
30.4, 1.73
30.5, 1.84
30.6, 1.86
30.7, 1.68
30.8, 1.61
30.9, 1.71
31, 1.82
31.1, 1.68
31.2, 1.52
31.3, 1.55
31.4, 1.71
31.5, 1.65
31.6, 1.45
31.7, 1.35
31.8, 1.37
31.9, 1.27
32, 1.16
32.1, 1
32.2, 0.93
32.3, 0.8
32.4, 0.63
32.5, 0.45
32.6, 0.54
32.7, 0.56
32.8, 0.56
32.9, 0.49
33, 0.44
33.1, 0.33
33.2, 0.2
33.3, 0.22
33.4, 0.12
33.5, -0.06
33.6, -0.23
33.7, -0.22
33.8, -0.34
33.9, -0.48
34, -0.55
34.1, -0.73
34.2, -0.71
34.3, -0.8
34.4, -0.94
34.5, -1.18
34.6, -1.41
34.7, -1.45
34.8, -1.5
34.9, -1.39
35, -1.33
35.1, -1.31
35.2, -1.36
35.3, -1.58
35.4, -1.65
35.5, -1.67
35.6, -1.68
35.7, -1.68
35.8, -1.71
35.9, -1.69
36, -1.84
36.1, -1.74
36.2, -1.68
36.3, -1.64
36.4, -1.79
36.5, -1.69
36.6, -1.75
36.7, -1.81
36.8, -1.8
36.9, -1.95
37, -1.72
37.1, -1.62
37.2, -1.54
37.3, -1.73
37.4, -1.8
37.5, -2.08
37.6, -1.91
37.7, -1.68
37.8, -1.77
37.9, -1.83
38, -1.72
38.1, -1.65
38.2, -1.71
38.3, -1.84
38.4, -1.87
38.5, -1.89
38.6, -1.92
38.7, -1.83
38.8, -1.79
38.9, -1.92
39, -1.9
39.1, -2.15
39.2, -2.44
39.3, -2.35
39.4, -1.99
39.5, -1.92
39.6, -1.83
39.7, -1.61
39.8, -1.6
39.9, -1.47
40, -1.49
40.1, -1.31
40.2, -1.12
40.3, -1.15
40.4, -1.08
40.5, -1.1
40.6, -1.02
40.7, -0.96
40.8, -0.74
40.9, -0.45
41, -0.22
41.1, -0.15
41.2, 0
41.3, 0.18
41.4, 0.35
41.5, 0.2
41.6, 0.07
41.7, 0.36
41.8, 0.69
41.9, 1.03
42, 1.15
42.1, 1.29
42.2, 1.29
42.3, 1.25
42.4, 1.19
42.5, 1.33
42.6, 1.52
42.7, 1.48
42.8, 1.3
42.9, 1.1
43, 0.94
43.1, 1
43.2, 1.07
43.3, 1.31
43.4, 1.67
43.5, 2.14
43.6, 2.42
43.7, 2.61
43.8, 2.8
43.9, 3.07
44, 3.26
44.1, 3.33
44.2, 3.38
44.3, 3.52
44.4, 3.53
44.5, 3.46
44.6, 3.48
44.7, 3.71
44.8, 3.91
44.9, 4.15
45, 4.18
45.1, 3.99
45.2, 3.87
45.3, 4.04
45.4, 4.36
45.5, 4.51
45.6, 4.39
45.7, 4.35
45.8, 4.26
45.9, 4.21
46, 4.34
46.1, 4.52
46.2, 4.3
46.3, 4.26
46.4, 4.15
46.5, 4.14
46.6, 3.95
46.7, 3.96
46.8, 4.01
46.9, 4.05
47, 4.11
47.1, 4.18
47.2, 4.13
47.3, 4.05
47.4, 3.97
47.5, 3.89
47.6, 3.83
47.7, 3.87
47.8, 3.96
47.9, 3.91
48, 3.72
48.1, 3.41
48.2, 3.04
48.3, 2.92
48.4, 2.91
48.5, 2.78
48.6, 2.72
48.7, 2.78
48.8, 2.83
48.9, 2.85
49, 2.72
49.1, 2.58
49.2, 2.55
49.3, 2.42
49.4, 2.36
49.5, 2.32
49.6, 2.15
49.7, 1.98
49.8, 1.96
49.9, 1.95
50, 1.91
50.1, 1.82
50.2, 1.71
50.3, 1.65
50.4, 1.41
50.5, 1.27
50.6, 1.1
50.7, 1.04
50.8, 0.79
50.9, 0.63
51, 0.19
51.1, 0.07
51.2, -0.01
51.3, -0.04
51.4, -0.29
51.5, -0.46
51.6, -0.49
51.7, -0.72
51.8, -0.87
51.9, -1.14
52, -1.32
52.1, -1.43
52.2, -1.51
52.3, -1.73
52.4, -1.76
52.5, -1.78
52.6, -1.92
52.7, -2.07
52.8, -2.15
52.9, -2.31
53, -2.66
53.1, -2.71
53.2, -2.69
53.3, -2.71
53.4, -2.96
53.5, -3.17
53.6, -3.28
53.7, -3.6
53.8, -3.83
53.9, -3.98
54, -3.97
54.1, -4.1
54.2, -4.22
54.3, -4.19
54.4, -4.21
54.5, -4.3
54.6, -4.5
54.7, -4.69
54.8, -4.8
54.9, -4.87
55, -5.04
55.1, -5.03
55.2, -5.02
55.3, -5.26
55.4, -5.42
55.5, -5.43
55.6, -5.49
55.7, -5.55
55.8, -5.53
55.9, -5.5
56, -5.5
56.1, -5.51
56.2, -5.57
56.3, -5.75
56.4, -5.9
56.5, -5.98
56.6, -5.92
56.7, -5.86
56.8, -5.72
56.9, -5.73
57, -5.75
57.1, -5.78
57.2, -5.81
57.3, -5.9
57.4, -5.88
57.5, -5.78
57.6, -5.81
57.7, -5.9
57.8, -6.01
57.9, -5.98
58, -6
58.1, -6.2
58.2, -6.33
58.3, -6.26
58.4, -6.11
58.5, -6.12
58.6, -6.16
58.7, -6.02
58.8, -5.93
58.9, -5.92
59, -5.99
59.1, -6.03
59.2, -6.14
59.3, -6.09
59.4, -5.96
59.5, -5.9
59.6, -5.64
59.7, -5.24
59.8, -5.03
59.9, -5.03
60, -5.16
60.1, -5.13
60.2, -4.96
60.3, -4.87
60.4, -4.84
60.5, -4.85
60.6, -4.83
60.7, -4.81
60.8, -4.86
60.9, -4.83
61, -4.77
61.1, -4.8
61.2, -4.98
61.3, -5.21
61.4, -5.39
61.5, -5.37
61.6, -5.26
61.7, -5.2
61.8, -5.13
61.9, -5.01
62, -4.97
62.1, -5.03
62.2, -5.14
62.3, -4.94
62.4, -4.81
62.5, -4.78
62.6, -4.79
62.7, -4.82
62.8, -4.81
62.9, -4.81
63, -4.82
63.1, -4.87
63.2, -4.97
63.3, -5.03
63.4, -4.91
63.5, -4.79
63.6, -4.91
63.7, -4.89
63.8, -4.94
63.9, -4.91
64, -4.93
64.1, -4.94
64.2, -4.98
64.3, -5.22
64.4, -5.22
64.5, -5.12
64.6, -5.12
64.7, -5.23
64.8, -5.27
64.9, -5.28
65, -5.38
65.1, -5.57
65.2, -5.73
65.3, -5.78
65.4, -5.68
65.5, -5.76
65.6, -5.82
65.7, -5.88
65.8, -6.11
65.9, -6.05
66, -5.96
66.1, -5.91
66.2, -6.07
66.3, -6.14
66.4, -6.27
66.5, -6.46
66.6, -6.66
66.7, -6.78
66.8, -6.85
66.9, -6.86
67, -6.98
67.1, -7.05
67.2, -7.22
67.3, -7.36
67.4, -7.44
67.5, -7.59
67.6, -7.71
67.7, -7.93
67.8, -8.04
67.9, -8.13
68, -8.14
68.1, -8.31
68.2, -8.57
68.3, -8.81
68.4, -8.91
68.5, -8.95
68.6, -9.03
68.7, -9.34
68.8, -9.6
68.9, -9.78
69, -9.58
69.1, -9.57
69.2, -9.55
69.3, -9.69
69.4, -9.84
69.5, -10.31
69.6, -10.65
69.7, -10.86
69.8, -10.77
69.9, -10.9
70, -11
70.1, -10.85
70.2, -10.74
70.3, -10.7
70.4, -10.92
70.5, -11.08
70.6, -11.2
70.7, -11.17
70.8, -11.21
70.9, -11.15
71, -11.02
71.1, -11.06
71.2, -11.2
71.3, -11.19
71.4, -11.18
71.5, -11.24
71.6, -11.17
71.7, -11.05
71.8, -11
71.9, -10.99
72, -11.02
72.1, -11
72.2, -10.96
72.3, -10.95
72.4, -10.89
72.5, -10.82
72.6, -10.82
72.7, -10.85
72.8, -11.06
72.9, -11.18
73, -11.22
73.1, -11.27
73.2, -11.21
73.3, -11.11
73.4, -11.13
73.5, -11.11
73.6, -11.01
73.7, -10.95
73.8, -10.89
73.9, -10.78
74, -10.64
74.1, -10.48
74.2, -10.36
74.3, -10.41
74.4, -10.4
74.5, -10.32
74.6, -10.29
74.7, -10.18
74.8, -10.04
74.9, -9.94
75, -9.82
75.1, -9.6
75.2, -9.38
75.3, -9.5
75.4, -9.49
75.5, -9.35
75.6, -9.21
75.7, -8.99
75.8, -8.97
75.9, -8.97
76, -8.83
76.1, -8.69
76.2, -8.46
76.3, -8.42
76.4, -8.43
76.5, -8.32
76.6, -8.33
76.7, -8.27
76.8, -8.35
76.9, -8.32
77, -8.42
77.1, -8.32
77.2, -8.18
77.3, -7.9
77.4, -7.8
77.5, -7.57
77.6, -7.47
77.7, -7.34
77.8, -7.16
77.9, -7.07
78, -7.12
78.1, -7.04
78.2, -6.86
78.3, -6.62
78.4, -6.52
78.5, -6.28
78.6, -6.16
78.7, -6
78.8, -5.77
78.9, -5.67
79, -5.54
79.1, -5.41
79.2, -5.17
79.3, -5.13
79.4, -5.08
79.5, -4.99
79.6, -5
79.7, -5
79.8, -4.7
79.9, -4.63
80, -4.51
80.1, -4.42
80.2, -4.36
80.3, -4.09
80.4, -3.88
80.5, -3.64
80.6, -3.55
80.7, -3.44
80.8, -3.42
80.9, -3.26
81, -3.16
81.1, -3.05
81.2, -3.01
81.3, -2.78
81.4, -2.53
81.5, -2.6
81.6, -2.46
81.7, -2.34
81.8, -2.09
81.9, -1.82
82, -1.63
82.1, -1.62
82.2, -1.55
82.3, -1.33
82.4, -1.37
82.5, -1.47
82.6, -1.27
82.7, -1.04
82.8, -0.78
82.9, -0.57
83, -0.42
83.1, -0.4
83.2, -0.46
83.3, -0.33
83.4, 0.27
83.5, 1.06
83.6, 1.57
83.7, 1.66
83.8, 1.34
83.9, 1.19
84, 1.26
84.1, 1.28
84.2, 1.08
84.3, 0.95
84.4, 1.18
84.5, 1.49
84.6, 1.72
84.7, 1.66
84.8, 1.9
84.9, 1.9
85, 1.73
85.1, 1.78
85.2, 1.99
85.3, 2.14
85.4, 2.34
85.5, 2.47
85.6, 2.6
85.7, 2.72
85.8, 2.78
85.9, 2.94
86, 3.03
86.1, 3.18
86.2, 3.07
86.3, 3.11
86.4, 3.17
86.5, 3.38
86.6, 3.65
86.7, 4.01
86.8, 4.47
86.9, 4.85
87, 5.04
87.1, 5.28
87.2, 5.44
87.3, 5.49
87.4, 5.43
87.5, 5.37
87.6, 5.4
87.7, 5.47
87.8, 5.54
87.9, 5.64
88, 5.82
88.1, 6.03
88.2, 6.2
88.3, 6.27
88.4, 6.33
88.5, 6.5
88.6, 6.85
88.7, 7.15
88.8, 7.35
88.9, 7.5
89, 7.65
89.1, 7.78
89.2, 8.01
89.3, 8.15
89.4, 8.42
89.5, 8.6
89.6, 8.71
89.7, 8.81
89.8, 9.09
89.9, 9.27
90, 9.33
90.1, 9.41
90.2, 9.48
90.3, 9.52
90.4, 9.61
90.5, 10.06
90.6, 10.25
90.7, 10.43
90.8, 10.56
90.9, 10.73
91, 10.74
91.1, 10.99
91.2, 11.1
91.3, 11.03
91.4, 11.11
91.5, 11.31
91.6, 11.58
91.7, 11.49
91.8, 11.49
91.9, 11.67
92, 11.68
92.1, 11.9
92.2, 11.9
92.3, 11.96
92.4, 12.05
92.5, 12.13
92.6, 12.17
92.7, 12.15
92.8, 12.14
92.9, 12.24
93, 12.43
93.1, 12.55
93.2, 12.61
93.3, 12.71
93.4, 12.69
93.5, 12.68
93.6, 12.68
93.7, 12.76
93.8, 12.87
93.9, 12.91
94, 12.89
94.1, 13.01
94.2, 13.05
94.3, 13.09
94.4, 13.05
94.5, 13.12
94.6, 13.11
94.7, 12.88
94.8, 12.69
94.9, 12.61
95, 12.56
95.1, 12.45
95.2, 12.49
95.3, 12.54
95.4, 12.43
95.5, 12.61
95.6, 12.6
95.7, 12.84
95.8, 13.01
95.9, 12.94
96, 12.85
96.1, 13.01
96.2, 12.91
96.3, 12.76
96.4, 12.71
96.5, 12.72
96.6, 12.72
96.7, 12.58
96.8, 12.41
96.9, 12.15
97, 12.17
97.1, 12.23
97.2, 12.1
97.3, 11.93
97.4, 11.89
97.5, 11.82
97.6, 11.61
97.7, 11.37
97.8, 11.21
97.9, 11.17
98, 11.22
98.1, 10.92
98.2, 10.72
98.3, 10.5
98.4, 10.62
98.5, 10.53
98.6, 10.46
98.7, 10.18
98.8, 9.83
98.9, 9.58
99, 9.53
99.1, 9.24
99.2, 9
99.3, 8.77
99.4, 8.68
99.5, 8.63
99.6, 8.68
99.7, 8.52
99.8, 8.28
99.9, 8.04
100, 7.86
100.1, 7.71
100.2, 7.63
100.3, 7.52
100.4, 7.39
100.5, 7.16
100.6, 6.91
100.7, 6.78
100.8, 6.68
100.9, 6.57
101, 6.51
101.1, 6.26
101.2, 6.1
101.3, 5.76
101.4, 5.71
101.5, 5.52
101.6, 5.41
101.7, 5.24
101.8, 5.24
101.9, 4.98
102, 4.77
102.1, 4.6
102.2, 4.44
102.3, 4.35
102.4, 4.27
102.5, 4.05
102.6, 3.82
102.7, 3.64
102.8, 3.66
102.9, 3.43
103, 3.46
103.1, 3.39
103.2, 3.27
103.3, 3.15
103.4, 3.01
103.5, 2.9
103.6, 2.72
103.7, 2.63
103.8, 2.63
103.9, 2.63
104, 2.61
104.1, 2.4
104.2, 2.11
104.3, 1.84
104.4, 1.71
104.5, 1.71
104.6, 1.57
104.7, 1.24
104.8, 1.09
104.9, 0.86
105, 0.68
105.1, 0.58
105.2, 0.47
105.3, 0.26
105.4, -0.05
105.5, -0.34
105.6, -0.58
105.7, -0.73
105.8, -0.87
105.9, -0.96
106, -1.22
106.1, -1.54
106.2, -1.74
106.3, -1.97
106.4, -2.25
106.5, -2.44
106.6, -2.43
106.7, -2.71
106.8, -3.04
106.9, -3.18
107, -3.14
107.1, -3.32
107.2, -3.53
107.3, -3.84
107.4, -3.86
107.5, -4.15
107.6, -4.3
107.7, -4.61
107.8, -4.6
107.9, -4.52
108, -4.82
108.1, -5.03
108.2, -5.09
108.3, -4.85
108.4, -4.86
108.5, -5.18
108.6, -5.64
108.7, -5.77
108.8, -5.97
108.9, -6.12
109, -6.22
109.1, -6.38
109.2, -6.57
109.3, -6.73
109.4, -7.01
109.5, -7.15
109.6, -7.29
109.7, -7.43
109.8, -7.53
109.9, -7.67
110, -7.9
110.1, -8.2
110.2, -8.28
110.3, -8.24
110.4, -8.16
110.5, -8.46
110.6, -8.73
110.7, -8.95
110.8, -8.9
110.9, -8.98
111, -9.16
111.1, -9.29
111.2, -9.41
111.3, -9.52
111.4, -9.63
111.5, -9.85
111.6, -10
111.7, -10.05
111.8, -10.19
111.9, -10.29
112, -10.29
112.1, -10.44
112.2, -10.71
112.3, -10.99
112.4, -11.01
112.5, -10.97
112.6, -10.76
112.7, -10.73
112.8, -10.74
112.9, -10.8
113, -10.82
113.1, -10.75
113.2, -10.91
113.3, -10.92
113.4, -10.95
113.5, -10.96
113.6, -10.96
113.7, -10.95
113.8, -10.92
113.9, -11.07
114, -11.23
114.1, -11.64
114.2, -11.78
114.3, -11.43
114.4, -11.22
114.5, -11.31
114.6, -11.2
114.7, -11.01
114.8, -10.89
114.9, -10.83
115, -10.75
115.1, -10.48
115.2, -10.27
115.3, -10.19
115.4, -10.23
115.5, -10.25
115.6, -10.21
115.7, -9.98
115.8, -9.87
115.9, -9.83
116, -9.74
116.1, -9.65
116.2, -9.37
116.3, -9.26
116.4, -9.15
116.5, -8.86
116.6, -8.53
116.7, -8.34
116.8, -8.22
116.9, -8.12
117, -8.13
117.1, -7.93
117.2, -7.74
117.3, -7.34
117.4, -7.08
117.5, -6.82
117.6, -6.7
117.7, -6.47
117.8, -6.24
117.9, -6.14
118, -5.88
118.1, -5.5
118.2, -5.28
118.3, -5.21
118.4, -5.17
118.5, -5.1
118.6, -4.78
118.7, -4.6
118.8, -4.36
118.9, -4.07
119, -3.73
119.1, -3.37
119.2, -3.17
119.3, -2.8
119.4, -2.57
119.5, -2.26
119.6, -1.93
119.7, -1.58
119.8, -1.39
119.9, -1.14
120, -1.06
120.1, -0.91
120.2, -0.69
120.3, -0.44
120.4, -0.3
120.5, 0.08
120.6, 0.39
120.7, 0.51
120.8, 0.68
120.9, 1.02
121, 1.27
121.1, 1.41
121.2, 1.68
121.3, 1.96
121.4, 2.18
121.5, 2.39
121.6, 2.56
121.7, 2.85
121.8, 3.19
121.9, 3.37
122, 3.54
122.1, 3.9
122.2, 4.12
122.3, 4.4
122.4, 4.5
122.5, 4.63
122.6, 4.72
122.7, 4.77
122.8, 4.84
122.9, 5.19
123, 5.37
123.1, 5.57
123.2, 5.72
123.3, 5.9
123.4, 6.18
123.5, 6.55
123.6, 6.78
123.7, 6.97
123.8, 7.16
123.9, 7.42
124, 7.53
124.1, 7.66
124.2, 7.77
124.3, 7.91
124.4, 8.18
124.5, 8.21
124.6, 8.33
124.7, 8.46
124.8, 8.49
124.9, 8.6
125, 8.66
125.1, 8.82
125.2, 8.96
125.3, 9.13
125.4, 9.24
125.5, 9.38
125.6, 9.55
125.7, 9.52
125.8, 9.71
125.9, 9.93
126, 10.21
126.1, 10.26
126.2, 10.27
126.3, 10.19
126.4, 10.31
126.5, 10.36
126.6, 10.22
126.7, 10.14
126.8, 10.06
126.9, 9.9
127, 9.77
127.1, 9.71
127.2, 9.84
127.3, 9.97
127.4, 10.05
127.5, 10.06
127.6, 10.23
127.7, 10.23
127.8, 9.96
127.9, 9.98
128, 9.92
128.1, 9.9
128.2, 9.76
128.3, 9.4
128.4, 9.24
128.5, 9.06
128.6, 8.93
128.7, 8.95
128.8, 8.9
128.9, 8.88
129, 8.74
129.1, 8.65
129.2, 8.43
129.3, 8.4
129.4, 8.49
129.5, 8.41
129.6, 8.39
129.7, 8.44
129.8, 8.32
129.9, 8.21
130, 7.91
130.1, 8.09
130.2, 8.02
130.3, 7.96
130.4, 7.94
130.5, 7.86
130.6, 7.81
130.7, 7.88
130.8, 7.63
130.9, 7.58
131, 7.66
131.1, 7.67
131.2, 7.66
131.3, 7.46
131.4, 7.23
131.5, 6.99
131.6, 6.63
131.7, 6.52
131.8, 6.41
131.9, 6.61
132, 6.43
132.1, 6.36
132.2, 6.23
132.3, 6.17
132.4, 6.13
132.5, 5.97
132.6, 5.82
132.7, 5.79
132.8, 5.91
132.9, 5.71
133, 5.54
133.1, 5.4
133.2, 5.41
133.3, 5.25
133.4, 5
133.5, 4.99
133.6, 5.45
133.7, 6.06
133.8, 6.32
133.9, 6.1
134, 5.69
134.1, 5.48
134.2, 5.39
134.3, 5.4
134.4, 5.24
134.5, 4.82
134.6, 4.63
134.7, 4.63
134.8, 4.57
134.9, 4.29
135, 4.08
135.1, 4.09
135.2, 4.16
135.3, 4.24
135.4, 4.15
135.5, 4.11
135.6, 4
135.7, 3.62
135.8, 3.52
135.9, 3.57
136, 3.57
136.1, 3.41
136.2, 3.48
136.3, 3.52
136.4, 3.54
136.5, 3.48
136.6, 3.37
136.7, 3.43
136.8, 3.8
136.9, 4.12
137, 4.16
137.1, 4.04
137.2, 3.98
137.3, 4.17
137.4, 4.32
137.5, 4.59
137.6, 4.82
137.7, 4.86
137.8, 4.97
137.9, 5.27
138, 5.6
138.1, 5.79
138.2, 5.67
138.3, 5.56
138.4, 5.14
138.5, 4.63
138.6, 4.26
138.7, 4.16
138.8, 4.04
138.9, 3.98
139, 3.82
139.1, 3.63
139.2, 3.6
139.3, 3.7
139.4, 3.65
139.5, 3.76
139.6, 3.8
139.7, 3.74
139.8, 3.72
139.9, 3.92
140, 4.03
140.1, 3.83
140.2, 3.53
140.3, 3.4
140.4, 3.5
140.5, 3.69
140.6, 3.53
140.7, 3.31
140.8, 3.14
140.9, 2.95
141, 2.78
141.1, 2.81
141.2, 2.87
141.3, 3.01
141.4, 2.92
141.5, 2.9
141.6, 2.78
141.7, 2.63
141.8, 2.59
141.9, 2.48
142, 2.32
142.1, 2.18
142.2, 2.23
142.3, 2.36
142.4, 2.23
142.5, 2.13
142.6, 2
142.7, 1.98
142.8, 2.18
142.9, 2.02
143, 1.84
143.1, 1.65
143.2, 1.68
143.3, 1.63
143.4, 1.55
143.5, 1.49
143.6, 1.52
143.7, 1.36
143.8, 1.21
143.9, 0.99
144, 0.98
144.1, 0.96
144.2, 0.74
144.3, 0.56
144.4, 0.25
144.5, 0.18
144.6, 0.08
144.7, 0.33
144.8, 0.18
144.9, 0.23
145, 0.28
145.1, 0.26
145.2, 0.18
145.3, 0.18
145.4, -0.04
145.5, -0.12
145.6, -0.16
145.7, -0.04
145.8, 0.05
145.9, 0.09
146, 0.15
146.1, 0.22
146.2, 0
146.3, -0.03
146.4, 0.15
146.5, 0.25
146.6, 0.25
146.7, 0.16
146.8, 0.05
146.9, 0.06
147, 0
147.1, 0
147.2, -0.16
147.3, -0.08
147.4, -0.17
147.5, -0.29
147.6, -0.36
147.7, -0.2
147.8, -0.14
147.9, -0.08
148, -0.03
148.1, 0.11
148.2, -0.04
148.3, -0.13
148.4, -0.27
148.5, -0.48
148.6, -0.59
148.7, -0.6
148.8, -0.46
148.9, -0.33
149, -0.34
149.1, -0.35
149.2, -0.29
149.3, -0.19
149.4, -0.19
149.5, -0.25
149.6, -0.31
149.7, -0.35
149.8, -0.27
149.9, -0.25
150, -0.18
150.1, -0.02
150.2, 0.05
150.3, 0.19
150.4, 0.18
150.5, 0.09
150.6, -0.04
150.7, -0.07
150.8, 0.05
150.9, 0.26
151, 0.32
151.1, 0.39
151.2, 0.38
151.3, 0.27
151.4, 0.15
151.5, -0.05
151.6, -0.13
151.7, 0
151.8, 0.22
151.9, 0.32
152, 0.33
152.1, 0.26
152.2, 0.38
152.3, 0.67
152.4, 0.73
152.5, 0.77
152.6, 0.67
152.7, 0.52
152.8, 0.56
152.9, 0.44
153, 0.21
153.1, 0.15
153.2, 0.22
153.3, 0.45
153.4, 0.67
153.5, 0.8
153.6, 0.81
153.7, 0.92
153.8, 1.02
153.9, 1.15
154, 1.11
154.1, 1.19
154.2, 1.17
154.3, 1.16
154.4, 1.18
154.5, 1.12
154.6, 0.93
154.7, 0.99
154.8, 1.22
154.9, 1.22
155, 1.23
155.1, 1.32
155.2, 1.35
155.3, 1.58
155.4, 1.76
155.5, 1.7
155.6, 1.68
155.7, 1.75
155.8, 1.74
155.9, 1.62
156, 1.68
156.1, 1.74
156.2, 1.88
156.3, 1.86
156.4, 1.87
156.5, 1.73
156.6, 1.62
156.7, 1.53
156.8, 1.51
156.9, 1.64
157, 1.49
157.1, 1.42
157.2, 1.4
157.3, 1.45
157.4, 1.33
157.5, 1.37
157.6, 1.21
157.7, 1.13
157.8, 1.09
157.9, 1
158, 1.01
158.1, 0.96
158.2, 0.93
158.3, 0.94
158.4, 0.98
158.5, 1.02
158.6, 0.99
158.7, 0.96
158.8, 1.07
158.9, 1.13
159, 1.02
159.1, 0.94
159.2, 0.94
159.3, 0.84
159.4, 0.73
159.5, 0.67
159.6, 0.8
159.7, 0.86
159.8, 0.91
159.9, 0.71
160, 0.59
160.1, 0.62
160.2, 0.72
160.3, 0.76
160.4, 0.76
160.5, 0.66
160.6, 0.44
160.7, 0.46
160.8, 0.42
160.9, 0.48
161, 0.43
161.1, 0.31
161.2, -0.01
161.3, -0.12
161.4, -0.39
161.5, -0.32
161.6, -0.45
161.7, -0.59
161.8, -0.81
161.9, -1.1
162, -1.33
162.1, -1.43
162.2, -1.4
162.3, -1.3
162.4, -1.36
162.5, -1.45
162.6, -1.64
162.7, -1.68
162.8, -1.7
162.9, -1.73
163, -2.03
163.1, -2.04
163.2, -1.82
163.3, -1.76
163.4, -2.08
163.5, -2.32
163.6, -2.31
163.7, -2.28
163.8, -2.32
163.9, -2.43
164, -2.57
164.1, -2.73
164.2, -2.79
164.3, -2.92
164.4, -3.1
164.5, -3.13
164.6, -3.34
164.7, -3.42
164.8, -3.54
164.9, -3.37
165, -3.59
165.1, -3.67
165.2, -3.61
165.3, -3.34
165.4, -3.23
165.5, -3.24
165.6, -3.48
165.7, -3.78
165.8, -3.89
165.9, -3.68
166, -3.54
166.1, -3.64
166.2, -3.78
166.3, -3.84
166.4, -3.75
166.5, -3.79
166.6, -3.71
166.7, -3.69
166.8, -3.74
166.9, -3.85
167, -3.88
167.1, -3.86
167.2, -3.67
167.3, -3.7
167.4, -3.79
167.5, -3.85
167.6, -3.9
167.7, -4.09
167.8, -4.21
167.9, -4.09
168, -3.84
168.1, -3.78
168.2, -3.68
168.3, -3.66
168.4, -3.48
168.5, -3.36
168.6, -3.31
168.7, -3.32
168.8, -3.33
168.9, -3.23
169, -3.25
169.1, -3.19
169.2, -3.14
169.3, -3.07
169.4, -3.06
169.5, -3.15
169.6, -3.07
169.7, -3.04
169.8, -2.88
169.9, -2.73
170, -2.72
170.1, -2.7
170.2, -2.66
170.3, -2.51
170.4, -2.28
170.5, -2.12
170.6, -1.96
170.7, -1.92
170.8, -1.85
170.9, -1.67
171, -1.33
171.1, -1.25
171.2, -1.34
171.3, -1.33
171.4, -1.08
171.5, -0.92
171.6, -0.78
171.7, -0.75
171.8, -0.71
171.9, -0.74
172, -0.6
172.1, -0.68
172.2, -0.69
172.3, -0.61
172.4, -0.59
172.5, -0.5
172.6, -0.42
172.7, -0.25
172.8, -0.17
172.9, 0.07
173, 0.34
173.1, 0.51
173.2, 0.61
173.3, 0.86
173.4, 0.98
173.5, 1.08
173.6, 1.21
173.7, 1.27
173.8, 1.51
173.9, 1.7
174, 1.8
174.1, 1.6
174.2, 1.64
174.3, 1.69
174.4, 1.74
174.5, 1.67
174.6, 1.74
174.7, 1.87
174.8, 1.97
174.9, 2.02
175, 2.16
175.1, 2.43
175.2, 2.39
175.3, 2.55
175.4, 2.77
175.5, 2.97
175.6, 3.14
175.7, 3.32
175.8, 3.47
175.9, 3.6
176, 3.76
176.1, 3.83
176.2, 3.83
176.3, 3.76
176.4, 3.66
176.5, 3.75
176.6, 3.82
176.7, 3.96
176.8, 3.93
176.9, 4.06
177, 4.16
177.1, 4.24
177.2, 4.45
177.3, 4.36
177.4, 4.42
177.5, 4.64
177.6, 4.94
177.7, 4.98
177.8, 5.03
177.9, 5.15
178, 5.32
178.1, 5.39
178.2, 5.48
178.3, 5.54
178.4, 5.58
178.5, 5.7
178.6, 5.72
178.7, 5.9
178.8, 5.91
178.9, 6.07
179, 6.11
179.1, 6.21
179.2, 6.31
179.3, 6.51
179.4, 6.4
179.5, 6.32
179.6, 6.4
179.7, 6.43
179.8, 6.34
179.9, 6.43
180, 6.48
180.1, 6.77
180.2, 6.76
180.3, 6.67
180.4, 6.59
180.5, 6.66
180.6, 6.77
180.7, 6.97
180.8, 7.09
180.9, 7.26
181, 7.46
181.1, 7.55
181.2, 7.6
181.3, 7.77
181.4, 7.88
181.5, 7.87
181.6, 8.03
181.7, 8.19
181.8, 8.17
181.9, 8.16
182, 8.33
182.1, 8.49
182.2, 8.59
182.3, 8.79
182.4, 8.97
182.5, 9.17
182.6, 9.22
182.7, 9.48
182.8, 9.78
182.9, 9.93
183, 9.92
183.1, 9.78
183.2, 9.5
183.3, 9.2
183.4, 9.31
183.5, 9.59
183.6, 10.03
183.7, 10.52
183.8, 10.86
183.9, 11.07
184, 11.2
184.1, 11.43
184.2, 11.67
184.3, 11.87
184.4, 11.91
184.5, 11.97
184.6, 12.18
184.7, 12.29
184.8, 12.32
184.9, 12.32
185, 12.4
185.1, 12.61
185.2, 12.82
185.3, 12.96
185.4, 13.1
185.5, 13.26
185.6, 13.37
185.7, 13.34
185.8, 13.43
185.9, 13.55
186, 13.71
186.1, 13.78
186.2, 13.8
186.3, 13.97
186.4, 14.2
186.5, 14.25
186.6, 14.23
186.7, 14.29
186.8, 14.3
186.9, 14.45
187, 14.65
187.1, 14.85
187.2, 14.94
187.3, 15.05
187.4, 15.11
187.5, 15.26
187.6, 15.43
187.7, 15.54
187.8, 15.68
187.9, 15.89
188, 16.13
188.1, 16.21
188.2, 16.29
188.3, 16.45
188.4, 16.67
188.5, 16.77
188.6, 16.85
188.7, 16.84
188.8, 17.04
188.9, 17.12
189, 17.28
189.1, 17.2
189.2, 17.2
189.3, 17.34
189.4, 17.49
189.5, 17.61
189.6, 17.73
189.7, 17.69
189.8, 17.74
189.9, 17.77
190, 17.98
190.1, 18.06
190.2, 18
190.3, 18.02
190.4, 18.22
190.5, 18.28
190.6, 18.15
190.7, 18.04
190.8, 18.1
190.9, 18.19
191, 18.14
191.1, 18.24
191.2, 18.27
191.3, 18.2
191.4, 18.35
191.5, 18.5
191.6, 18.48
191.7, 18.58
191.8, 18.84
191.9, 18.93
192, 18.93
192.1, 19.01
192.2, 19.04
192.3, 19.25
192.4, 19.27
192.5, 19.3
192.6, 19.28
192.7, 19.35
192.8, 19.43
192.9, 19.29
193, 19.2
193.1, 19.24
193.2, 19.28
193.3, 19.15
193.4, 18.93
193.5, 18.81
193.6, 18.63
193.7, 18.54
193.8, 18.49
193.9, 18.41
194, 18.17
194.1, 18.09
194.2, 18.09
194.3, 18.22
194.4, 18.13
194.5, 18.03
194.6, 17.97
194.7, 18
194.8, 18.18
194.9, 18.21
195, 18
195.1, 17.84
195.2, 17.84
195.3, 17.71
195.4, 17.51
195.5, 17.22
195.6, 17.01
195.7, 16.85
195.8, 16.69
195.9, 16.71
196, 16.71
196.1, 16.72
196.2, 16.69
196.3, 16.54
196.4, 16.17
196.5, 15.78
196.6, 15.67
196.7, 15.72
196.8, 15.4
196.9, 15.05
197, 15.07
197.1, 15.08
197.2, 15.04
197.3, 14.86
197.4, 14.67
197.5, 14.66
197.6, 14.57
197.7, 14.47
197.8, 14.41
197.9, 14.34
198, 14.26
198.1, 14.05
198.2, 13.96
198.3, 13.95
198.4, 13.96
198.5, 13.83
198.6, 13.74
198.7, 13.66
198.8, 13.31
198.9, 13.02
199, 13.02
199.1, 12.94
199.2, 12.9
199.3, 12.71
199.4, 12.42
199.5, 12.27
199.6, 12.08
199.7, 11.89
199.8, 11.82
199.9, 11.64
200, 11.44
200.1, 11.21
200.2, 11.11
200.3, 11.12
200.4, 11.07
200.5, 11.01
200.6, 10.76
200.7, 10.64
200.8, 10.29
200.9, 10.43
201, 10.49
201.1, 10.58
201.2, 10.52
201.3, 10.42
201.4, 10.22
201.5, 10.08
201.6, 9.9
201.7, 9.81
201.8, 9.62
201.9, 9.59
202, 9.52
202.1, 9.43
202.2, 9.19
202.3, 9.05
202.4, 9.05
202.5, 9.01
202.6, 8.86
202.7, 8.72
202.8, 8.74
202.9, 8.61
203, 8.4
203.1, 8.12
203.2, 7.98
203.3, 8.11
203.4, 8.31
203.5, 8.3
203.6, 8.18
203.7, 8
203.8, 7.8
203.9, 7.71
204, 7.69
204.1, 7.56
204.2, 7.47
204.3, 7.4
204.4, 7.28
204.5, 7.19
204.6, 7
204.7, 6.89
204.8, 6.72
204.9, 6.53
205, 6.66
205.1, 6.43
205.2, 6.31
205.3, 6.22
205.4, 6.28
205.5, 6.17
205.6, 6.09
205.7, 6.04
205.8, 5.92
205.9, 5.88
206, 5.77
206.1, 5.62
206.2, 5.53
206.3, 5.41
206.4, 5.23
206.5, 5.19
206.6, 5.18
206.7, 5.09
206.8, 5.03
206.9, 5.2
207, 5.2
207.1, 5.26
207.2, 5.26
207.3, 4.99
207.4, 4.82
207.5, 4.77
207.6, 4.74
207.7, 4.68
207.8, 4.51
207.9, 4.35
208, 4.19
208.1, 4.2
208.2, 4.33
208.3, 4.75
208.4, 4.87
208.5, 4.7
208.6, 4.44
208.7, 4.29
208.8, 4.16
208.9, 4.03
209, 3.92
209.1, 4
209.2, 4.07
209.3, 4.02
209.4, 4.01
209.5, 3.93
209.6, 3.88
209.7, 3.79
209.8, 3.62
209.9, 3.57
210, 3.52
210.1, 3.36
210.2, 3.23
210.3, 3.18
210.4, 3.26
210.5, 3.45
210.6, 3.69
210.7, 3.97
210.8, 4.03
210.9, 3.94
211, 3.79
211.1, 3.62
211.2, 3.33
211.3, 3.1
211.4, 3.04
211.5, 3.18
211.6, 3.48
211.7, 3.7
211.8, 3.64
211.9, 3.48
212, 3.39
212.1, 3.44
212.2, 3.09
212.3, 2.63
212.4, 2.25
212.5, 2.1
212.6, 2.2
212.7, 2.1
212.8, 1.93
212.9, 1.79
213, 1.7
213.1, 1.56
213.2, 1.57
213.3, 1.61
213.4, 1.64
213.5, 1.58
213.6, 1.56
213.7, 1.43
213.8, 1.44
213.9, 1.35
214, 1.29
214.1, 1.28
214.2, 1.31
214.3, 1.32
214.4, 1.13
214.5, 0.86
214.6, 0.64
214.7, 0.32
214.8, -0.42
214.9, -1.3
215, -1.71
215.1, -1.65
215.2, -1.43
215.3, -1.2
215.4, -1.16
215.5, -1.13
215.6, -1.02
215.7, -0.99
215.8, -0.94
215.9, -0.77
216, -0.64
216.1, -0.67
216.2, -0.81
216.3, -1.04
216.4, -1.19
216.5, -1.22
216.6, -1.15
216.7, -0.95
216.8, -1.04
216.9, -1.02
217, -1.04
217.1, -1.09
217.2, -1.37
217.3, -1.46
217.4, -1.57
217.5, -1.62
217.6, -1.67
217.7, -1.51
217.8, -1.48
217.9, -1.49
218, -1.44
218.1, -1.27
218.2, -1.27
218.3, -1.27
218.4, -1.31
218.5, -1.11
218.6, -0.9
218.7, -0.82
218.8, -0.89
218.9, -0.94
219, -0.97
219.1, -1.09
219.2, -1.07
219.3, -1.12
219.4, -1.15
219.5, -1.26
219.6, -1.42
219.7, -1.48
219.8, -1.64
219.9, -1.79
220, -1.8
220.1, -1.86
220.2, -1.92
220.3, -2.03
220.4, -2.23
220.5, -2.57
220.6, -2.82
220.7, -3.12
220.8, -3.17
220.9, -3.14
221, -3.3
221.1, -3.35
221.2, -3.38
221.3, -3.38
221.4, -3.53
221.5, -3.65
221.6, -3.62
221.7, -3.68
221.8, -3.8
221.9, -4.07
222, -4.22
222.1, -4.25
222.2, -4.22
222.3, -4.24
222.4, -4.3
222.5, -4.44
222.6, -4.44
222.7, -4.48
222.8, -4.43
222.9, -4.45
223, -4.49
223.1, -4.68
223.2, -4.71
223.3, -4.89
223.4, -4.95
223.5, -4.85
223.6, -4.6
223.7, -4.53
223.8, -4.56
223.9, -4.79
224, -4.67
224.1, -4.72
224.2, -4.57
224.3, -4.08
224.4, -3.37
224.5, -2.93
224.6, -2.95
224.7, -3.12
224.8, -2.97
224.9, -2.99
225, -2.74
225.1, -2.61
225.2, -2.57
225.3, -2.57
225.4, -2.55
225.5, -2.64
225.6, -2.59
225.7, -2.54
225.8, -2.44
225.9, -2.32
226, -2.13
226.1, -2.02
226.2, -1.89
226.3, -1.82
226.4, -1.71
226.5, -1.57
226.6, -1.31
226.7, -0.92
226.8, -0.57
226.9, -0.19
227, 0.34
227.1, 0.7
227.2, 0.96
227.3, 0.93
227.4, 0.94
227.5, 1.3
227.6, 2.04
227.7, 2.92
227.8, 3.41
227.9, 3.37
228, 3.16
228.1, 3.1
228.2, 3.16
228.3, 3.25
228.4, 3.44
228.5, 3.64
228.6, 3.75
228.7, 3.95
228.8, 4.04
228.9, 4.25
229, 4.44
229.1, 4.46
229.2, 4.57
229.3, 4.72
229.4, 4.87
229.5, 5.05
229.6, 5.15
229.7, 5.39
229.8, 5.64
229.9, 5.71
230, 5.79
230.1, 5.97
230.2, 5.83
230.3, 5.97
230.4, 6.05
230.5, 6.32
230.6, 6.35
230.7, 6.46
230.8, 6.42
230.9, 6.43
231, 6.67
231.1, 7.06
231.2, 7.12
231.3, 7.32
231.4, 7.53
231.5, 7.74
231.6, 7.82
231.7, 7.96
231.8, 8.09
231.9, 8.34
232, 8.38
232.1, 8.49
232.2, 8.39
232.3, 8.33
232.4, 8.47
232.5, 8.75
232.6, 9.01
232.7, 9.04
232.8, 9.08
232.9, 9.07
233, 8.8
233.1, 8.74
233.2, 8.89
233.3, 9.19
233.4, 9.49
233.5, 9.7
233.6, 9.92
233.7, 9.97
233.8, 10.04
233.9, 10.16
234, 10.25
234.1, 10.19
234.2, 10.21
234.3, 10.32
234.4, 10.37
234.5, 10.31
234.6, 10.41
234.7, 10.53
234.8, 10.72
234.9, 10.87
235, 10.71
235.1, 10.54
235.2, 10.47
235.3, 10.48
235.4, 10.52
235.5, 10.64
235.6, 10.63
235.7, 10.76
235.8, 10.77
235.9, 10.66
236, 10.63
236.1, 10.85
236.2, 10.69
236.3, 10.64
236.4, 10.6
236.5, 10.54
236.6, 10.26
236.7, 10.08
236.8, 10.03
236.9, 9.92
237, 9.73
237.1, 9.55
237.2, 9.65
237.3, 9.56
237.4, 9.45
237.5, 9.3
237.6, 9.32
237.7, 9.44
237.8, 9.53
237.9, 9.58
238, 9.43
238.1, 9.37
238.2, 9.31
238.3, 9.24
238.4, 9.21
238.5, 9.17
238.6, 9.04
238.7, 9.01
238.8, 9.09
238.9, 9.04
239, 8.84
239.1, 8.82
239.2, 8.8
239.3, 8.73
239.4, 8.66
239.5, 8.79
239.6, 8.84
239.7, 9.01
239.8, 9.17
239.9, 9.06
240, 8.92
240.1, 8.86
240.2, 8.77
240.3, 8.54
240.4, 8.44
240.5, 8.39
240.6, 8.28
240.7, 8.25
240.8, 8.27
240.9, 8.36
241, 8.07
241.1, 8.02
241.2, 7.95
241.3, 8.11
241.4, 8.16
241.5, 8.16
241.6, 7.92
241.7, 7.75
241.8, 7.62
241.9, 7.89
242, 7.73
242.1, 7.64
242.2, 7.54
242.3, 7.49
242.4, 7.63
242.5, 7.71
242.6, 7.73
242.7, 7.76
242.8, 7.81
242.9, 7.68
243, 7.63
243.1, 7.73
243.2, 7.79
243.3, 7.77
243.4, 7.69
243.5, 7.66
243.6, 7.71
243.7, 7.72
243.8, 7.95
243.9, 8.23
244, 8.31
244.1, 8.38
244.2, 8.51
244.3, 8.56
244.4, 8.52
244.5, 8.39
244.6, 8.46
244.7, 8.6
244.8, 8.58
244.9, 8.57
245, 8.7
245.1, 9.01
245.2, 9.27
245.3, 9.3
245.4, 9.4
245.5, 9.72
245.6, 10.03
245.7, 10.13
245.8, 10.22
245.9, 10.47
246, 10.76
246.1, 10.84
246.2, 10.67
246.3, 10.6
246.4, 10.82
246.5, 10.96
246.6, 10.98
246.7, 11.03
246.8, 11.03
246.9, 11.23
247, 11.41
247.1, 11.55
247.2, 11.61
247.3, 11.81
247.4, 12.04
247.5, 12
247.6, 11.9
247.7, 11.95
247.8, 11.95
247.9, 12.13
248, 12.25
248.1, 12.32
248.2, 12.32
248.3, 12.36
248.4, 12.27
248.5, 12.33
248.6, 12.46
248.7, 12.43
248.8, 12.35
248.9, 12.34
249, 12.46
249.1, 12.46
249.2, 12.44
249.3, 12.43
249.4, 12.27
249.5, 12.12
249.6, 12.3
249.7, 12.53
249.8, 12.72
249.9, 12.81
250, 12.86
250.1, 12.91
250.2, 12.97
250.3, 12.98
250.4, 13.07
250.5, 13.07
250.6, 13.02
250.7, 12.77
250.8, 12.62
250.9, 12.55
251, 12.58
251.1, 12.49
251.2, 12.32
251.3, 12.14
251.4, 12.08
251.5, 12.12
251.6, 12.11
251.7, 12.15
251.8, 12.11
251.9, 11.96
252, 11.9
252.1, 11.94
252.2, 12
252.3, 12.02
252.4, 12.07
252.5, 12
252.6, 11.94
252.7, 11.85
252.8, 11.94
252.9, 12.2
253, 12.19
253.1, 12.02
253.2, 11.97
253.3, 11.9
253.4, 11.88
253.5, 11.66
253.6, 11.42
253.7, 11.19
253.8, 11.28
253.9, 11.3
254, 11.21
254.1, 11.22
254.2, 11.19
254.3, 11.03
254.4, 10.73
254.5, 10.64
254.6, 10.68
254.7, 10.53
254.8, 10.45
254.9, 10.4
255, 10.32
255.1, 10.25
255.2, 10.12
255.3, 9.89
255.4, 9.68
255.5, 9.66
255.6, 9.61
255.7, 9.55
255.8, 9.56
255.9, 9.38
256, 9.36
256.1, 9.32
256.2, 9.27
256.3, 9.11
256.4, 9.07
256.5, 9.12
256.6, 9.03
256.7, 8.78
256.8, 8.52
256.9, 8.55
257, 8.49
257.1, 8.3
257.2, 8.05
257.3, 7.67
257.4, 7.65
257.5, 7.68
257.6, 7.58
257.7, 7.25
257.8, 6.76
257.9, 6.33
258, 6.18
258.1, 6.26
258.2, 6.4
258.3, 6.45
258.4, 6.32
258.5, 6.18
258.6, 5.95
258.7, 5.86
258.8, 5.8
258.9, 5.67
259, 5.44
259.1, 5.31
259.2, 5.05
259.3, 4.84
259.4, 4.73
259.5, 4.35
259.6, 3.87
259.7, 3.3
259.8, 2.84
259.9, 2.37
260, 2.38
260.1, 2.27
260.2, 2.11
260.3, 1.9
260.4, 1.65
260.5, 1.48
260.6, 1.29
260.7, 1.05
260.8, 0.74
260.9, 0.64
261, 0.22
261.1, -0.13
261.2, -0.23
261.3, -0.45
261.4, -0.57
261.5, -0.83
261.6, -0.87
261.7, -0.96
261.8, -1.24
261.9, -1.51
262, -1.75
262.1, -1.89
262.2, -2
262.3, -2.21
262.4, -2.59
262.5, -2.95
262.6, -3.21
262.7, -3.58
262.8, -3.93
262.9, -4.19
263, -4.3
263.1, -4.65
263.2, -4.73
263.3, -4.85
263.4, -4.97
263.5, -5.19
263.6, -5.33
263.7, -5.51
263.8, -5.75
263.9, -5.88
264, -6.04
264.1, -6.37
264.2, -6.57
264.3, -6.71
264.4, -6.96
264.5, -7.27
264.6, -7.51
264.7, -7.78
264.8, -8.12
264.9, -8.48
265, -8.7
265.1, -8.71
265.2, -8.74
265.3, -8.93
265.4, -9.18
265.5, -9.51
265.6, -9.89
265.7, -10.15
265.8, -10.38
265.9, -10.6
266, -10.86
266.1, -11.14
266.2, -11.22
266.3, -11.32
266.4, -11.52
266.5, -12
266.6, -12.34
266.7, -12.7
266.8, -12.92
266.9, -13.13
267, -13.57
267.1, -13.85
267.2, -14.08
267.3, -14.36
267.4, -14.8
267.5, -15.12
267.6, -15.35
267.7, -15.73
267.8, -16.1
267.9, -16.38
268, -16.68
268.1, -17.03
268.2, -17.36
268.3, -17.48
268.4, -17.75
268.5, -18.08
268.6, -18.29
268.7, -18.49
268.8, -18.7
268.9, -18.99
269, -19.16
269.1, -19.34
269.2, -19.62
269.3, -19.83
269.4, -20.07
269.5, -20.36
269.6, -20.79
269.7, -21.13
269.8, -21.22
269.9, -21.38
270, -21.51
270.1, -21.54
270.2, -21.66
270.3, -21.97
270.4, -22.3
270.5, -22.53
270.6, -22.62
270.7, -22.72
270.8, -22.99
270.9, -23.15
271, -23.16
271.1, -23.35
271.2, -23.84
271.3, -24.22
271.4, -24.34
271.5, -24.6
271.6, -24.68
271.7, -24.8
271.8, -24.93
271.9, -24.95
272, -24.97
272.1, -25.16
272.2, -25.24
272.3, -25.29
272.4, -25.43
272.5, -25.65
272.6, -25.86
272.7, -26.02
272.8, -26.04
272.9, -26.16
273, -26.24
273.1, -26.42
273.2, -26.66
273.3, -26.72
273.4, -26.65
273.5, -26.93
273.6, -27.2
273.7, -27.32
273.8, -27.45
273.9, -27.73
274, -27.77
274.1, -27.7
274.2, -27.76
274.3, -27.96
274.4, -27.92
274.5, -27.83
274.6, -27.96
274.7, -28.16
274.8, -28.21
274.9, -28.01
275, -27.96
275.1, -28.09
275.2, -28.06
275.3, -28
275.4, -28.09
275.5, -28.19
275.6, -28.29
275.7, -28.59
275.8, -28.83
275.9, -28.85
276, -28.67
276.1, -28.43
276.2, -28.23
276.3, -28.32
276.4, -28.6
276.5, -28.52
276.6, -28.2
276.7, -27.89
276.8, -27.89
276.9, -27.92
277, -28.11
277.1, -28.1
277.2, -28.06
277.3, -28.06
277.4, -28.06
277.5, -28.02
277.6, -28.04
277.7, -28.05
277.8, -28.13
277.9, -28.07
278, -28.03
278.1, -28.1
278.2, -28.16
278.3, -28.16
278.4, -28.02
278.5, -27.67
278.6, -27.45
278.7, -27.48
278.8, -27.45
278.9, -27.3
279, -27.27
279.1, -27.14
279.2, -27.13
279.3, -26.94
279.4, -26.9
279.5, -27.02
279.6, -26.88
279.7, -26.59
279.8, -26.43
279.9, -26.52
280, -26.53
280.1, -26.53
280.2, -26.57
280.3, -26.33
280.4, -25.95
280.5, -25.52
280.6, -25.33
280.7, -25.09
280.8, -25.02
280.9, -24.82
281, -24.53
281.1, -24.3
281.2, -23.95
281.3, -23.92
281.4, -23.83
281.5, -23.56
281.6, -23.25
281.7, -23.24
281.8, -23.01
281.9, -22.84
282, -22.74
282.1, -22.62
282.2, -22.56
282.3, -22.47
282.4, -22.33
282.5, -22.09
282.6, -21.84
282.7, -21.76
282.8, -21.61
282.9, -21.36
283, -21.08
283.1, -21.03
283.2, -20.89
283.3, -20.65
283.4, -20.37
283.5, -20.13
283.6, -20
283.7, -19.98
283.8, -20.12
283.9, -20.06
284, -19.97
284.1, -19.79
284.2, -19.49
284.3, -19.25
284.4, -19.11
284.5, -19.1
284.6, -19.25
284.7, -19.15
284.8, -18.91
284.9, -18.7
285, -18.55
285.1, -18.19
285.2, -17.77
285.3, -17.49
285.4, -17.33
285.5, -17.15
285.6, -17.02
285.7, -16.87
285.8, -16.75
285.9, -16.48
286, -16.27
286.1, -16.08
286.2, -15.67
286.3, -15.37
286.4, -15.1
286.5, -14.94
286.6, -14.82
286.7, -14.73
286.8, -14.6
286.9, -14.5
287, -14.27
287.1, -13.94
287.2, -13.83
287.3, -13.71
287.4, -13.61
287.5, -13.52
287.6, -13.34
287.7, -13.09
287.8, -12.93
287.9, -12.85
288, -12.62
288.1, -12.44
288.2, -12.33
288.3, -12.38
288.4, -12.2
288.5, -11.75
288.6, -11.24
288.7, -10.9
288.8, -10.66
288.9, -10.31
289, -9.99
289.1, -9.7
289.2, -9.42
289.3, -9.23
289.4, -8.87
289.5, -8.73
289.6, -8.49
289.7, -8.33
289.8, -7.99
289.9, -7.66
290, -7.42
290.1, -7.33
290.2, -7.22
290.3, -6.98
290.4, -6.7
290.5, -6.49
290.6, -6.3
290.7, -5.96
290.8, -5.57
290.9, -5.12
291, -4.64
291.1, -4.39
291.2, -4.21
291.3, -3.76
291.4, -3.44
291.5, -3.25
291.6, -3.03
291.7, -2.65
291.8, -2.23
291.9, -1.8
292, -1.46
292.1, -1.15
292.2, -0.81
292.3, -0.61
292.4, -0.38
292.5, -0.19
292.6, 0.22
292.7, 0.51
292.8, 0.85
292.9, 1.13
293, 1.62
293.1, 1.94
293.2, 2.15
293.3, 2.24
293.4, 2.5
293.5, 2.86
293.6, 3.19
293.7, 3.62
293.8, 4.23
293.9, 4.98
294, 5.26
294.1, 5.46
294.2, 5.93
294.3, 6.48
294.4, 6.72
294.5, 7.05
294.6, 7.37
294.7, 7.76
294.8, 8.07
294.9, 8.54
295, 8.81
295.1, 9.24
295.2, 9.54
295.3, 9.78
295.4, 9.93
295.5, 10.2
295.6, 10.42
295.7, 10.69
295.8, 11.05
295.9, 11.43
296, 11.76
296.1, 12.08
296.2, 12.45
296.3, 12.81
296.4, 13.21
296.5, 13.84
296.6, 14.19
296.7, 14.53
296.8, 14.79
296.9, 15.17
297, 15.63
297.1, 16.18
298.1, 16.18
298.2, -0.04
ENDTABLE
#DiagramOne1
ISIDE 2
Z_PROFILE_TABLE LINEAR_LOOP
0, -0.54
0.1, -0.7
0.2, -0.73
0.3, -0.54
0.4, -0.44
0.5, -0.6
0.6, -0.63
0.7, -0.59
0.8, -0.46
0.9, -0.28
1, -0.18
1.1, -0.25
1.2, -0.24
1.3, -0.16
1.4, -0.11
1.5, -0.14
1.6, -0.22
1.7, -0.37
1.8, -0.33
1.9, -0.37
2, -0.37
2.1, -0.26
2.2, -0.06
2.3, 0.07
2.4, 0.03
2.5, 0.09
2.6, 0.08
2.7, 0.13
2.8, 0.13
2.9, -0.02
3, -0.04
3.1, 0.02
3.2, -0.08
3.3, 0.01
3.4, 0.25
3.5, 0.23
3.6, 0.34
3.7, 0.56
3.8, 0.79
3.9, 0.89
4, 0.95
4.1, 0.93
4.2, 0.77
4.3, 0.61
4.4, 0.61
4.5, 0.95
4.6, 1.17
4.7, 1.33
4.8, 1.29
4.9, 1.19
5, 1.16
5.1, 1.18
5.2, 1.12
5.3, 1.14
5.4, 0.98
5.5, 1.04
5.6, 1.16
5.7, 1.35
5.8, 1.39
5.9, 1.3
6, 1.22
6.1, 1.31
6.2, 1.28
6.3, 1.21
6.4, 1.27
6.5, 1.32
6.6, 1.28
6.7, 1.21
6.8, 1.32
6.9, 1.27
7, 1.3
7.1, 1.25
7.2, 1.36
7.3, 1.45
7.4, 1.29
7.5, 1.01
7.6, 0.84
7.7, 0.85
7.8, 0.78
7.9, 0.66
8, 0.6
8.1, 0.73
8.2, 0.76
8.3, 0.69
8.4, 0.47
8.5, 0.45
8.6, 0.49
8.7, 0.55
8.8, 0.62
8.9, 0.63
9, 0.75
9.1, 0.73
9.2, 0.67
9.3, 0.61
9.4, 0.57
9.5, 0.48
9.6, 0.5
9.7, 0.53
9.8, 0.36
9.9, 0.08
10, -0.27
10.1, -0.41
10.2, -0.7
10.3, -0.77
10.4, -0.71
10.5, -0.73
10.6, -0.71
10.7, -0.76
10.8, -0.66
10.9, -0.49
11, -0.24
11.1, -0.3
11.2, -0.3
11.3, -0.12
11.4, -0.02
11.5, 0.03
11.6, 0.05
11.7, 0.15
11.8, 0.27
11.9, 0.35
12, 0.4
12.1, 0.48
12.2, 0.62
12.3, 0.8
12.4, 1.12
12.5, 1.27
12.6, 1.35
12.7, 1.38
12.8, 1.35
12.9, 1.42
13, 1.43
13.1, 1.42
13.2, 1.6
13.3, 1.6
13.4, 1.64
13.5, 1.69
13.6, 1.64
13.7, 1.63
13.8, 1.64
13.9, 1.66
14, 1.63
14.1, 1.67
14.2, 1.75
14.3, 1.84
14.4, 1.86
14.5, 1.76
14.6, 1.63
14.7, 1.64
14.8, 1.66
14.9, 1.63
15, 1.55
15.1, 1.48
15.2, 1.27
15.3, 1.19
15.4, 1.31
15.5, 1.39
15.6, 1.34
15.7, 1.28
15.8, 1.36
15.9, 1.41
16, 1.44
16.1, 1.34
16.2, 1.37
16.3, 1.28
16.4, 1.41
16.5, 1.27
16.6, 1.07
16.7, 1.02
16.8, 1.12
16.9, 1.12
17, 1.04
17.1, 1.1
17.2, 1.11
17.3, 1.16
17.4, 1.26
17.5, 1.35
17.6, 1.16
17.7, 0.93
17.8, 0.92
17.9, 1.05
18, 1.18
18.1, 1.22
18.2, 1.18
18.3, 1.05
18.4, 1.02
18.5, 1.05
18.6, 1.05
18.7, 1.07
18.8, 1.17
18.9, 1.33
19, 1.31
19.1, 1.28
19.2, 1.35
19.3, 1.36
19.4, 1.47
19.5, 1.63
19.6, 1.74
19.7, 1.86
19.8, 1.89
19.9, 2.08
20, 2.36
20.1, 2.61
20.2, 2.75
20.3, 2.81
20.4, 2.99
20.5, 3.1
20.6, 3.32
20.7, 3.46
20.8, 3.6
20.9, 3.67
21, 3.76
21.1, 3.84
21.2, 3.92
21.3, 3.98
21.4, 4.05
21.5, 4.13
21.6, 4.29
21.7, 4.46
21.8, 4.66
21.9, 4.78
22, 4.98
22.1, 5.03
22.2, 4.94
22.3, 4.87
22.4, 4.82
22.5, 4.85
22.6, 4.94
22.7, 5.13
22.8, 5.11
22.9, 5.15
23, 5.21
23.1, 5.21
23.2, 5.1
23.3, 5.05
23.4, 5.15
23.5, 5.25
23.6, 5.32
23.7, 5.26
23.8, 5.02
23.9, 4.52
24, 4.33
24.1, 4.72
24.2, 5.1
24.3, 5.25
24.4, 5.04
24.5, 4.88
24.6, 4.94
24.7, 5.09
24.8, 5.26
24.9, 5.14
25, 5.02
25.1, 4.94
25.2, 4.89
25.3, 4.86
25.4, 4.73
25.5, 4.62
25.6, 4.53
25.7, 4.41
25.8, 4.3
25.9, 4.26
26, 4.05
26.1, 3.81
26.2, 3.64
26.3, 3.54
26.4, 3.24
26.5, 3
26.6, 2.93
26.7, 2.87
26.8, 2.83
26.9, 2.89
27, 2.89
27.1, 2.75
27.2, 2.88
27.3, 3.43
27.4, 4.27
27.5, 4.81
27.6, 4.86
27.7, 4.54
27.8, 4.09
27.9, 3.85
28, 3.75
28.1, 3.83
28.2, 3.83
28.3, 3.64
28.4, 3.36
28.5, 3.23
28.6, 3.16
28.7, 3.32
28.8, 3.6
28.9, 3.83
29, 3.77
29.1, 3.56
29.2, 3.26
29.3, 3.2
29.4, 3.15
29.5, 3.23
29.6, 3.22
29.7, 3.11
29.8, 3.19
29.9, 3.19
30, 3.16
30.1, 2.97
30.2, 2.85
30.3, 2.77
30.4, 2.78
30.5, 2.5
30.6, 2.3
30.7, 2.34
30.8, 2.31
30.9, 2.16
31, 2.04
31.1, 1.96
31.2, 1.98
31.3, 1.91
31.4, 1.81
31.5, 1.96
31.6, 2.01
31.7, 1.8
31.8, 1.66
31.9, 1.73
32, 1.57
32.1, 1.5
32.2, 1.45
32.3, 1.26
32.4, 1.07
32.5, 1.07
32.6, 1.2
32.7, 1.19
32.8, 1.06
32.9, 0.89
33, 0.79
33.1, 0.75
33.2, 0.67
33.3, 0.57
33.4, 0.4
33.5, 0.38
33.6, 0.22
33.7, 0.33
33.8, 0.33
33.9, 0.34
34, 0.34
34.1, 0.35
34.2, 0.33
34.3, 0.35
34.4, 0.29
34.5, 0.34
34.6, 0.27
34.7, 0.05
34.8, -0.22
34.9, -0.28
35, -0.21
35.1, -0.21
35.2, -0.23
35.3, -0.25
35.4, -0.38
35.5, -0.43
35.6, -0.51
35.7, -0.64
35.8, -0.81
35.9, -0.85
36, -0.77
36.1, -0.84
36.2, -0.93
36.3, -1
36.4, -0.91
36.5, -0.91
36.6, -0.82
36.7, -0.88
36.8, -1
36.9, -1.05
37, -0.95
37.1, -0.89
37.2, -0.93
37.3, -1.11
37.4, -1.09
37.5, -1.07
37.6, -1.03
37.7, -1.06
37.8, -1.14
37.9, -1.43
38, -1.53
38.1, -1.63
38.2, -1.73
38.3, -1.78
38.4, -1.95
38.5, -2.04
38.6, -2.17
38.7, -2.1
38.8, -1.82
38.9, -1.67
39, -1.57
39.1, -1.65
39.2, -1.81
39.3, -1.87
39.4, -1.71
39.5, -1.5
39.6, -1.53
39.7, -1.44
39.8, -1.38
39.9, -1.11
40, -0.88
40.1, -0.68
40.2, -0.51
40.3, -0.38
40.4, -0.21
40.5, -0.14
40.6, -0.08
40.7, 0.02
40.8, 0.2
40.9, 0.4
41, 0.56
41.1, 0.72
41.2, 0.86
41.3, 0.97
41.4, 1.03
41.5, 1.08
41.6, 1.31
41.7, 1.4
41.8, 1.58
41.9, 1.67
42, 1.82
42.1, 1.95
42.2, 2.13
42.3, 2.33
42.4, 2.36
42.5, 2.45
42.6, 2.47
42.7, 2.47
42.8, 2.47
42.9, 2.61
43, 2.84
43.1, 2.98
43.2, 3.14
43.3, 3.37
43.4, 3.64
43.5, 3.73
43.6, 3.78
43.7, 3.9
43.8, 4.09
43.9, 4.1
44, 4.17
44.1, 4.46
44.2, 4.67
44.3, 4.74
44.4, 4.73
44.5, 4.53
44.6, 4.46
44.7, 4.6
44.8, 4.9
44.9, 4.98
45, 4.99
45.1, 5.11
45.2, 5.15
45.3, 5.21
45.4, 5.13
45.5, 5.17
45.6, 5.26
45.7, 5.29
45.8, 5.24
45.9, 5.19
46, 5.05
46.1, 5.07
46.2, 4.97
46.3, 4.82
46.4, 4.77
46.5, 4.59
46.6, 4.25
46.7, 4.12
46.8, 4.23
46.9, 4.32
47, 4.29
47.1, 4.35
47.2, 4.35
47.3, 4.35
47.4, 4.18
47.5, 4.05
47.6, 4.01
47.7, 3.97
47.8, 3.73
47.9, 3.35
48, 3.01
48.1, 2.8
48.2, 2.58
48.3, 2.53
48.4, 2.52
48.5, 2.5
48.6, 2.67
48.7, 2.85
48.8, 2.76
48.9, 2.72
49, 2.74
49.1, 2.8
49.2, 2.76
49.3, 2.73
49.4, 2.62
49.5, 2.42
49.6, 2.24
49.7, 2.14
49.8, 2.24
49.9, 2.04
50, 1.95
50.1, 1.95
50.2, 2.02
50.3, 2.09
50.4, 2.11
50.5, 1.89
50.6, 1.81
50.7, 1.82
50.8, 1.85
50.9, 1.74
51, 1.61
51.1, 1.54
51.2, 1.34
51.3, 1.14
51.4, 1
51.5, 0.88
51.6, 0.71
51.7, 0.52
51.8, 0.28
51.9, 0.09
52, -0.1
52.1, -0.2
52.2, -0.19
52.3, -0.15
52.4, -0.2
52.5, -0.46
52.6, -0.87
52.7, -1.18
52.8, -1.44
52.9, -1.65
53, -1.89
53.1, -2.05
53.2, -2.14
53.3, -2.26
53.4, -2.5
53.5, -2.82
53.6, -3.09
53.7, -3.42
53.8, -3.74
53.9, -4.04
54, -4.31
54.1, -4.5
54.2, -4.64
54.3, -4.59
54.4, -4.63
54.5, -4.83
54.6, -5
54.7, -5.02
54.8, -4.96
54.9, -4.84
55, -4.86
55.1, -4.92
55.2, -4.89
55.3, -4.79
55.4, -4.73
55.5, -4.73
55.6, -4.77
55.7, -4.94
55.8, -4.88
55.9, -4.75
56, -4.62
56.1, -4.7
56.2, -4.69
56.3, -4.58
56.4, -4.49
56.5, -4.56
56.6, -4.64
56.7, -4.71
56.8, -4.79
56.9, -4.95
57, -4.98
57.1, -4.79
57.2, -4.77
57.3, -4.87
57.4, -5.01
57.5, -4.98
57.6, -5.02
57.7, -5.2
57.8, -5.31
57.9, -5.36
58, -5.5
58.1, -5.59
58.2, -5.44
58.3, -5.1
58.4, -4.98
58.5, -4.95
58.6, -4.81
58.7, -4.58
58.8, -4.4
58.9, -4.26
59, -4.09
59.1, -4.07
59.2, -4.1
59.3, -4.06
59.4, -4.14
59.5, -4.21
59.6, -4.04
59.7, -3.79
59.8, -3.54
59.9, -3.54
60, -3.41
60.1, -3.43
60.2, -3.4
60.3, -3.58
60.4, -3.62
60.5, -3.78
60.6, -3.71
60.7, -3.47
60.8, -3.23
60.9, -2.98
61, -2.81
61.1, -2.81
61.2, -3
61.3, -3.32
61.4, -3.62
61.5, -3.66
61.6, -3.55
61.7, -3.33
61.8, -3.28
61.9, -3.19
62, -3.09
62.1, -3.13
62.2, -3.03
62.3, -3.07
62.4, -3.06
62.5, -3.05
62.6, -3.11
62.7, -3.23
62.8, -3.13
62.9, -2.95
63, -2.76
63.1, -2.74
63.2, -2.75
63.3, -2.7
63.4, -2.88
63.5, -2.93
63.6, -2.83
63.7, -2.69
63.8, -2.73
63.9, -2.79
64, -2.84
64.1, -2.94
64.2, -2.98
64.3, -3.07
64.4, -3.09
64.5, -3.14
64.6, -3.21
64.7, -3.26
64.8, -3.36
64.9, -3.45
65, -3.67
65.1, -3.85
65.2, -4.07
65.3, -4.28
65.4, -4.52
65.5, -4.69
65.6, -4.82
65.7, -4.93
65.8, -5.05
65.9, -5.16
66, -5.34
66.1, -5.65
66.2, -5.84
66.3, -5.87
66.4, -5.92
66.5, -6.05
66.6, -6.04
66.7, -6.1
66.8, -6.09
66.9, -6.3
67, -6.43
67.1, -6.5
67.2, -6.51
67.3, -6.63
67.4, -6.83
67.5, -6.94
67.6, -7.12
67.7, -7.23
67.8, -7.31
67.9, -7.45
68, -7.59
68.1, -7.81
68.2, -7.9
68.3, -7.86
68.4, -7.87
68.5, -8.13
68.6, -8.26
68.7, -8.34
68.8, -8.42
68.9, -8.76
69, -8.89
69.1, -9
69.2, -9.06
69.3, -9.04
69.4, -8.96
69.5, -8.98
69.6, -8.98
69.7, -8.9
69.8, -8.93
69.9, -9.03
70, -9.09
70.1, -9.22
70.2, -9.38
70.3, -9.46
70.4, -9.4
70.5, -9.44
70.6, -9.66
70.7, -9.74
70.8, -9.71
70.9, -9.67
71, -9.77
71.1, -9.72
71.2, -9.84
71.3, -9.9
71.4, -9.96
71.5, -10.04
71.6, -10.07
71.7, -10.09
71.8, -10.24
71.9, -10.51
72, -10.6
72.1, -10.63
72.2, -10.63
72.3, -10.57
72.4, -10.42
72.5, -10.31
72.6, -10.44
72.7, -10.4
72.8, -10.29
72.9, -10.16
73, -10.16
73.1, -10.08
73.2, -9.92
73.3, -9.82
73.4, -9.87
73.5, -9.97
73.6, -10.04
73.7, -9.8
73.8, -9.54
73.9, -9.41
74, -9.41
74.1, -9.5
74.2, -9.42
74.3, -9.37
74.4, -9.57
74.5, -9.55
74.6, -9.43
74.7, -9.23
74.8, -9.15
74.9, -9.05
75, -9.08
75.1, -9
75.2, -9.03
75.3, -8.9
75.4, -8.74
75.5, -8.6
75.6, -8.57
75.7, -8.57
75.8, -8.49
75.9, -8.41
76, -8.45
76.1, -8.41
76.2, -8.26
76.3, -8.28
76.4, -8.35
76.5, -8.36
76.6, -8.28
76.7, -8.13
76.8, -8.06
76.9, -8.03
77, -8.15
77.1, -8.19
77.2, -8.26
77.3, -8.19
77.4, -8.1
77.5, -7.87
77.6, -7.75
77.7, -7.48
77.8, -7.35
77.9, -7.4
78, -7.44
78.1, -7.5
78.2, -7.37
78.3, -7.09
78.4, -6.92
78.5, -6.72
78.6, -6.54
78.7, -6.4
78.8, -6.26
78.9, -6.12
79, -5.9
79.1, -5.68
79.2, -5.51
79.3, -5.3
79.4, -5.06
79.5, -5.06
79.6, -5.05
79.7, -4.89
79.8, -4.66
79.9, -4.56
80, -4.31
80.1, -4.1
80.2, -4.07
80.3, -4.05
80.4, -3.78
80.5, -3.39
80.6, -3.27
80.7, -3.16
80.8, -2.99
80.9, -2.76
81, -2.55
81.1, -2.54
81.2, -2.38
81.3, -2.26
81.4, -2.16
81.5, -1.86
81.6, -1.62
81.7, -1.52
81.8, -1.44
81.9, -1.27
82, -0.83
82.1, -0.16
82.2, 0.39
82.3, 0.38
82.4, -0.06
82.5, -0.37
82.6, -0.21
82.7, -0.06
82.8, 0
82.9, 0.12
83, 0.27
83.1, 0.3
83.2, 0.35
83.3, 0.51
83.4, 0.57
83.5, 0.52
83.6, 0.61
83.7, 0.68
83.8, 0.83
83.9, 0.91
84, 0.96
84.1, 0.76
84.2, 0.66
84.3, 0.71
84.4, 0.72
84.5, 0.7
84.6, 0.73
84.7, 0.68
84.8, 0.72
84.9, 0.58
85, 0.45
85.1, 0.63
85.2, 0.99
85.3, 1.75
85.4, 2.49
85.5, 2.81
85.6, 2.88
85.7, 2.8
85.8, 2.67
85.9, 2.62
86, 2.59
86.1, 2.62
86.2, 2.66
86.3, 2.76
86.4, 2.98
86.5, 3.25
86.6, 3.4
86.7, 3.45
86.8, 3.59
86.9, 3.93
87, 3.99
87.1, 4.03
87.2, 4.06
87.3, 4.17
87.4, 4.29
87.5, 4.45
87.6, 4.49
87.7, 4.46
87.8, 4.57
87.9, 4.76
88, 4.98
88.1, 5.24
88.2, 5.52
88.3, 5.7
88.4, 6.02
88.5, 6.32
88.6, 6.57
88.7, 6.83
88.8, 6.98
88.9, 7.1
89, 7.19
89.1, 7.36
89.2, 7.53
89.3, 7.74
89.4, 7.93
89.5, 8.06
89.6, 8.22
89.7, 8.32
89.8, 8.4
89.9, 8.49
90, 8.72
90.1, 8.88
90.2, 9.13
90.3, 9.14
90.4, 9.19
90.5, 9.28
90.6, 9.45
90.7, 9.67
90.8, 9.85
90.9, 10
91, 10.01
91.1, 10.03
91.2, 10.06
91.3, 10.05
91.4, 10.11
91.5, 10.15
91.6, 10.12
91.7, 10.23
91.8, 10.29
91.9, 10.34
92, 10.42
92.1, 10.46
92.2, 10.5
92.3, 10.45
92.4, 10.53
92.5, 10.43
92.6, 10.28
92.7, 10.24
92.8, 10.22
92.9, 10.16
93, 10.16
93.1, 10.33
93.2, 10.52
93.3, 10.66
93.4, 10.8
93.5, 10.91
93.6, 11.01
93.7, 10.98
93.8, 11.03
93.9, 11.05
94, 11
94.1, 10.95
94.2, 10.92
94.3, 10.87
94.4, 10.84
94.5, 10.72
94.6, 10.54
94.7, 10.53
94.8, 10.53
94.9, 10.45
95, 10.42
95.1, 10.63
95.2, 10.82
95.3, 10.99
95.4, 11.01
95.5, 10.87
95.6, 10.84
95.7, 10.93
95.8, 10.87
95.9, 10.89
96, 10.97
96.1, 10.94
96.2, 10.86
96.3, 10.86
96.4, 10.95
96.5, 10.88
96.6, 10.86
96.7, 10.76
96.8, 10.54
96.9, 10.57
97, 10.96
97.1, 11.09
97.2, 11.04
97.3, 10.86
97.4, 10.68
97.5, 10.48
97.6, 10.51
97.7, 10.48
97.8, 10.39
97.9, 10.2
98, 10.16
98.1, 9.94
98.2, 9.82
98.3, 9.8
98.4, 9.75
98.5, 9.66
98.6, 9.52
98.7, 9.3
98.8, 9.05
98.9, 8.77
99, 8.61
99.1, 8.44
99.2, 8.33
99.3, 8.21
99.4, 8.17
99.5, 8.06
99.6, 7.93
99.7, 7.92
99.8, 7.93
99.9, 7.85
100, 7.77
100.1, 7.67
100.2, 7.53
100.3, 7.28
100.4, 7.08
100.5, 6.89
100.6, 6.76
100.7, 6.69
100.8, 6.55
100.9, 6.51
101, 6.33
101.1, 6.2
101.2, 6.01
101.3, 5.87
101.4, 5.81
101.5, 5.88
101.6, 5.83
101.7, 5.69
101.8, 5.59
101.9, 5.4
102, 5.3
102.1, 5.2
102.2, 5.24
102.3, 5.14
102.4, 5.07
102.5, 4.97
102.6, 4.73
102.7, 4.61
102.8, 4.55
102.9, 4.49
103, 4.32
103.1, 4.04
103.2, 3.74
103.3, 3.51
103.4, 3.36
103.5, 3.3
103.6, 3.28
103.7, 3.09
103.8, 2.92
103.9, 2.69
104, 2.46
104.1, 2.27
104.2, 2.09
104.3, 1.87
104.4, 1.73
104.5, 1.52
104.6, 1.32
104.7, 1.06
104.8, 0.8
104.9, 0.66
105, 0.46
105.1, 0.34
105.2, 0.15
105.3, -0.11
105.4, -0.23
105.5, -0.42
105.6, -0.81
105.7, -1.18
105.8, -1.45
105.9, -1.47
106, -1.7
106.1, -1.85
106.2, -2.01
106.3, -2.13
106.4, -2.39
106.5, -2.69
106.6, -3.02
106.7, -3.38
106.8, -3.6
106.9, -3.87
107, -4.07
107.1, -4.5
107.2, -4.64
107.3, -4.85
107.4, -5.03
107.5, -5.27
107.6, -5.54
107.7, -5.73
107.8, -5.85
107.9, -6.1
108, -6.16
108.1, -6.19
108.2, -6.36
108.3, -6.68
108.4, -6.99
108.5, -7.47
108.6, -7.72
108.7, -7.81
108.8, -8.05
108.9, -8.25
109, -8.46
109.1, -8.67
109.2, -9
109.3, -9.24
109.4, -9.56
109.5, -9.8
109.6, -10.04
109.7, -10.06
109.8, -10.11
109.9, -10.3
110, -10.51
110.1, -10.7
110.2, -10.84
110.3, -10.97
110.4, -10.91
110.5, -10.84
110.6, -10.91
110.7, -11.03
110.8, -11.17
110.9, -11.39
111, -11.46
111.1, -11.56
111.2, -11.62
111.3, -11.73
111.4, -11.75
111.5, -11.82
111.6, -11.94
111.7, -11.94
111.8, -12.02
111.9, -12.08
112, -12.22
112.1, -12.32
112.2, -12.54
112.3, -12.59
112.4, -12.53
112.5, -12.6
112.6, -12.59
112.7, -12.41
112.8, -12.21
112.9, -12.1
113, -12.16
113.1, -12.31
113.2, -12.58
113.3, -12.64
113.4, -12.61
113.5, -12.53
113.6, -12.64
113.7, -12.58
113.8, -12.41
113.9, -12.28
114, -12.3
114.1, -12.42
114.2, -12.38
114.3, -12.45
114.4, -12.22
114.5, -11.89
114.6, -11.62
114.7, -11.48
114.8, -11.35
114.9, -11.07
115, -11.01
115.1, -10.86
115.2, -10.79
115.3, -10.55
115.4, -10.21
115.5, -9.93
115.6, -9.74
115.7, -9.69
115.8, -9.71
115.9, -9.71
116, -9.61
116.1, -9.48
116.2, -9.33
116.3, -9.12
116.4, -8.95
116.5, -8.63
116.6, -8.48
116.7, -8.32
116.8, -7.97
116.9, -7.78
117, -7.52
117.1, -7.31
117.2, -7.16
117.3, -7.15
117.4, -6.94
117.5, -6.66
117.6, -6.41
117.7, -6.04
117.8, -5.9
117.9, -5.7
118, -5.44
118.1, -5.27
118.2, -5.03
118.3, -4.89
118.4, -4.82
118.5, -4.88
118.6, -4.59
118.7, -4.25
118.8, -3.96
118.9, -3.65
119, -3.47
119.1, -3.32
119.2, -3.24
119.3, -3.08
119.4, -2.8
119.5, -2.63
119.6, -2.36
119.7, -2.07
119.8, -1.84
119.9, -1.64
120, -1.53
120.1, -1.4
120.2, -1.23
120.3, -1.03
120.4, -0.99
120.5, -0.63
120.6, -0.31
120.7, 0.13
120.8, 0.43
120.9, 0.68
121, 0.9
121.1, 0.98
121.2, 1.14
121.3, 1.3
121.4, 1.69
121.5, 1.81
121.6, 2.09
121.7, 2.17
121.8, 2.42
121.9, 2.63
122, 2.94
122.1, 3.19
122.2, 3.49
122.3, 3.7
122.4, 3.66
122.5, 3.77
122.6, 4.09
122.7, 4.44
122.8, 4.8
122.9, 4.93
123, 5.07
123.1, 5.13
123.2, 5.25
123.3, 5.37
123.4, 5.68
123.5, 5.98
123.6, 6.38
123.7, 6.55
123.8, 6.64
123.9, 6.69
124, 6.81
124.1, 6.92
124.2, 7
124.3, 7.33
124.4, 7.45
124.5, 7.67
124.6, 7.82
124.7, 7.95
124.8, 8.04
124.9, 8.26
125, 8.54
125.1, 8.63
125.2, 8.65
125.3, 8.84
125.4, 9.04
125.5, 9.26
125.6, 9.39
125.7, 9.43
125.8, 9.62
125.9, 9.7
126, 9.97
126.1, 10.12
126.2, 10.12
126.3, 10.02
126.4, 9.8
126.5, 9.65
126.6, 9.54
126.7, 9.25
126.8, 9.03
126.9, 8.86
127, 8.64
127.1, 8.56
127.2, 8.56
127.3, 8.52
127.4, 8.41
127.5, 8.27
127.6, 8.14
127.7, 8.04
127.8, 8.03
127.9, 7.89
128, 7.96
128.1, 7.92
128.2, 7.83
128.3, 7.6
128.4, 7.54
128.5, 7.4
128.6, 7.26
128.7, 7.36
128.8, 7.16
128.9, 6.93
129, 6.82
129.1, 6.82
129.2, 6.89
129.3, 7.06
129.4, 7.05
129.5, 7.06
129.6, 7.07
129.7, 6.98
129.8, 6.93
129.9, 6.96
130, 7.08
130.1, 7.18
130.2, 7.21
130.3, 7.07
130.4, 6.94
130.5, 6.92
130.6, 6.95
130.7, 6.94
130.8, 6.91
130.9, 6.75
131, 6.63
131.1, 6.68
131.2, 6.91
131.3, 7.09
131.4, 6.96
131.5, 6.87
131.6, 6.58
131.7, 6.29
131.8, 6.07
131.9, 5.9
132, 5.53
132.1, 5.44
132.2, 5.39
132.3, 5.33
132.4, 5.17
132.5, 5.02
132.6, 4.7
132.7, 4.58
132.8, 4.49
132.9, 4.61
133, 4.45
133.1, 4.15
133.2, 3.93
133.3, 3.86
133.4, 3.77
133.5, 3.66
133.6, 3.52
133.7, 3.42
133.8, 3.36
133.9, 3.33
134, 3.32
134.1, 3.11
134.2, 2.8
134.3, 2.72
134.4, 2.97
134.5, 3.56
134.6, 4.05
134.7, 4.16
134.8, 4.07
134.9, 3.87
135, 3.69
135.1, 3.57
135.2, 3.69
135.3, 3.66
135.4, 3.81
135.5, 4
135.6, 3.91
135.7, 3.79
135.8, 3.84
135.9, 3.58
136, 3.27
136.1, 2.96
136.2, 2.71
136.3, 2.32
136.4, 2.36
136.5, 2.48
136.6, 2.6
136.7, 2.7
136.8, 2.69
136.9, 2.52
137, 2.28
137.1, 2.21
137.2, 2.34
137.3, 2.5
137.4, 2.84
137.5, 2.94
137.6, 2.98
137.7, 2.95
137.8, 2.82
137.9, 2.69
138, 2.76
138.1, 2.76
138.2, 2.67
138.3, 2.76
138.4, 2.58
138.5, 2.47
138.6, 2.26
138.7, 2.08
138.8, 2.04
138.9, 2.12
139, 2.14
139.1, 2.04
139.2, 2.04
139.3, 2.05
139.4, 2.32
139.5, 2.46
139.6, 2.49
139.7, 2.52
139.8, 2.53
139.9, 2.58
140, 2.65
140.1, 2.81
140.2, 3
140.3, 3.04
140.4, 3.02
140.5, 2.94
140.6, 2.78
140.7, 2.58
140.8, 2.53
140.9, 2.63
141, 2.72
141.1, 2.66
141.2, 2.69
141.3, 2.55
141.4, 2.41
141.5, 2.3
141.6, 2.16
141.7, 2.03
141.8, 1.9
141.9, 1.76
142, 1.51
142.1, 1.53
142.2, 1.55
142.3, 1.45
142.4, 1.24
142.5, 0.94
142.6, 0.78
142.7, 0.83
142.8, 0.91
142.9, 0.92
143, 0.97
143.1, 0.96
143.2, 0.94
143.3, 0.85
143.4, 0.8
143.5, 0.74
143.6, 0.63
143.7, 0.6
143.8, 0.52
143.9, 0.39
144, 0.39
144.1, 0.25
144.2, 0.1
144.3, -0.06
144.4, -0.13
144.5, -0.04
144.6, 0.05
144.7, -0.07
144.8, -0.13
144.9, -0.1
145, 0.09
145.1, 0.01
145.2, -0.13
145.3, -0.34
145.4, -0.45
145.5, -0.53
145.6, -0.56
145.7, -0.64
145.8, -0.62
145.9, -0.53
146, -0.45
146.1, -0.47
146.2, -0.54
146.3, -0.51
146.4, -0.29
146.5, -0.12
146.6, -0.11
146.7, -0.22
146.8, -0.2
146.9, -0.17
147, -0.23
147.1, -0.22
147.2, -0.34
147.3, -0.4
147.4, -0.44
147.5, -0.46
147.6, -0.55
147.7, -0.69
147.8, -0.89
147.9, -1.06
148, -1.11
148.1, -1.1
148.2, -1.21
148.3, -1.29
148.4, -1.45
148.5, -1.66
148.6, -1.68
148.7, -1.69
148.8, -1.67
148.9, -1.73
149, -1.73
149.1, -1.72
149.2, -1.66
149.3, -1.52
149.4, -1.48
149.5, -1.52
149.6, -1.52
149.7, -1.56
149.8, -1.45
149.9, -1.48
150, -1.46
150.1, -1.43
150.2, -1.35
150.3, -1.19
150.4, -1.16
150.5, -1.12
150.6, -1
150.7, -0.98
150.8, -0.94
150.9, -0.84
151, -0.75
151.1, -0.61
151.2, -0.48
151.3, -0.37
151.4, -0.22
151.5, -0.13
151.6, -0.15
151.7, -0.21
151.8, -0.17
151.9, -0.06
152, -0.03
152.1, 0
152.2, 0.35
152.3, 0.54
152.4, 0.54
152.5, 0.52
152.6, 0.69
152.7, 0.7
152.8, 0.79
152.9, 0.9
153, 0.99
153.1, 0.87
153.2, 0.89
153.3, 1.05
153.4, 1.13
153.5, 1.25
153.6, 1.36
153.7, 1.49
153.8, 1.58
153.9, 1.71
154, 1.86
154.1, 1.95
154.2, 1.88
154.3, 1.76
154.4, 1.77
154.5, 1.75
154.6, 1.77
154.7, 1.99
154.8, 2.04
154.9, 2.09
155, 2.04
155.1, 2.11
155.2, 2.17
155.3, 2.22
155.4, 2.28
155.5, 2.29
155.6, 2.25
155.7, 2.39
155.8, 2.49
155.9, 2.48
156, 2.34
156.1, 2.46
156.2, 2.76
156.3, 2.92
156.4, 3
156.5, 2.92
156.6, 2.98
156.7, 3.04
156.8, 3.15
156.9, 3.09
157, 3.05
157.1, 3.03
157.2, 3.11
157.3, 3.06
157.4, 2.94
157.5, 2.78
157.6, 2.75
157.7, 2.72
157.8, 2.72
157.9, 2.73
158, 2.91
158.1, 3.07
158.2, 3.15
158.3, 3.12
158.4, 3.12
158.5, 3.05
158.6, 3.07
158.7, 3.18
158.8, 3.27
158.9, 3.31
159, 3.3
159.1, 3.26
159.2, 3.19
159.3, 3.12
159.4, 3.09
159.5, 2.99
159.6, 2.89
159.7, 2.81
159.8, 2.85
159.9, 2.77
160, 2.59
160.1, 2.61
160.2, 2.62
160.3, 2.62
160.4, 2.57
160.5, 2.45
160.6, 2.19
160.7, 2.04
160.8, 2.01
160.9, 2.02
161, 1.92
161.1, 1.8
161.2, 1.8
161.3, 1.74
161.4, 1.64
161.5, 1.68
161.6, 1.5
161.7, 1.37
161.8, 1.21
161.9, 1.04
162, 1.06
162.1, 1.09
162.2, 1.01
162.3, 0.99
162.4, 0.87
162.5, 0.69
162.6, 0.44
162.7, 0.37
162.8, 0.35
162.9, 0.34
163, 0.23
163.1, 0.04
163.2, -0.2
163.3, -0.3
163.4, -0.33
163.5, -0.26
163.6, -0.26
163.7, -0.48
163.8, -0.74
163.9, -0.81
164, -0.79
164.1, -0.88
164.2, -0.89
164.3, -0.95
164.4, -1.08
164.5, -1.26
164.6, -1.36
164.7, -1.36
164.8, -1.46
164.9, -1.46
165, -1.63
165.1, -1.76
165.2, -1.9
165.3, -2.03
165.4, -2.13
165.5, -2.34
165.6, -2.47
165.7, -2.43
165.8, -2.49
165.9, -2.63
166, -2.6
166.1, -2.66
166.2, -2.79
166.3, -2.73
166.4, -2.72
166.5, -2.78
166.6, -2.92
166.7, -2.85
166.8, -2.83
166.9, -2.93
167, -2.99
167.1, -2.93
167.2, -2.82
167.3, -2.8
167.4, -2.92
167.5, -3.07
167.6, -3.16
167.7, -3.31
167.8, -3.37
167.9, -3.35
168, -3.18
168.1, -3.08
168.2, -3.06
168.3, -2.95
168.4, -2.88
168.5, -2.87
168.6, -2.8
168.7, -2.6
168.8, -2.42
168.9, -2.32
169, -2.31
169.1, -2.18
169.2, -2.04
169.3, -1.88
169.4, -1.72
169.5, -1.53
169.6, -1.44
169.7, -1.4
169.8, -1.42
169.9, -1.37
170, -1.36
170.1, -1.25
170.2, -1.2
170.3, -1.3
170.4, -1.24
170.5, -1.1
170.6, -0.9
170.7, -0.81
170.8, -0.75
170.9, -0.65
171, -0.51
171.1, -0.6
171.2, -0.62
171.3, -0.64
171.4, -0.57
171.5, -0.58
171.6, -0.55
171.7, -0.55
171.8, -0.42
171.9, -0.36
172, -0.26
172.1, -0.18
172.2, -0.17
172.3, -0.21
172.4, -0.34
172.5, -0.25
172.6, -0.14
172.7, 0
172.8, 0.24
172.9, 0.59
173, 0.89
173.1, 1.11
173.2, 1.26
173.3, 1.34
173.4, 1.56
173.5, 1.75
173.6, 1.83
173.7, 2.02
173.8, 2.25
173.9, 2.44
174, 2.51
174.1, 2.7
174.2, 2.85
174.3, 2.88
174.4, 2.67
174.5, 2.47
174.6, 2.45
174.7, 2.75
174.8, 3
174.9, 3.19
175, 3.31
175.1, 3.38
175.2, 3.57
175.3, 3.74
175.4, 3.91
175.5, 3.9
175.6, 3.99
175.7, 4.03
175.8, 4.14
175.9, 4.19
176, 4.28
176.1, 4.27
176.2, 4.34
176.3, 4.34
176.4, 4.59
176.5, 4.79
176.6, 4.94
176.7, 5.02
176.8, 5.13
176.9, 5.25
177, 5.29
177.1, 5.36
177.2, 5.49
177.3, 5.49
177.4, 5.61
177.5, 5.8
177.6, 5.9
177.7, 5.87
177.8, 5.93
177.9, 5.93
178, 6.18
178.1, 6.17
178.2, 6.28
178.3, 6.29
178.4, 6.2
178.5, 6.21
178.6, 6.2
178.7, 6.06
178.8, 6.01
178.9, 6.06
179, 6.12
179.1, 6.14
179.2, 6.19
179.3, 6.19
179.4, 6.41
179.5, 6.66
179.6, 6.81
179.7, 6.95
179.8, 7.02
179.9, 6.99
180, 6.92
180.1, 7.22
180.2, 7.32
180.3, 7.46
180.4, 7.47
180.5, 7.56
180.6, 7.7
180.7, 7.85
180.8, 7.8
180.9, 7.77
181, 7.8
181.1, 7.88
181.2, 7.93
181.3, 7.93
181.4, 7.88
181.5, 7.93
181.6, 8.02
181.7, 8.17
181.8, 8.24
181.9, 8.44
182, 8.58
182.1, 8.68
182.2, 8.82
182.3, 8.95
182.4, 9.12
182.5, 9.24
182.6, 9.41
182.7, 9.47
182.8, 10.29
182.9, 10.4
183, 9.83
183.1, 10.01
183.2, 10.24
183.3, 10.24
183.4, 10.1
183.5, 9.97
183.6, 10.09
183.7, 10.36
183.8, 10.77
183.9, 11.17
184, 11.48
184.1, 11.8
184.2, 12
184.3, 12.13
184.4, 12.13
184.5, 12.22
184.6, 12.27
184.7, 12.35
184.8, 12.44
184.9, 12.46
185, 12.56
185.1, 12.68
185.2, 12.8
185.3, 12.85
185.4, 12.72
185.5, 12.85
185.6, 12.83
185.7, 12.99
185.8, 13.04
185.9, 13.21
186, 13.26
186.1, 13.38
186.2, 13.43
186.3, 13.54
186.4, 13.36
186.5, 13.25
186.6, 13.36
186.7, 13.48
186.8, 13.67
186.9, 13.79
187, 13.85
187.1, 13.91
187.2, 13.97
187.3, 14
187.4, 14.09
187.5, 14.1
187.6, 14.21
187.7, 14.18
187.8, 14.23
187.9, 14.18
188, 14.25
188.1, 14.42
188.2, 14.59
188.3, 14.69
188.4, 14.73
188.5, 14.8
188.6, 14.89
188.7, 14.83
188.8, 14.83
188.9, 14.99
189, 15.23
189.1, 15.53
189.2, 15.71
189.3, 15.94
189.4, 15.99
189.5, 16.15
189.6, 16.26
189.7, 16.51
189.8, 16.73
189.9, 16.95
190, 17.11
190.1, 17.18
190.2, 17.19
190.3, 17.29
190.4, 17.45
190.5, 17.54
190.6, 17.71
190.7, 17.87
190.8, 17.98
190.9, 18.01
191, 18.14
191.1, 18.42
191.2, 18.48
191.3, 18.55
191.4, 18.73
191.5, 18.95
191.6, 19.01
191.7, 19.16
191.8, 19.36
191.9, 19.51
192, 19.72
192.1, 19.8
192.2, 19.92
192.3, 20
192.4, 20.16
192.5, 20.38
192.6, 20.49
192.7, 20.65
192.8, 20.72
192.9, 20.62
193, 20.49
193.1, 20.41
193.2, 20.33
193.3, 19.99
193.4, 19.69
193.5, 19.53
193.6, 19.43
193.7, 19.28
193.8, 19.1
193.9, 18.8
194, 18.58
194.1, 18.52
194.2, 18.55
194.3, 18.55
194.4, 18.44
194.5, 18.41
194.6, 18.3
194.7, 18.13
194.8, 17.85
194.9, 17.63
195, 17.51
195.1, 17.29
195.2, 17.15
195.3, 17.11
195.4, 17.08
195.5, 16.98
195.6, 16.72
195.7, 16.43
195.8, 16.41
195.9, 16.61
196, 16.71
196.1, 16.75
196.2, 16.91
196.3, 17.02
196.4, 16.95
196.5, 16.79
196.6, 16.51
196.7, 16.17
196.8, 15.89
196.9, 15.71
197, 15.44
197.1, 15.16
197.2, 14.99
197.3, 14.96
197.4, 14.84
197.5, 14.73
197.6, 14.57
197.7, 14.46
197.8, 14.31
197.9, 14.29
198, 14.18
198.1, 14.11
198.2, 14.02
198.3, 13.95
198.4, 13.82
198.5, 13.59
198.6, 13.49
198.7, 13.47
198.8, 13.46
198.9, 13.35
199, 13.03
199.1, 12.8
199.2, 12.56
199.3, 12.36
199.4, 12.21
199.5, 12.02
199.6, 11.68
199.7, 11.46
199.8, 11.23
199.9, 10.97
200, 10.76
200.1, 10.55
200.2, 10.51
200.3, 10.43
200.4, 10.19
200.5, 10
200.6, 9.89
200.7, 9.85
200.8, 9.64
200.9, 9.47
201, 9.29
201.1, 9.22
201.2, 9.13
201.3, 9
201.4, 8.95
201.5, 8.81
201.6, 8.55
201.7, 8.48
201.8, 8.53
201.9, 8.43
202, 8.26
202.1, 8.06
202.2, 7.75
202.3, 7.56
202.4, 7.48
202.5, 7.4
202.6, 7.21
202.7, 6.94
202.8, 6.83
202.9, 6.73
203, 6.56
203.1, 6.42
203.2, 6.4
203.3, 6.31
203.4, 6.16
203.5, 5.99
203.6, 5.8
203.7, 5.62
203.8, 5.51
203.9, 5.38
204, 5.1
204.1, 4.84
204.2, 4.78
204.3, 4.51
204.4, 4.27
204.5, 3.86
204.6, 3.5
204.7, 3.17
204.8, 2.87
204.9, 2.86
205, 2.82
205.1, 2.71
205.2, 2.46
205.3, 2.31
205.4, 2.27
205.5, 2.29
205.6, 2.18
205.7, 1.96
205.8, 1.89
205.9, 1.78
206, 1.78
206.1, 1.7
206.2, 1.56
206.3, 1.41
206.4, 1.34
206.5, 1.33
206.6, 1.34
206.7, 1.32
206.8, 1.33
206.9, 1.26
207, 1.21
207.1, 1.21
207.2, 1.28
207.3, 1.27
207.4, 1.24
207.5, 1.31
207.6, 1.19
207.7, 1.07
207.8, 0.88
207.9, 0.87
208, 0.8
208.1, 0.8
208.2, 0.87
208.3, 0.94
208.4, 1.1
208.5, 1.04
208.6, 0.95
208.7, 0.69
208.8, 0.62
208.9, 0.53
209, 0.43
209.1, 0.46
209.2, 0.68
209.3, 0.74
209.4, 0.94
209.5, 1.21
209.6, 1.48
209.7, 1.58
209.8, 1.38
209.9, 1.19
210, 1.04
210.1, 0.85
210.2, 0.7
210.3, 0.61
210.4, 0.33
210.5, 0.18
210.6, 0.2
210.7, 0.13
210.8, 0.01
210.9, -0.03
211, -0.16
211.1, -0.32
211.2, -0.37
211.3, -0.3
211.4, -0.29
211.5, -0.35
211.6, -0.47
211.7, -0.63
211.8, -0.77
211.9, -0.95
212, -1.02
212.1, -1.12
212.2, -1.37
212.3, -1.8
212.4, -2.26
212.5, -2.71
212.6, -2.78
212.7, -2.43
212.8, -2.06
212.9, -2.02
213, -2.28
213.1, -2.74
213.2, -3.11
213.3, -3.45
213.4, -3.75
213.5, -4.01
213.6, -4.15
213.7, -4.17
213.8, -4.31
213.9, -4.34
214, -4.35
214.1, -4.59
214.2, -4.78
214.3, -4.9
214.4, -4.89
214.5, -4.93
214.6, -4.93
214.7, -4.88
214.8, -4.77
214.9, -4.82
215, -4.93
215.1, -5.05
215.2, -5.02
215.3, -4.87
215.4, -4.74
215.5, -4.56
215.6, -4.44
215.7, -4.54
215.8, -4.66
215.9, -4.73
216, -4.67
216.1, -4.68
216.2, -4.61
216.3, -4.4
216.4, -4.26
216.5, -4.29
216.6, -4.4
216.7, -4.45
216.8, -4.47
216.9, -4.39
217, -4.38
217.1, -4.36
217.2, -4.16
217.3, -4.1
217.4, -3.97
217.5, -3.94
217.6, -3.94
217.7, -4.09
217.8, -4.23
217.9, -4.37
218, -4.5
218.1, -4.76
218.2, -4.83
218.3, -4.96
218.4, -4.99
218.5, -5.04
218.6, -5.03
218.7, -5.15
218.8, -5.32
218.9, -5.44
219, -5.54
219.1, -5.62
219.2, -5.86
219.3, -5.91
219.4, -6.05
219.5, -6.17
219.6, -6.31
219.7, -6.37
219.8, -6.44
219.9, -6.37
220, -6.64
220.1, -6.79
220.2, -6.88
220.3, -6.76
220.4, -6.59
220.5, -6.38
220.6, -6.44
220.7, -6.66
220.8, -6.86
220.9, -7.04
221, -7.09
221.1, -7.12
221.2, -7.17
221.3, -7.23
221.4, -7.39
221.5, -7.44
221.6, -7.52
221.7, -7.62
221.8, -7.59
221.9, -7.58
222, -7.72
222.1, -7.77
222.2, -7.68
222.3, -7.54
222.4, -7.42
222.5, -7.69
222.6, -7.83
222.7, -7.97
222.8, -8.08
222.9, -8.15
223, -8.32
223.1, -8.44
223.2, -8.45
223.3, -8.46
223.4, -8.54
223.5, -8.68
223.6, -8.55
223.7, -8.6
223.8, -8.67
223.9, -8.91
224, -9
224.1, -8.96
224.2, -8.69
224.3, -8.33
224.4, -7.99
224.5, -8
224.6, -7.92
224.7, -7.5
224.8, -6.77
224.9, -6.25
225, -5.88
225.1, -5.68
225.2, -5.54
225.3, -5.39
225.4, -5.31
225.5, -5.17
225.6, -4.96
225.7, -4.95
225.8, -4.97
225.9, -4.98
226, -4.95
226.1, -5.11
226.2, -5.29
226.3, -5.27
226.4, -5.3
226.5, -5.09
226.6, -4.63
226.7, -4.14
226.8, -3.95
226.9, -3.88
227, -3.87
227.1, -3.79
227.2, -3.74
227.3, -3.63
227.4, -3.34
227.5, -2.81
227.6, -2.17
227.7, -1.8
227.8, -1.6
227.9, -1.24
228, -0.59
228.1, -0.15
228.2, 0.09
228.3, 0.05
228.4, 0.04
228.5, 0.12
228.6, 0.31
228.7, 0.42
228.8, 0.54
228.9, 0.46
229, 0.65
229.1, 0.59
229.2, 0.53
229.3, 0.53
229.4, 0.54
229.5, 0.56
229.6, 0.59
229.7, 0.72
229.8, 1.04
229.9, 1.16
230, 1.3
230.1, 1.53
230.2, 1.94
230.3, 2.17
230.4, 2.04
230.5, 2.08
230.6, 2.34
230.7, 2.68
230.8, 2.81
230.9, 2.97
231, 3.15
231.1, 3.54
231.2, 3.88
231.3, 4.09
231.4, 4.09
231.5, 4.07
231.6, 4.21
231.7, 4.39
231.8, 4.48
231.9, 4.48
232, 4.44
232.1, 4.43
232.2, 4.47
232.3, 4.54
232.4, 4.42
232.5, 4.61
232.6, 4.84
232.7, 5.01
232.8, 5.05
232.9, 5.26
233, 5.41
233.1, 5.48
233.2, 5.59
233.3, 5.77
233.4, 5.98
233.5, 6.22
233.6, 6.43
233.7, 6.64
233.8, 6.78
233.9, 7.21
234, 7.54
234.1, 7.7
234.2, 7.77
234.3, 7.99
234.4, 8.21
234.5, 8.09
234.6, 8.02
234.7, 7.95
234.8, 7.99
234.9, 8.06
235, 8.24
235.1, 8.24
235.2, 8.17
235.3, 8.14
235.4, 8.25
235.5, 8.25
235.6, 8.23
235.7, 8.23
235.8, 8.07
235.9, 7.85
236, 7.81
236.1, 7.84
236.2, 7.76
236.3, 7.62
236.4, 7.65
236.5, 7.81
236.6, 7.92
236.7, 7.71
236.8, 7.52
236.9, 7.25
237, 7.29
237.1, 7.18
237.2, 7.13
237.3, 7.13
237.4, 7.21
237.5, 7.3
237.6, 7.34
237.7, 7.39
237.8, 7.43
237.9, 7.36
238, 7.32
238.1, 7.1
238.2, 6.86
238.3, 6.72
238.4, 6.73
238.5, 6.86
238.6, 6.66
238.7, 6.49
238.8, 6.41
238.9, 6.56
239, 6.69
239.1, 6.77
239.2, 6.84
239.3, 6.84
239.4, 6.85
239.5, 6.9
239.6, 6.93
239.7, 6.97
239.8, 6.93
239.9, 6.89
240, 6.88
240.1, 6.86
240.2, 6.74
240.3, 6.57
240.4, 6.43
240.5, 6.3
240.6, 6.21
240.7, 6.15
240.8, 6.1
240.9, 5.92
241, 5.77
241.1, 5.69
241.2, 5.55
241.3, 5.36
241.4, 5.24
241.5, 5.21
241.6, 5.06
241.7, 4.73
241.8, 4.47
241.9, 4.29
242, 4.16
242.1, 3.99
242.2, 3.82
242.3, 3.78
242.4, 3.63
242.5, 3.52
242.6, 3.39
242.7, 3.26
242.8, 3.25
242.9, 3.33
243, 3.27
243.1, 3.27
243.2, 3.51
243.3, 3.76
243.4, 3.98
243.5, 4.28
243.6, 4.56
243.7, 4.91
243.8, 5.18
243.9, 5.43
244, 5.65
244.1, 5.8
244.2, 5.91
244.3, 6.08
244.4, 6.26
244.5, 6.39
244.6, 6.51
244.7, 6.65
244.8, 6.79
244.9, 6.99
245, 7.1
245.1, 7.26
245.2, 7.31
245.3, 7.38
245.4, 7.6
245.5, 7.78
245.6, 8.08
245.7, 8.26
245.8, 8.5
245.9, 8.56
246, 8.54
246.1, 8.37
246.2, 8.62
246.3, 8.94
246.4, 9.2
246.5, 9.45
246.6, 9.75
246.7, 9.92
246.8, 10.11
246.9, 10.34
247, 10.55
247.1, 10.75
247.2, 10.82
247.3, 10.9
247.4, 10.9
247.5, 10.97
247.6, 10.99
247.7, 11.07
247.8, 11.07
247.9, 11.14
248, 11.14
248.1, 11.06
248.2, 10.93
248.3, 10.88
248.4, 10.91
248.5, 10.91
248.6, 10.98
248.7, 10.99
248.8, 11.05
248.9, 11.23
249, 11.32
249.1, 11.39
249.2, 11.36
249.3, 11.23
249.4, 11.22
249.5, 11.29
249.6, 11.45
249.7, 11.7
249.8, 11.85
249.9, 11.93
250, 11.98
250.1, 11.92
250.2, 11.84
250.3, 11.87
250.4, 12
250.5, 12.01
250.6, 11.95
250.7, 11.81
250.8, 11.51
250.9, 11.52
251, 11.49
251.1, 11.46
251.2, 11.17
251.3, 11.13
251.4, 11.24
251.5, 11.34
251.6, 11.35
251.7, 11.37
251.8, 11.43
251.9, 11.3
252, 11.21
252.1, 11.18
252.2, 11.28
252.3, 11.15
252.4, 11.21
252.5, 11.19
252.6, 11.19
252.7, 11.22
252.8, 11.13
252.9, 11.02
253, 10.96
253.1, 11.04
253.2, 11.01
253.3, 11
253.4, 10.97
253.5, 10.6
253.6, 10.23
253.7, 10.21
253.8, 10.38
253.9, 10.37
254, 10.4
254.1, 10.37
254.2, 10.33
254.3, 10.17
254.4, 10.02
254.5, 10.02
254.6, 10.11
254.7, 9.97
254.8, 10.03
254.9, 9.9
255, 9.83
255.1, 9.74
255.2, 9.77
255.3, 9.84
255.4, 9.77
255.5, 9.64
255.6, 9.62
255.7, 9.49
255.8, 9.26
255.9, 9.1
256, 8.83
256.1, 8.77
256.2, 8.66
256.3, 8.67
256.4, 8.64
256.5, 8.67
256.6, 8.65
256.7, 8.62
256.8, 8.59
256.9, 8.52
257, 8.45
257.1, 8.15
257.2, 7.9
257.3, 7.68
257.4, 7.44
257.5, 7.12
257.6, 6.87
257.7, 6.61
257.8, 6.3
257.9, 5.97
258, 5.89
258.1, 5.76
258.2, 5.68
258.3, 5.55
258.4, 5.45
258.5, 5.24
258.6, 4.97
258.7, 4.86
258.8, 4.6
258.9, 4.38
259, 4.12
259.1, 3.82
259.2, 3.4
259.3, 3.18
259.4, 2.9
259.5, 2.67
259.6, 2.33
259.7, 1.81
259.8, 1.33
259.9, 1.05
260, 0.69
260.1, 0.43
260.2, 0.23
260.3, 0.15
260.4, 0
260.5, -0.37
260.6, -0.61
260.7, -0.72
260.8, -0.76
260.9, -0.98
261, -1.22
261.1, -1.42
261.2, -1.65
261.3, -1.89
261.4, -2.13
261.5, -2.25
261.6, -2.41
261.7, -2.48
261.8, -2.58
261.9, -2.62
262, -2.7
262.1, -2.95
262.2, -3.2
262.3, -3.47
262.4, -3.79
262.5, -3.92
262.6, -4.15
262.7, -4.13
262.8, -4.29
262.9, -4.43
263, -4.56
263.1, -4.73
263.2, -4.87
263.3, -4.93
263.4, -4.85
263.5, -4.88
263.6, -5.07
263.7, -5.47
263.8, -5.89
263.9, -6.15
264, -6.36
264.1, -6.48
264.2, -6.72
264.3, -7.06
264.4, -7.36
264.5, -7.67
264.6, -7.85
264.7, -8.23
264.8, -8.44
264.9, -8.74
265, -8.82
265.1, -8.85
265.2, -9.06
265.3, -9.27
265.4, -9.63
265.5, -9.84
265.6, -10.18
265.7, -10.37
265.8, -10.7
265.9, -10.86
266, -11
266.1, -11.22
266.2, -11.51
266.3, -11.89
266.4, -12.38
266.5, -12.8
266.6, -13.2
266.7, -13.49
266.8, -13.81
266.9, -14.08
267, -14.42
267.1, -14.69
267.2, -15.02
267.3, -15.35
267.4, -15.73
267.5, -16.13
267.6, -16.45
267.7, -16.66
267.8, -16.8
267.9, -17.15
268, -17.6
268.1, -17.97
268.2, -18.32
268.3, -18.78
268.4, -19.06
268.5, -19.15
268.6, -19.26
268.7, -19.42
268.8, -19.54
268.9, -19.76
269, -20.1
269.1, -20.23
269.2, -20.25
269.3, -20.54
269.4, -20.91
269.5, -21.13
269.6, -21.34
269.7, -21.63
269.8, -21.76
269.9, -21.89
270, -22.06
270.1, -22.37
270.2, -22.54
270.3, -22.83
270.4, -23.03
270.5, -23.24
270.6, -23.51
270.7, -23.9
270.8, -24.08
270.9, -24.1
271, -24.19
271.1, -24.34
271.2, -24.44
271.3, -24.62
271.4, -24.9
271.5, -25.1
271.6, -25.05
271.7, -25.06
271.8, -25.28
271.9, -25.53
272, -25.6
272.1, -25.61
272.2, -25.71
272.3, -25.8
272.4, -25.97
272.5, -26.07
272.6, -26.1
272.7, -26.17
272.8, -26.33
272.9, -26.43
273, -26.65
273.1, -26.76
273.2, -26.79
273.3, -26.82
273.4, -26.9
273.5, -27.02
273.6, -27.16
273.7, -27.28
273.8, -27.39
273.9, -27.49
274, -27.67
274.1, -27.86
274.2, -27.89
274.3, -27.86
274.4, -27.91
274.5, -28.04
274.6, -28.09
274.7, -28
274.8, -27.92
274.9, -27.93
275, -28.03
275.1, -28.02
275.2, -27.98
275.3, -28.07
275.4, -28.18
275.5, -28.24
275.6, -28.29
275.7, -28.34
275.8, -28.39
275.9, -28.51
276, -28.62
276.1, -28.66
276.2, -28.79
276.3, -28.85
276.4, -28.84
276.5, -28.75
276.6, -28.57
276.7, -28.42
276.8, -28.26
276.9, -28.21
277, -28.2
277.1, -28.18
277.2, -28.21
277.3, -28.1
277.4, -28.05
277.5, -28.19
277.6, -28.32
277.7, -28.44
277.8, -28.56
277.9, -28.88
278, -29.05
278.1, -29.1
278.2, -29
278.3, -28.94
278.4, -28.83
278.5, -28.68
278.6, -28.54
278.7, -28.27
278.8, -28.1
278.9, -27.83
279, -27.53
279.1, -27.33
279.2, -27.18
279.3, -27.11
279.4, -27.01
279.5, -26.93
279.6, -26.87
279.7, -26.82
279.8, -26.78
279.9, -26.93
280, -26.84
280.1, -26.53
280.2, -26.29
280.3, -26.37
280.4, -26.42
280.5, -26.19
280.6, -25.97
280.7, -25.89
280.8, -25.71
280.9, -25.43
281, -25.12
281.1, -24.85
281.2, -24.44
281.3, -24.11
281.4, -23.78
281.5, -23.54
281.6, -23.35
281.7, -23.21
281.8, -23.13
281.9, -23.17
282, -23.3
282.1, -23.46
282.2, -23.51
282.3, -23.32
282.4, -23.06
282.5, -22.79
282.6, -22.45
282.7, -22.17
282.8, -21.87
282.9, -21.61
283, -21.48
283.1, -21.29
283.2, -21.07
283.3, -20.86
283.4, -20.73
283.5, -20.52
283.6, -20.4
283.7, -20.12
283.8, -19.76
283.9, -19.47
284, -19.41
284.1, -19.29
284.2, -19.26
284.3, -19.15
284.4, -19.03
284.5, -18.84
284.6, -18.69
284.7, -18.51
284.8, -18.4
284.9, -18.38
285, -18.39
285.1, -18.22
285.2, -18.13
285.3, -17.84
285.4, -17.6
285.5, -17.34
285.6, -17.25
285.7, -16.94
285.8, -16.56
285.9, -16.3
286, -16.08
286.1, -15.94
286.2, -15.84
286.3, -15.64
286.4, -15.36
286.5, -15.06
286.6, -14.86
286.7, -14.64
286.8, -14.57
286.9, -14.48
287, -14.35
287.1, -14.25
287.2, -14.11
287.3, -13.94
287.4, -13.78
287.5, -13.61
287.6, -13.41
287.7, -13.21
287.8, -13.04
287.9, -12.9
288, -12.67
288.1, -12.41
288.2, -12.22
288.3, -12.1
288.4, -11.77
288.5, -11.18
288.6, -10.72
288.7, -10.41
288.8, -10.28
288.9, -10.25
289, -9.97
289.1, -9.79
289.2, -9.45
289.3, -9.28
289.4, -9.07
289.5, -8.88
289.6, -8.49
289.7, -8.08
289.8, -7.74
289.9, -7.43
290, -7.26
290.1, -7.11
290.2, -6.87
290.3, -6.41
290.4, -6.07
290.5, -5.66
290.6, -5.24
290.7, -4.79
290.8, -4.47
290.9, -4.15
291, -3.79
291.1, -3.38
291.2, -2.92
291.3, -2.62
291.4, -2.44
291.5, -2.2
291.6, -1.91
291.7, -1.56
291.8, -1.33
291.9, -1.06
292, -0.81
292.1, -0.5
292.2, -0.21
292.3, -0.09
292.4, 0.25
292.5, 0.77
292.6, 1.33
292.7, 1.69
292.8, 1.94
292.9, 2.26
293, 2.59
293.1, 2.91
293.2, 3.27
293.3, 3.52
293.4, 3.83
293.5, 4.19
293.6, 4.55
293.7, 5.02
293.8, 5.41
293.9, 5.73
294, 6.13
294.1, 6.51
294.2, 6.99
294.3, 7.3
294.4, 7.53
294.5, 7.84
294.6, 8.19
294.7, 8.43
294.8, 8.62
294.9, 8.94
295, 9.25
295.1, 9.54
295.2, 9.75
295.3, 9.98
295.4, 10.23
295.5, 10.55
295.6, 10.88
295.7, 11.3
295.8, 11.71
295.9, 12.07
296, 12.58
296.1, 12.96
296.2, 13.25
296.3, 13.65
296.4, 14
296.5, 14.35
296.6, 14.59
296.7, 14.84
296.8, 15.03
296.9, 15.32
297, 15.61
297.1, 16.03
298.1, 16.03
298.2, -0.54
ENDTABLE
#RadioCtrl0 1    
#RadioCtrl1 1    



#EMBEDDED_NOTES
#Road roughness is elevation of the road that is added under the tires as the vehicle travels. It is not seen in the animator.
#
#Rough Road 04:
#
#New Asphalt Overlay
#55 in/mi (0.87 m/km) IRI
#Test Road Speed Limit = 70 mph (112.65 kph)
#M-14 East, East of US-23 Interchange
#
#IRI = International Roughness Index
#END_EMBEDDED_NOTES

LOG_ENTRY Used Dataset: Surface: Roughness Profiles; { Road Roughness: Sample Data } Rough Road 04 - 55 in/mi (0.87 m/km)
#Library : Surface: Roughness Profiles
#DataSet : Rough Road 04 - 55 in/mi (0.87 m/km)
#Category: Road Roughness: Sample Data
#FileID  : Profile_c7863dc9-2fb3-4bdf-b541-01e1c6e1e029
#Product : TruckSim 2020.1
#VehCode Roughness Profile

END
