PARSFILE
#FullDataName Surface: Roughness Profiles`Rough Road 03 - 66 in/mi (1.04 m/km)`Road Roughness: Sample Data
#CheckBox0 0    

#RingCtrl0 LINEAR_LOOP
#DiagramOne0
ISIDE 1
Z_PROFILE_TABLE LINEAR_LOOP
0, -6.53
0.1, -6.75
0.2, -6.71
0.3, -6.63
0.4, -6.42
0.5, -6.28
0.6, -6.12
0.7, -5.95
0.8, -5.64
0.9, -5.4
1, -5.14
1.1, -4.99
1.2, -4.82
1.3, -4.81
1.4, -4.82
1.5, -4.92
1.6, -4.7
1.7, -4.54
1.8, -4.54
1.9, -4.42
2, -4.3
2.1, -4.21
2.2, -4.08
2.3, -3.83
2.4, -3.68
2.5, -3.6
2.6, -3.57
2.7, -3.52
2.8, -3.44
2.9, -3.39
3, -3.56
3.1, -3.7
3.2, -3.69
3.3, -3.57
3.4, -3.46
3.5, -3.22
3.6, -3.04
3.7, -3.05
3.8, -2.99
3.9, -2.96
4, -2.93
4.1, -2.82
4.2, -2.68
4.3, -2.58
4.4, -2.44
4.5, -2.17
4.6, -1.99
4.7, -1.76
4.8, -1.45
4.9, -1.22
5, -0.95
5.1, -0.78
5.2, -0.7
5.3, -0.76
5.4, -0.84
5.5, -0.96
5.6, -1.09
5.7, -1.17
5.8, -1.1
5.9, -0.91
6, -0.76
6.1, -0.42
6.2, 0
6.3, 0.32
6.4, 0.57
6.5, 0.66
6.6, 0.68
6.7, 0.95
6.8, 1.33
6.9, 1.72
7, 1.96
7.1, 2.2
7.2, 2.45
7.3, 2.62
7.4, 2.7
7.5, 2.8
7.6, 2.85
7.7, 2.99
7.8, 3.21
7.9, 3.45
8, 3.61
8.1, 3.72
8.2, 3.89
8.3, 4.1
8.4, 4.24
8.5, 4.38
8.6, 4.72
8.7, 4.95
8.8, 5.35
8.9, 5.71
9, 5.77
9.1, 5.72
9.2, 5.7
9.3, 5.77
9.4, 5.77
9.5, 5.88
9.6, 5.95
9.7, 6.03
9.8, 6.1
9.9, 6.14
10, 6.1
10.1, 6.13
10.2, 6.28
10.3, 6.53
10.4, 6.7
10.5, 6.68
10.6, 6.81
10.7, 6.91
10.8, 6.91
10.9, 7.01
11, 7.16
11.1, 7.35
11.2, 7.55
11.3, 7.74
11.4, 7.83
11.5, 7.99
11.6, 7.73
11.7, 7.21
11.8, 7.23
11.9, 8.2
12, 8.26
12.1, 8.3
12.2, 8.34
12.3, 8.31
12.4, 8.23
12.5, 8.21
12.6, 8.31
12.7, 8.36
12.8, 8.43
12.9, 8.72
13, 9.02
13.1, 9.22
13.2, 9.4
13.3, 9.45
13.4, 9.39
13.5, 9.38
13.6, 9.45
13.7, 9.72
13.8, 9.8
13.9, 9.86
14, 9.94
14.1, 10.21
14.2, 10.58
14.3, 10.79
14.4, 10.95
14.5, 11.17
14.6, 11.3
14.7, 11.28
14.8, 11.17
14.9, 11.23
15, 11.31
15.1, 11.51
15.2, 11.63
15.3, 11.64
15.4, 11.75
15.5, 11.82
15.6, 11.92
15.7, 12.13
15.8, 12.13
15.9, 12.11
16, 12.08
16.1, 12.15
16.2, 12.16
16.3, 12.27
16.4, 12.28
16.5, 12.39
16.6, 12.37
16.7, 12.41
16.8, 12.51
16.9, 12.68
17, 12.92
17.1, 12.92
17.2, 12.92
17.3, 13.04
17.4, 13.08
17.5, 13.14
17.6, 13.18
17.7, 13.17
17.8, 13.2
17.9, 13.23
18, 13.3
18.1, 13.37
18.2, 13.53
18.3, 13.59
18.4, 13.56
18.5, 13.78
18.6, 13.97
18.7, 14.24
18.8, 14.49
18.9, 14.68
19, 14.89
19.1, 15.07
19.2, 15.12
19.3, 15.21
19.4, 15.35
19.5, 15.5
19.6, 15.67
19.7, 15.76
19.8, 15.81
19.9, 15.76
20, 15.72
20.1, 15.82
20.2, 15.89
20.3, 16.05
20.4, 16.14
20.5, 16.22
20.6, 16.31
20.7, 16.34
20.8, 16.37
20.9, 16.49
21, 16.61
21.1, 16.81
21.2, 16.82
21.3, 16.77
21.4, 16.73
21.5, 16.77
21.6, 16.95
21.7, 17.07
21.8, 17.22
21.9, 17.45
22, 17.65
22.1, 17.77
22.2, 17.93
22.3, 17.99
22.4, 18.02
22.5, 18.03
22.6, 18.09
22.7, 18.22
22.8, 18.34
22.9, 18.37
23, 18.41
23.1, 18.52
23.2, 18.67
23.3, 18.79
23.4, 18.98
23.5, 19.05
23.6, 19.15
23.7, 19.29
23.8, 19.27
23.9, 19.09
24, 19.09
24.1, 18.37
24.2, 18.25
24.3, 18.37
24.4, 18.77
24.5, 18.62
24.6, 18.5
24.7, 18.48
24.8, 18.45
24.9, 18.33
25, 18.2
25.1, 17.99
25.2, 17.76
25.3, 17.82
25.4, 17.82
25.5, 17.8
25.6, 17.55
25.7, 17.4
25.8, 17.48
25.9, 17.67
26, 17.88
26.1, 17.88
26.2, 17.76
26.3, 17.74
26.4, 17.72
26.5, 17.7
26.6, 17.78
26.7, 17.99
26.8, 17.95
26.9, 17.84
27, 17.78
27.1, 17.68
27.2, 17.64
27.3, 17.66
27.4, 17.69
27.5, 17.68
27.6, 17.66
27.7, 17.59
27.8, 17.54
27.9, 17.36
28, 17.4
28.1, 17.44
28.2, 17.57
28.3, 17.55
28.4, 17.65
28.5, 17.65
28.6, 17.73
28.7, 17.79
28.8, 17.86
28.9, 17.85
29, 17.82
29.1, 17.85
29.2, 17.85
29.3, 17.88
29.4, 18.01
29.5, 18.14
29.6, 18.2
29.7, 18.2
29.8, 18.23
29.9, 18.16
30, 18.05
30.1, 18
30.2, 18.1
30.3, 18.26
30.4, 18.24
30.5, 18.2
30.6, 18.17
30.7, 18.24
30.8, 18.22
30.9, 18.24
31, 18.31
31.1, 18.44
31.2, 18.46
31.3, 18.53
31.4, 18.49
31.5, 18.46
31.6, 18.44
31.7, 18.41
31.8, 18.35
31.9, 18.29
32, 18.19
32.1, 18.23
32.2, 18.21
32.3, 18.21
32.4, 18.11
32.5, 18.07
32.6, 18.04
32.7, 18.21
32.8, 18.38
32.9, 18.44
33, 18.51
33.1, 18.64
33.2, 18.68
33.3, 18.68
33.4, 18.61
33.5, 18.49
33.6, 18.34
33.7, 18.25
33.8, 18.13
33.9, 18.2
34, 18.38
34.1, 18.37
34.2, 18.42
34.3, 18.58
34.4, 18.62
34.5, 18.57
34.6, 18.48
34.7, 18.42
34.8, 18.35
34.9, 18.33
35, 18.27
35.1, 18.3
35.2, 18.25
35.3, 18.18
35.4, 18.16
35.5, 18.18
35.6, 18.2
35.7, 18.19
35.8, 18.19
35.9, 18.28
36, 18.23
36.1, 18.43
36.2, 18.63
36.3, 18.45
36.4, 17.66
36.5, 17.43
36.6, 17.85
36.7, 17.66
36.8, 17.41
36.9, 17.25
37, 17.1
37.1, 16.94
37.2, 16.61
37.3, 16.47
37.4, 16.4
37.5, 16.41
37.6, 16.32
37.7, 16.38
37.8, 16.4
37.9, 16.27
38, 16.21
38.1, 16.29
38.2, 16.28
38.3, 16.26
38.4, 16.2
38.5, 16.21
38.6, 16.23
38.7, 16.08
38.8, 15.87
38.9, 15.79
39, 15.69
39.1, 15.59
39.2, 15.61
39.3, 15.53
39.4, 15.29
39.5, 15.13
39.6, 15.07
39.7, 14.93
39.8, 14.82
39.9, 14.81
40, 14.71
40.1, 14.68
40.2, 14.62
40.3, 14.4
40.4, 14.34
40.5, 14.33
40.6, 14.17
40.7, 14.01
40.8, 13.9
40.9, 13.76
41, 13.75
41.1, 13.72
41.2, 13.63
41.3, 13.59
41.4, 13.55
41.5, 13.29
41.6, 12.92
41.7, 12.78
41.8, 12.78
41.9, 12.7
42, 12.63
42.1, 12.47
42.2, 12.27
42.3, 11.89
42.4, 11.81
42.5, 11.86
42.6, 11.82
42.7, 11.58
42.8, 11.39
42.9, 11.37
43, 11.49
43.1, 11.51
43.2, 11.62
43.3, 11.65
43.4, 11.74
43.5, 11.78
43.6, 11.84
43.7, 11.84
43.8, 11.89
43.9, 11.9
44, 11.93
44.1, 11.87
44.2, 11.87
44.3, 11.89
44.4, 11.71
44.5, 11.63
44.6, 11.55
44.7, 11.56
44.8, 11.52
44.9, 11.47
45, 11.39
45.1, 11.42
45.2, 11.42
45.3, 11.42
45.4, 11.3
45.5, 11.11
45.6, 11.02
45.7, 11.03
45.8, 11.06
45.9, 11.03
46, 10.97
46.1, 10.9
46.2, 10.86
46.3, 10.9
46.4, 10.78
46.5, 10.62
46.6, 10.55
46.7, 10.39
46.8, 10.24
46.9, 10.02
47, 10.01
47.1, 10.04
47.2, 10.04
47.3, 9.95
47.4, 9.83
47.5, 9.77
47.6, 9.61
47.7, 9.47
47.8, 9.37
47.9, 9.31
48, 9.18
48.1, 9.09
48.2, 9.03
48.3, 8.97
48.4, 8.94
48.5, 9.09
48.6, 9.15
48.7, 9.24
48.8, 8.83
48.9, 8.12
49, 7.83
49.1, 8.64
49.2, 8.11
49.3, 7.92
49.4, 7.82
49.5, 7.75
49.6, 7.46
49.7, 7.27
49.8, 7.17
49.9, 7.31
50, 7.29
50.1, 7.42
50.2, 7.48
50.3, 7.58
50.4, 7.58
50.5, 7.73
50.6, 7.83
50.7, 7.78
50.8, 7.74
50.9, 7.73
51, 7.77
51.1, 7.95
51.2, 8.1
51.3, 8.1
51.4, 8.13
51.5, 8.05
51.6, 8.15
51.7, 8.16
51.8, 8.25
51.9, 8.45
52, 8.49
52.1, 8.59
52.2, 8.52
52.3, 8.55
52.4, 8.49
52.5, 8.4
52.6, 8.2
52.7, 8.1
52.8, 8.1
52.9, 8.14
53, 8.08
53.1, 8.04
53.2, 8.01
53.3, 7.94
53.4, 7.76
53.5, 7.7
53.6, 7.81
53.7, 7.73
53.8, 7.64
53.9, 7.56
54, 7.48
54.1, 7.43
54.2, 7.42
54.3, 7.39
54.4, 7.4
54.5, 7.37
54.6, 7.44
54.7, 7.39
54.8, 7.15
54.9, 7.02
55, 6.81
55.1, 6.73
55.2, 6.62
55.3, 6.51
55.4, 6.36
55.5, 6.35
55.6, 6.3
55.7, 6.15
55.8, 6.18
55.9, 6.14
56, 6.01
56.1, 5.94
56.2, 5.84
56.3, 5.71
56.4, 5.64
56.5, 5.69
56.6, 5.75
56.7, 5.83
56.8, 5.82
56.9, 5.84
57, 5.89
57.1, 5.91
57.2, 6.07
57.3, 6.27
57.4, 6.37
57.5, 6.32
57.6, 6.3
57.7, 6.23
57.8, 6.23
57.9, 6.24
58, 6.11
58.1, 5.98
58.2, 6.02
58.3, 6.04
58.4, 6.09
58.5, 6.25
58.6, 6.4
58.7, 6.51
58.8, 6.49
58.9, 6.43
59, 6.36
59.1, 6.4
59.2, 6.52
59.3, 6.5
59.4, 6.74
59.5, 6.97
59.6, 7.3
59.7, 7.43
59.8, 7.35
59.9, 7.24
60, 7.19
60.1, 7.22
60.2, 7.32
60.3, 6.97
60.4, 6.13
60.5, 5.95
60.6, 6.65
60.7, 6.49
60.8, 6.43
60.9, 6.23
61, 5.9
61.1, 5.74
61.2, 5.57
61.3, 5.53
61.4, 5.51
61.5, 5.52
61.6, 5.59
61.7, 5.54
61.8, 5.25
61.9, 5.04
62, 4.91
62.1, 4.87
62.2, 4.97
62.3, 5.06
62.4, 5.13
62.5, 4.96
62.6, 4.72
62.7, 4.55
62.8, 4.41
62.9, 4.41
63, 4.37
63.1, 4.36
63.2, 4.22
63.3, 4.08
63.4, 3.95
63.5, 3.91
63.6, 3.76
63.7, 3.72
63.8, 3.72
63.9, 3.75
64, 3.78
64.1, 3.81
64.2, 3.86
64.3, 3.76
64.4, 3.75
64.5, 3.77
64.6, 3.95
64.7, 3.95
64.8, 3.76
64.9, 3.74
65, 3.72
65.1, 3.67
65.2, 3.63
65.3, 3.63
65.4, 3.55
65.5, 3.45
65.6, 3.35
65.7, 3.18
65.8, 3.08
65.9, 3.04
66, 2.99
66.1, 2.79
66.2, 2.61
66.3, 2.36
66.4, 2.26
66.5, 2.23
66.6, 2.32
66.7, 2.28
66.8, 2.3
66.9, 2.31
67, 2.25
67.1, 2.23
67.2, 2.27
67.3, 2.38
67.4, 2.34
67.5, 2.23
67.6, 2.01
67.7, 1.93
67.8, 1.85
67.9, 1.88
68, 1.66
68.1, 1.47
68.2, 1.28
68.3, 1.07
68.4, 0.91
68.5, 0.68
68.6, 0.44
68.7, 0.38
68.8, 0.33
68.9, 0.46
69, 0.49
69.1, 0.43
69.2, 0.36
69.3, 0.32
69.4, 0.37
69.5, 0.31
69.6, 0.29
69.7, 0.24
69.8, 0.16
69.9, 0.06
70, -0.06
70.1, -0.24
70.2, -0.51
70.3, -0.53
70.4, -0.63
70.5, -0.64
70.6, -0.53
70.7, -0.63
70.8, -0.82
70.9, -0.93
71, -0.95
71.1, -1.17
71.2, -1.27
71.3, -1.13
71.4, -1
71.5, -1
71.6, -1.26
71.7, -1.39
71.8, -1.44
71.9, -1.38
72, -1.35
72.1, -1.31
72.2, -1.33
72.3, -1.28
72.4, -1.11
72.5, -0.93
72.6, -0.9
72.7, -0.97
72.8, -1.49
72.9, -1.71
73, -2.16
73.1, -1.9
73.2, -1.97
73.3, -2.03
73.4, -2.16
73.5, -2.41
73.6, -2.52
73.7, -2.53
73.8, -2.56
73.9, -2.65
74, -2.57
74.1, -2.58
74.2, -2.63
74.3, -2.72
74.4, -2.7
74.5, -2.66
74.6, -2.81
74.7, -2.78
74.8, -2.72
74.9, -2.75
75, -2.8
75.1, -2.89
75.2, -2.96
75.3, -2.85
75.4, -2.8
75.5, -2.75
75.6, -2.77
75.7, -2.86
75.8, -2.95
75.9, -2.86
76, -2.73
76.1, -2.69
76.2, -2.69
76.3, -2.59
76.4, -2.53
76.5, -2.54
76.6, -2.58
76.7, -2.73
76.8, -2.7
76.9, -2.72
77, -2.68
77.1, -2.71
77.2, -2.73
77.3, -2.73
77.4, -2.79
77.5, -3.05
77.6, -3.32
77.7, -3.31
77.8, -3.2
77.9, -3.11
78, -3.17
78.1, -3.23
78.2, -3.11
78.3, -2.93
78.4, -2.82
78.5, -3
78.6, -3.09
78.7, -3.09
78.8, -3.09
78.9, -3.27
79, -3.25
79.1, -3.27
79.2, -3.14
79.3, -3.21
79.4, -3.25
79.5, -3.08
79.6, -2.93
79.7, -3.03
79.8, -2.99
79.9, -2.97
80, -2.95
80.1, -2.88
80.2, -2.81
80.3, -2.63
80.4, -2.68
80.5, -2.63
80.6, -2.57
80.7, -2.44
80.8, -2.39
80.9, -2.3
81, -2.21
81.1, -2.16
81.2, -2.36
81.3, -2.46
81.4, -2.39
81.5, -2.47
81.6, -2.45
81.7, -2.52
81.8, -2.64
81.9, -2.69
82, -2.82
82.1, -2.85
82.2, -2.9
82.3, -2.91
82.4, -2.94
82.5, -2.94
82.6, -3
82.7, -3.06
82.8, -3.08
82.9, -3.14
83, -3.25
83.1, -3.18
83.2, -3.19
83.3, -3.29
83.4, -3.21
83.5, -3.15
83.6, -3.09
83.7, -2.96
83.8, -2.89
83.9, -2.94
84, -2.86
84.1, -2.85
84.2, -2.74
84.3, -2.68
84.4, -2.57
84.5, -2.48
84.6, -2.35
84.7, -2.22
84.8, -2.21
84.9, -2.16
85, -2.05
85.1, -2.01
85.2, -2.96
85.3, -3.28
85.4, -3.42
85.5, -2.75
85.6, -2.86
85.7, -3.05
85.8, -3.08
85.9, -3.19
86, -3.15
86.1, -3.25
86.2, -3.38
86.3, -3.52
86.4, -3.79
86.5, -3.94
86.6, -3.94
86.7, -3.86
86.8, -3.99
86.9, -4.21
87, -4.25
87.1, -4.21
87.2, -4.11
87.3, -4.11
87.4, -4.11
87.5, -4.26
87.6, -4.23
87.7, -4.2
87.8, -4.15
87.9, -4.16
88, -4.14
88.1, -4.14
88.2, -4.16
88.3, -4.18
88.4, -4.18
88.5, -4.12
88.6, -3.88
88.7, -3.92
88.8, -3.83
88.9, -3.9
89, -3.89
89.1, -3.86
89.2, -3.77
89.3, -3.68
89.4, -3.6
89.5, -3.41
89.6, -3.37
89.7, -3.31
89.8, -3.08
89.9, -2.86
90, -2.81
90.1, -2.79
90.2, -2.69
90.3, -2.58
90.4, -2.48
90.5, -2.52
90.6, -2.45
90.7, -2.53
90.8, -2.61
90.9, -2.72
91, -2.88
91.1, -2.95
91.2, -2.84
91.3, -2.69
91.4, -2.5
91.5, -2.53
91.6, -2.39
91.7, -2.3
91.8, -2.25
91.9, -2.35
92, -2.51
92.1, -2.58
92.2, -2.56
92.3, -2.49
92.4, -2.5
92.5, -2.58
92.6, -2.57
92.7, -2.56
92.8, -2.53
92.9, -2.6
93, -2.64
93.1, -2.65
93.2, -2.61
93.3, -2.68
93.4, -2.79
93.5, -2.83
93.6, -2.79
93.7, -2.78
93.8, -2.75
93.9, -2.7
94, -2.62
94.1, -2.57
94.2, -2.42
94.3, -2.27
94.4, -2.14
94.5, -1.98
94.6, -1.97
94.7, -1.81
94.8, -1.7
94.9, -1.6
95, -1.49
95.1, -1.55
95.2, -1.7
95.3, -1.79
95.4, -1.6
95.5, -1.55
95.6, -1.36
95.7, -1.29
95.8, -1.16
95.9, -1.05
96, -0.89
96.1, -0.87
96.2, -0.75
96.3, -0.58
96.4, -0.31
96.5, -0.28
96.6, -1.21
96.7, -1.3
96.8, -1.36
96.9, -0.59
97, -0.65
97.1, -0.65
97.2, -0.66
97.3, -0.66
97.4, -0.82
97.5, -1.04
97.6, -1.16
97.7, -0.99
97.8, -0.88
97.9, -0.92
98, -0.89
98.1, -0.79
98.2, -0.73
98.3, -0.63
98.4, -0.52
98.5, -0.3
98.6, -0.23
98.7, -0.23
98.8, -0.29
98.9, -0.24
99, -0.24
99.1, -0.38
99.2, -0.53
99.3, -0.47
99.4, -0.37
99.5, -0.48
99.6, -0.6
99.7, -0.7
99.8, -0.69
99.9, -0.64
100, -0.58
100.1, -0.49
100.2, -0.56
100.3, -0.78
100.4, -0.87
100.5, -0.83
100.6, -0.95
100.7, -1
100.8, -0.83
100.9, -0.83
101, -0.79
101.1, -0.77
101.2, -0.78
101.3, -0.72
101.4, -0.74
101.5, -0.85
101.6, -0.95
101.7, -1.05
101.8, -1.01
101.9, -0.99
102, -0.97
102.1, -0.92
102.2, -0.95
102.3, -1.05
102.4, -1.14
102.5, -1.22
102.6, -1.35
102.7, -1.53
102.8, -1.59
102.9, -1.48
103, -1.36
103.1, -1.41
103.2, -1.58
103.3, -1.53
103.4, -1.44
103.5, -1.25
103.6, -1.22
103.7, -1.16
103.8, -1.14
103.9, -0.99
104, -0.68
104.1, -0.52
104.2, -0.49
104.3, -0.45
104.4, -0.45
104.5, -0.7
104.6, -0.69
104.7, -0.72
104.8, -0.68
104.9, -0.66
105, -0.58
105.1, -0.59
105.2, -0.4
105.3, -0.36
105.4, -0.39
105.5, -0.42
105.6, -0.21
105.7, -0.15
105.8, -0.15
105.9, -0.05
106, 0.08
106.1, 0.22
106.2, 0.19
106.3, 0.22
106.4, 0.19
106.5, 0.25
106.6, 0.3
106.7, 0.48
106.8, 0.52
106.9, 0.48
107, 0.51
107.1, 0.53
107.2, 0.54
107.3, 0.65
107.4, 0.56
107.5, 0.45
107.6, 0.45
107.7, 0.6
107.8, 0.51
107.9, 0.49
108, 0.45
108.1, 0.46
108.2, 0.47
108.3, 0.65
108.4, 0.7
108.5, 0.72
108.6, 0.67
108.7, 0.5
108.8, 0.45
108.9, 0.62
109, 0.71
109.1, -0.26
109.2, -0.34
109.3, 0.41
109.4, 0.33
109.5, 0.04
109.6, -0.14
109.7, -0.23
109.8, -0.4
109.9, -0.62
110, -0.7
110.1, -0.61
110.2, -0.48
110.3, -0.49
110.4, -0.68
110.5, -0.72
110.6, -0.73
110.7, -0.65
110.8, -0.58
110.9, -0.55
111, -0.52
111.1, -0.49
111.2, -0.47
111.3, -0.28
111.4, -0.1
111.5, 0.07
111.6, 0.07
111.7, -0.04
111.8, 0.09
111.9, 0.1
112, 0.15
112.1, 0.23
112.2, 0.09
112.3, 0.04
112.4, 0.22
112.5, 0.25
112.6, 0.16
112.7, 0.04
112.8, -0.01
112.9, -0.07
113, 0.11
113.1, 0.29
113.2, 0.4
113.3, 0.56
113.4, 0.59
113.5, 0.66
113.6, 0.64
113.7, 0.61
113.8, 0.57
113.9, 0.53
114, 0.59
114.1, 0.67
114.2, 0.69
114.3, 0.63
114.4, 0.52
114.5, 0.33
114.6, 0.14
114.7, -0.03
114.8, -0.1
114.9, -0.21
115, -0.47
115.1, -0.71
115.2, -0.87
115.3, -1.05
115.4, -1.27
115.5, -1.33
115.6, -1.36
115.7, -1.23
115.8, -1.33
115.9, -1.36
116, -1.45
116.1, -1.41
116.2, -1.49
116.3, -1.55
116.4, -1.59
116.5, -1.65
116.6, -1.72
116.7, -1.77
116.8, -1.82
116.9, -1.8
117, -1.71
117.1, -1.76
117.2, -1.83
117.3, -1.91
117.4, -2.13
117.5, -2.16
117.6, -2.1
117.7, -2.09
117.8, -2.22
117.9, -2.08
118, -2
118.1, -1.95
118.2, -1.85
118.3, -1.78
118.4, -1.64
118.5, -1.44
118.6, -1.3
118.7, -1.09
118.8, -0.88
118.9, -0.86
119, -0.93
119.1, -1.05
119.2, -1.23
119.3, -1.24
119.4, -1.11
119.5, -0.98
119.6, -0.9
119.7, -0.83
119.8, -0.92
119.9, -0.88
120, -0.86
120.1, -0.9
120.2, -0.86
120.3, -0.75
120.4, -0.71
120.5, -0.73
120.6, -0.66
120.7, -0.59
120.8, -0.51
120.9, -0.43
121, -0.51
121.1, -0.57
121.2, -0.51
121.3, -0.39
121.4, -0.3
121.5, -0.69
121.6, -1.01
121.7, -1.21
121.8, -0.57
121.9, -0.92
122, -1.11
122.1, -1.22
122.2, -1.2
122.3, -1.21
122.4, -1.14
122.5, -1.16
122.6, -1.25
122.7, -1.4
122.8, -1.64
122.9, -1.71
123, -1.62
123.1, -1.61
123.2, -1.76
123.3, -1.98
123.4, -2.12
123.5, -2.22
123.6, -2.35
123.7, -2.58
123.8, -2.7
123.9, -2.81
124, -2.85
124.1, -2.9
124.2, -2.75
124.3, -2.58
124.4, -2.7
124.5, -2.8
124.6, -2.78
124.7, -2.62
124.8, -2.52
124.9, -2.33
125, -2.39
125.1, -2.48
125.2, -2.48
125.3, -2.37
125.4, -2.25
125.5, -2.18
125.6, -2.24
125.7, -2.28
125.8, -2.31
125.9, -2.22
126, -2.24
126.1, -2.34
126.2, -2.44
126.3, -2.63
126.4, -2.77
126.5, -2.91
126.6, -3.11
126.7, -3.09
126.8, -3.33
126.9, -3.4
127, -3.48
127.1, -3.54
127.2, -3.83
127.3, -4.22
127.4, -4.46
127.5, -4.74
127.6, -5
127.7, -5.09
127.8, -4.86
127.9, -4.52
128, -4.42
128.1, -4.49
128.2, -4.44
128.3, -4.23
128.4, -4.11
128.5, -4.02
128.6, -3.88
128.7, -3.82
128.8, -3.73
128.9, -3.8
129, -3.85
129.1, -3.98
129.2, -4.22
129.3, -4.28
129.4, -4.19
129.5, -4.12
129.6, -4.26
129.7, -4.47
129.8, -4.48
129.9, -4.48
130, -4.67
130.1, -4.85
130.2, -4.87
130.3, -4.79
130.4, -4.83
130.5, -4.82
130.6, -5
130.7, -5.24
130.8, -5.37
130.9, -5.55
131, -5.62
131.1, -5.72
131.2, -5.81
131.3, -5.91
131.4, -5.98
131.5, -6.06
131.6, -6.08
131.7, -6.04
131.8, -6.1
131.9, -6.26
132, -6.51
132.1, -6.59
132.2, -6.55
132.3, -6.51
132.4, -6.33
132.5, -6.47
132.6, -6.62
132.7, -6.73
132.8, -6.74
132.9, -6.72
133, -6.8
133.1, -6.75
133.2, -6.72
133.3, -6.54
133.4, -6.56
133.5, -6.6
133.6, -6.48
133.7, -6.36
133.8, -6.31
133.9, -6.32
134, -7.22
134.1, -7.28
134.2, -7.59
134.3, -6.87
134.4, -7.47
134.5, -8.05
134.6, -8.04
134.7, -7.82
134.8, -7.71
134.9, -7.76
135, -7.71
135.1, -7.6
135.2, -7.44
135.3, -7.24
135.4, -7.21
135.5, -7.03
135.6, -6.81
135.7, -6.59
135.8, -6.46
135.9, -6.28
136, -6.16
136.1, -5.99
136.2, -6.08
136.3, -6.17
136.4, -6.33
136.5, -6.33
136.6, -6.32
136.7, -6.44
136.8, -6.37
136.9, -6.46
137, -6.43
137.1, -6.36
137.2, -6.23
137.3, -6.17
137.4, -6.01
137.5, -5.91
137.6, -5.91
137.7, -5.77
137.8, -5.7
137.9, -5.48
138, -5.35
138.1, -5.47
138.2, -5.63
138.3, -5.5
138.4, -5.37
138.5, -5.38
138.6, -5.67
138.7, -5.87
138.8, -5.92
138.9, -5.71
139, -5.69
139.1, -5.99
139.2, -6.12
139.3, -6.21
139.4, -6.46
139.5, -6.56
139.6, -6.69
139.7, -6.85
139.8, -7.06
139.9, -7.17
140, -7.46
140.1, -7.77
140.2, -7.89
140.3, -7.88
140.4, -7.81
140.5, -7.91
140.6, -8.17
140.7, -8.05
140.8, -7.96
140.9, -7.92
141, -7.84
141.1, -7.94
141.2, -7.88
141.3, -7.63
141.4, -7.44
141.5, -7.43
141.6, -7.54
141.7, -7.48
141.8, -7.4
141.9, -7.33
142, -7.34
142.1, -7.14
142.2, -7.07
142.3, -6.9
142.4, -6.89
142.5, -6.81
142.6, -6.88
142.7, -6.91
142.8, -7.06
142.9, -6.98
143, -6.85
143.1, -6.74
143.2, -6.76
143.3, -6.75
143.4, -6.56
143.5, -6.38
143.6, -6.33
143.7, -6.17
143.8, -6.07
143.9, -6.03
144, -6.17
144.1, -6.18
144.2, -6.22
144.3, -6.16
144.4, -6.17
144.5, -6.2
144.6, -6.11
144.7, -6.05
144.8, -5.79
144.9, -5.84
145, -5.85
145.1, -5.91
145.2, -6.11
145.3, -6.22
145.4, -6.4
145.5, -6.53
145.6, -6.64
145.7, -6.62
145.8, -6.55
145.9, -6.54
146, -6.58
146.1, -6.87
146.2, -7.12
146.3, -7.19
146.4, -7.25
146.5, -8.8
146.6, -9.24
146.7, -9.48
146.8, -8.15
146.9, -8.39
147, -8.65
147.1, -8.86
147.2, -9.12
147.3, -9.37
147.4, -9.56
147.5, -9.44
147.6, -9.49
147.7, -9.56
147.8, -9.47
147.9, -9.34
148, -9.26
148.1, -9.16
148.2, -9.15
148.3, -9.09
148.4, -8.94
148.5, -8.81
148.6, -8.7
148.7, -8.49
148.8, -8.25
148.9, -8.16
149, -8.22
149.1, -8.02
149.2, -7.83
149.3, -7.66
149.4, -7.54
149.5, -7.33
149.6, -7.24
149.7, -7.09
149.8, -6.9
149.9, -6.61
150, -6.39
150.1, -6.38
150.2, -6.45
150.3, -6.44
150.4, -6.29
150.5, -6.23
150.6, -6.24
150.7, -6.09
150.8, -5.94
150.9, -5.85
151, -5.81
151.1, -5.96
151.2, -5.87
151.3, -5.82
151.4, -5.93
151.5, -5.8
151.6, -5.81
151.7, -5.82
151.8, -5.76
151.9, -5.63
152, -5.69
152.1, -5.72
152.2, -5.75
152.3, -5.91
152.4, -6
152.5, -6.11
152.6, -6.24
152.7, -6.49
152.8, -6.66
152.9, -6.66
153, -6.61
153.1, -6.43
153.2, -6.39
153.3, -6.29
153.4, -6.24
153.5, -6.02
153.6, -5.94
153.7, -5.75
153.8, -5.73
153.9, -5.74
154, -5.64
154.1, -5.53
154.2, -5.38
154.3, -5.38
154.4, -5.44
154.5, -5.34
154.6, -5.15
154.7, -5.08
154.8, -5.08
154.9, -5.07
155, -5.14
155.1, -5.29
155.2, -5.32
155.3, -5.43
155.4, -5.62
155.5, -5.65
155.6, -5.63
155.7, -5.55
155.8, -5.59
155.9, -5.49
156, -5.43
156.1, -5.44
156.2, -5.45
156.3, -5.27
156.4, -5.18
156.5, -5.08
156.6, -4.96
156.7, -4.88
156.8, -4.82
156.9, -4.81
157, -4.8
157.1, -4.69
157.2, -4.65
157.3, -4.54
157.4, -4.37
157.5, -4.24
157.6, -4.19
157.7, -4.01
157.8, -3.94
157.9, -3.86
158, -3.85
158.1, -3.93
158.2, -3.89
158.3, -3.8
158.4, -3.72
158.5, -3.75
158.6, -3.56
158.7, -3.34
158.8, -3.1
158.9, -2.95
159, -4.38
159.1, -4.4
159.2, -3.22
159.3, -3.2
159.4, -3.6
159.5, -4.06
159.6, -4.08
159.7, -3.74
159.8, -3.39
159.9, -3.21
160, -3.18
160.1, -2.93
160.2, -2.88
160.3, -2.77
160.4, -2.57
160.5, -2.31
160.6, -2.2
160.7, -2
160.8, -1.68
160.9, -1.72
161, -1.85
161.1, -1.84
161.2, -1.83
161.3, -2
161.4, -1.92
161.5, -1.94
161.6, -1.99
161.7, -2.09
161.8, -2.04
161.9, -1.94
162, -1.82
162.1, -1.9
162.2, -2.17
162.3, -2.23
162.4, -2.21
162.5, -2.15
162.6, -2.05
162.7, -1.98
162.8, -2.04
162.9, -2.2
163, -2.34
163.1, -2.43
163.2, -2.44
163.3, -2.46
163.4, -2.42
163.5, -2.38
163.6, -2.3
163.7, -2.16
163.8, -2.17
163.9, -2.45
164, -2.71
164.1, -2.59
164.2, -2.13
164.3, -1.78
164.4, -1.68
164.5, -1.46
164.6, -1.11
164.7, -0.95
164.8, -0.88
164.9, -0.63
165, -0.48
165.1, -0.29
165.2, -0.21
165.3, -0.11
165.4, -0.16
165.5, -0.05
165.6, 0
165.7, -0.02
165.8, -0.03
165.9, -0.05
166, 0.22
166.1, 0.39
166.2, 0.47
166.3, 0.42
166.4, 0.29
166.5, 0.21
166.6, 0.21
166.7, 0.18
166.8, 0.16
166.9, 0.15
167, 0.12
167.1, 0.17
167.2, 0.15
167.3, 0.12
167.4, 0.22
167.5, 0.25
167.6, 0.21
167.7, 0.21
167.8, 0.2
167.9, 0.36
168, 0.37
168.1, 0.37
168.2, 0.43
168.3, 0.41
168.4, 0.29
168.5, 0.14
168.6, 0.19
168.7, 0.32
168.8, 0.29
168.9, 0.32
169, 0.35
169.1, 0.37
169.2, 0.29
169.3, 0.14
169.4, 0.1
169.5, 0.12
169.6, 0.01
169.7, 0
169.8, 0.08
169.9, 0.17
170, 0.24
170.1, 0.38
170.2, 0.49
170.3, -0.48
170.4, -0.54
170.5, -0.36
170.6, 0.16
170.7, -0.04
170.8, -0.32
170.9, -0.44
171, -0.43
171.1, -0.49
171.2, -0.8
171.3, -0.83
171.4, -0.59
171.5, -0.36
171.6, -0.25
171.7, -0.23
171.8, -0.07
171.9, 0.13
172, 0.26
172.1, 0.38
172.2, 0.6
172.3, 0.76
172.4, 0.97
172.5, 1.35
172.6, 1.59
172.7, 1.67
172.8, 1.74
172.9, 1.92
173, 2.13
173.1, 2.28
173.2, 2.27
173.3, 2.37
173.4, 2.64
173.5, 2.88
173.6, 3.08
173.7, 3.16
173.8, 3.32
173.9, 3.38
174, 3.47
174.1, 3.57
174.2, 3.38
174.3, 3.51
174.4, 3.93
174.5, 4.23
174.6, 4.32
174.7, 4.35
174.8, 4.28
174.9, 4.08
175, 3.96
175.1, 3.95
175.2, 4
175.3, 3.95
175.4, 3.95
175.5, 3.94
175.6, 3.92
175.7, 3.82
175.8, 3.76
175.9, 3.76
176, 3.75
176.1, 3.82
176.2, 3.91
176.3, 4.05
176.4, 3.91
176.5, 4.03
176.6, 4.19
176.7, 4.26
176.8, 4.29
176.9, 4.44
177, 4.62
177.1, 4.75
177.2, 4.79
177.3, 4.86
177.4, 4.84
177.5, 4.91
177.6, 4.84
177.7, 4.81
177.8, 4.95
177.9, 5.23
178, 5.37
178.1, 5.47
178.2, 5.5
178.3, 5.5
178.4, 5.4
178.5, 5.41
178.6, 5.5
178.7, 5.72
178.8, 5.89
178.9, 6.02
179, 6.03
179.1, 6.15
179.2, 6.23
179.3, 6.36
179.4, 6.43
179.5, 6.37
179.6, 6.42
179.7, 6.53
179.8, 6.76
179.9, 7.03
180, 7.12
180.1, 7.17
180.2, 7.32
180.3, 7.71
180.4, 7.84
180.5, 7.96
180.6, 8.09
180.7, 8.14
180.8, 8.22
180.9, 8.23
181, 8.37
181.1, 8.44
181.2, 8.43
181.3, 8.54
181.4, 8.6
181.5, 8.52
181.6, 8.39
181.7, 8.42
181.8, 8.58
181.9, 8.7
182, 8.72
182.1, 8.67
182.2, 8.71
182.3, 8.71
182.4, 8.72
182.5, 8.9
182.6, 9.03
182.7, 9.17
182.8, 8.36
182.9, 8.37
183, 9.01
183.1, 9
183.2, 8.67
183.3, 8.32
183.4, 7.96
183.5, 7.99
183.6, 8.37
183.7, 8.86
183.8, 9.06
183.9, 9.18
184, 9.23
184.1, 9.34
184.2, 9.52
184.3, 9.74
184.4, 9.82
184.5, 9.91
184.6, 9.9
184.7, 9.76
184.8, 9.46
184.9, 9.42
185, 9.51
185.1, 9.52
185.2, 9.46
185.3, 9.44
185.4, 9.49
185.5, 9.43
185.6, 9.46
185.7, 9.45
185.8, 9.45
185.9, 9.48
186, 9.64
186.1, 9.75
186.2, 9.77
186.3, 9.91
186.4, 9.89
186.5, 9.87
186.6, 9.77
186.7, 9.79
186.8, 9.81
186.9, 9.77
187, 9.77
187.1, 9.82
187.2, 9.91
187.3, 10.01
187.4, 10.13
187.5, 10.25
187.6, 10.28
187.7, 10.33
187.8, 10.44
187.9, 10.57
188, 10.76
188.1, 10.89
188.2, 10.79
188.3, 10.68
188.4, 10.79
188.5, 10.84
188.6, 10.79
188.7, 10.85
188.8, 10.99
188.9, 11.02
189, 11.17
189.1, 11.52
189.2, 11.8
189.3, 12.09
189.4, 12.32
189.5, 12.46
189.6, 12.65
189.7, 12.8
189.8, 12.81
189.9, 12.9
190, 13.1
190.1, 13.24
190.2, 13.24
190.3, 13.16
190.4, 13.15
190.5, 13.11
190.6, 13.16
190.7, 13.29
190.8, 13.29
190.9, 13.18
191, 13.17
191.1, 13.22
191.2, 13.44
191.3, 13.61
191.4, 13.57
191.5, 13.57
191.6, 13.65
191.7, 13.77
191.8, 13.67
191.9, 13.59
192, 13.59
192.1, 13.66
192.2, 13.62
192.3, 13.63
192.4, 13.6
192.5, 13.57
192.6, 13.55
192.7, 13.71
192.8, 13.73
192.9, 13.54
193, 13.39
193.1, 13.45
193.2, 13.52
193.3, 13.55
193.4, 13.52
193.5, 13.37
193.6, 13.33
193.7, 13.32
193.8, 13.39
193.9, 13.42
194, 13.36
194.1, 13.25
194.2, 12.96
194.3, 12.96
194.4, 13.01
194.5, 13.07
194.6, 13.15
194.7, 13.2
194.8, 13.32
194.9, 13.44
195, 13.74
195.1, 13.85
195.2, 13.95
195.3, 13.07
195.4, 13.15
195.5, 13.99
195.6, 13.9
195.7, 13.78
195.8, 13.62
195.9, 13.49
196, 13.32
196.1, 13.4
196.2, 13.63
196.3, 13.91
196.4, 13.87
196.5, 14.02
196.6, 13.91
196.7, 13.98
196.8, 14.18
196.9, 14.5
197, 14.64
197.1, 14.85
197.2, 14.89
197.3, 14.81
197.4, 14.64
197.5, 14.71
197.6, 14.65
197.7, 14.59
197.8, 14.48
197.9, 14.34
198, 14.23
198.1, 14.22
198.2, 14.05
198.3, 13.78
198.4, 13.72
198.5, 13.55
198.6, 13.26
198.7, 13.06
198.8, 12.91
198.9, 12.67
199, 12.66
199.1, 12.63
199.2, 12.66
199.3, 12.38
199.4, 12.04
199.5, 11.83
199.6, 11.75
199.7, 11.66
199.8, 11.29
199.9, 10.96
200, 10.74
200.1, 10.42
200.2, 10.19
200.3, 9.95
200.4, 9.84
200.5, 9.7
200.6, 9.52
200.7, 9.32
200.8, 9.24
200.9, 8.99
201, 8.83
201.1, 8.78
201.2, 8.67
201.3, 8.41
201.4, 8.15
201.5, 8.14
201.6, 8.13
201.7, 8.09
201.8, 8.14
201.9, 8.22
202, 8.35
202.1, 8.38
202.2, 8.46
202.3, 8.33
202.4, 8.26
202.5, 8.24
202.6, 8.36
202.7, 8.38
202.8, 8.39
202.9, 8.35
203, 8.32
203.1, 8.37
203.2, 8.28
203.3, 8.04
203.4, 7.95
203.5, 7.88
203.6, 7.81
203.7, 7.66
203.8, 7.45
203.9, 7.26
204, 7.21
204.1, 7.05
204.2, 6.89
204.3, 6.79
204.4, 6.71
204.5, 6.61
204.6, 6.72
204.7, 6.64
204.8, 6.51
204.9, 6.23
205, 6.04
205.1, 5.92
205.2, 5.81
205.3, 5.65
205.4, 5.47
205.5, 5.18
205.6, 5.09
205.7, 4.85
205.8, 4.67
205.9, 4.56
206, 4.45
206.1, 4.3
206.2, 4.04
206.3, 3.9
206.4, 3.56
206.5, 3.2
206.6, 2.95
206.7, 2.95
206.8, 2.93
206.9, 2.74
207, 2.57
207.1, 2.4
207.2, 2.26
207.3, 2.03
207.4, 1.84
207.5, 1.75
207.6, 1.79
207.7, 0.9
207.8, 0.66
207.9, 0.56
208, 0.88
208.1, 0.51
208.2, 0.21
208.3, -0.05
208.4, -0.48
208.5, -0.9
208.6, -1.13
208.7, -1.32
208.8, -1.38
208.9, -1.49
209, -1.54
209.1, -1.67
209.2, -1.71
209.3, -1.85
209.4, -2.1
209.5, -2.29
209.6, -2.26
209.7, -2.35
209.8, -2.57
209.9, -2.72
210, -2.87
210.1, -2.95
210.2, -3.1
210.3, -3.2
210.4, -3.27
210.5, -3.33
210.6, -3.55
210.7, -3.78
210.8, -3.88
210.9, -4.03
211, -3.98
211.1, -3.99
211.2, -3.99
211.3, -4.11
211.4, -4.14
211.5, -4.18
211.6, -4.27
211.7, -4.36
211.8, -4.38
211.9, -4.62
212, -4.92
212.1, -5.17
212.2, -5.27
212.3, -5.34
212.4, -5.49
212.5, -5.65
212.6, -5.82
212.7, -6.05
212.8, -6.3
212.9, -6.68
213, -7.11
213.1, -7.49
213.2, -7.87
213.3, -8.15
213.4, -8.53
213.5, -8.96
213.6, -9.26
213.7, -9.51
213.8, -9.71
213.9, -9.78
214, -9.75
214.1, -9.74
214.2, -9.82
214.3, -10.05
214.4, -10.3
214.5, -10.49
214.6, -10.69
214.7, -10.93
214.8, -10.97
214.9, -11.15
215, -11.48
215.1, -11.76
215.2, -11.91
215.3, -11.98
215.4, -12.09
215.5, -12.19
215.6, -12.38
215.7, -12.71
215.8, -12.96
215.9, -13.25
216, -13.63
216.1, -13.91
216.2, -14.18
216.3, -14.33
216.4, -14.34
216.5, -14.53
216.6, -14.73
216.7, -14.91
216.8, -15.01
216.9, -15.08
217, -15.22
217.1, -15.31
217.2, -15.36
217.3, -15.5
217.4, -15.64
217.5, -15.93
217.6, -16.24
217.7, -16.37
217.8, -16.36
217.9, -16.37
218, -16.57
218.1, -16.63
218.2, -16.64
218.3, -16.95
218.4, -17.19
218.5, -17.45
218.6, -17.48
218.7, -17.57
218.8, -17.64
218.9, -17.76
219, -17.9
219.1, -18.02
219.2, -18.16
219.3, -18.2
219.4, -18.34
219.5, -18.48
219.6, -18.71
219.7, -18.86
219.8, -18.96
219.9, -19.08
220, -19.1
220.1, -19.01
220.2, -19.52
220.3, -19.97
220.4, -20.45
220.5, -20.07
220.6, -20.46
220.7, -20.87
220.8, -21.31
220.9, -21.67
221, -21.82
221.1, -21.81
221.2, -21.96
221.3, -22.36
221.4, -22.61
221.5, -22.7
221.6, -22.92
221.7, -23.1
221.8, -23.27
221.9, -23.47
222, -23.62
222.1, -23.78
222.2, -23.99
222.3, -24.08
222.4, -24.02
222.5, -24
222.6, -24.01
222.7, -24
222.8, -24.06
222.9, -23.98
223, -23.93
223.1, -23.74
223.2, -23.68
223.3, -23.7
223.4, -23.77
223.5, -23.71
223.6, -23.59
223.7, -23.53
223.8, -23.62
223.9, -23.57
224, -23.56
224.1, -23.51
224.2, -23.53
224.3, -23.56
224.4, -23.58
224.5, -23.58
224.6, -23.6
224.7, -23.81
224.8, -23.88
224.9, -23.87
225, -23.94
225.1, -24.06
225.2, -24.18
225.3, -24.14
225.4, -24.24
225.5, -24.44
225.6, -24.68
225.7, -24.9
225.8, -25
225.9, -24.99
226, -25.04
226.1, -25.22
226.2, -25.39
226.3, -25.53
226.4, -25.58
226.5, -25.6
226.6, -25.51
226.7, -25.52
226.8, -25.46
226.9, -25.38
227, -25.36
227.1, -25.35
227.2, -25.38
227.3, -25.25
227.4, -25.38
227.5, -25.54
227.6, -25.71
227.7, -25.82
227.8, -26.06
227.9, -26.22
228, -26.26
228.1, -26.28
228.2, -26.3
228.3, -26.34
228.4, -26.39
228.5, -26.53
228.6, -26.67
228.7, -26.7
228.8, -26.75
228.9, -26.75
229, -26.86
229.1, -26.91
229.2, -26.94
229.3, -26.87
229.4, -26.68
229.5, -26.61
229.6, -26.69
229.7, -26.72
229.8, -26.63
229.9, -26.51
230, -26.34
230.1, -26.2
230.2, -26.15
230.3, -26.04
230.4, -26.01
230.5, -25.89
230.6, -25.81
230.7, -25.45
230.8, -25.18
230.9, -24.92
231, -24.75
231.1, -24.69
231.2, -24.59
231.3, -24.63
231.4, -24.48
231.5, -24.44
231.6, -24.53
231.7, -24.63
231.8, -24.45
231.9, -24.45
232, -24.29
232.1, -24.06
232.2, -23.96
232.3, -23.86
232.4, -23.68
232.5, -23.37
232.6, -23.31
232.7, -24.1
232.8, -24.22
232.9, -23.59
233, -23.74
233.1, -23.83
233.2, -23.86
233.3, -23.59
233.4, -23.31
233.5, -23.16
233.6, -23.03
233.7, -22.87
233.8, -22.85
233.9, -22.67
234, -22.36
234.1, -22.38
234.2, -22.33
234.3, -22.19
234.4, -22.1
234.5, -21.92
234.6, -21.7
234.7, -21.57
234.8, -21.45
234.9, -21.26
235, -21.19
235.1, -21.19
235.2, -21.31
235.3, -21.3
235.4, -21.19
235.5, -21.07
235.6, -21.14
235.7, -21.13
235.8, -21
235.9, -20.92
236, -20.76
236.1, -20.55
236.2, -20.25
236.3, -20.12
236.4, -20.21
236.5, -20.03
236.6, -19.88
236.7, -19.64
236.8, -19.52
236.9, -19.46
237, -19.43
237.1, -19.52
237.2, -19.46
237.3, -19.29
237.4, -19.11
237.5, -18.91
237.6, -18.73
237.7, -18.58
237.8, -18.37
237.9, -18.46
238, -18.52
238.1, -18.44
238.2, -18.21
238.3, -17.98
238.4, -17.85
238.5, -17.69
238.6, -17.75
238.7, -17.62
238.8, -17.39
238.9, -17.01
239, -16.64
239.1, -16.17
239.2, -16.06
239.3, -16.14
239.4, -16.28
239.5, -16.11
239.6, -15.99
239.7, -15.67
239.8, -15.61
239.9, -15.42
240, -15.35
240.1, -15.2
240.2, -15.04
240.3, -14.66
240.4, -14.31
240.5, -14.14
240.6, -13.92
240.7, -13.83
240.8, -13.91
240.9, -13.89
241, -13.83
241.1, -13.58
241.2, -13.39
241.3, -13.06
241.4, -12.93
241.5, -12.84
241.6, -12.78
241.7, -12.43
241.8, -12.19
241.9, -12.07
242, -11.73
242.1, -11.66
242.2, -11.47
242.3, -10.95
242.4, -10.76
242.5, -10.69
242.6, -10.82
242.7, -10.57
242.8, -10.54
242.9, -10.46
243, -10.42
243.1, -10.36
243.2, -10.26
243.3, -10.09
243.4, -9.84
243.5, -9.74
243.6, -9.75
243.7, -9.8
243.8, -9.67
243.9, -9.63
244, -9.75
244.1, -9.68
244.2, -9.62
244.3, -9.67
244.4, -9.56
244.5, -9.41
244.6, -9.28
244.7, -9.23
244.8, -8.98
244.9, -8.89
245, -8.66
245.1, -8.55
245.2, -9.25
245.3, -9.41
245.4, -8.81
245.5, -8.88
245.6, -9.13
245.7, -9.3
245.8, -8.83
245.9, -7.77
246, -6.86
246.1, -6.6
246.2, -6.45
246.3, -6.21
246.4, -6.05
246.5, -5.97
246.6, -6.01
246.7, -5.99
246.8, -5.92
246.9, -5.69
247, -5.48
247.1, -5.27
247.2, -5.05
247.3, -4.79
247.4, -4.41
247.5, -4.27
247.6, -4.09
247.7, -3.93
247.8, -3.47
247.9, -3.28
248, -3.26
248.1, -3.23
248.2, -3.16
248.3, -3.09
248.4, -2.93
248.5, -2.76
248.6, -2.57
248.7, -2.43
248.8, -2.25
248.9, -2.06
249, -1.85
249.1, -1.64
249.2, -1.37
249.3, -1.22
249.4, -1.24
249.5, -1.28
249.6, -1.25
249.7, -1.17
249.8, -1.18
249.9, -1
250, -0.89
250.1, -0.91
250.2, -0.92
250.3, -1.01
250.4, -0.97
250.5, -0.95
250.6, -0.95
250.7, -1.12
250.8, -1.21
250.9, -1.28
251, -1.32
251.1, -1.38
251.2, -1.34
251.3, -1.06
251.4, -0.64
251.5, -0.51
251.6, -0.56
251.7, -0.3
251.8, -0.12
251.9, -0.02
252, 0.23
252.1, 0.49
252.2, 0.47
252.3, 0.41
252.4, 0.4
252.5, 0.41
252.6, 0.39
252.7, 0.53
252.8, 0.48
252.9, 0.48
253, 0.49
253.1, 0.66
253.2, 0.74
253.3, 0.7
253.4, 0.78
253.5, 0.81
253.6, 0.88
253.7, 0.88
253.8, 1.02
253.9, 1.1
254, 1.16
254.1, 1.3
254.2, 1.39
254.3, 1.5
254.4, 1.53
254.5, 1.67
254.6, 1.94
254.7, 2.18
254.8, 2.27
254.9, 2.24
255, 2.34
255.1, 2.58
255.2, 2.75
255.3, 2.9
255.4, 3.04
255.5, 3.02
255.6, 3.09
255.7, 3.14
255.8, 3.23
255.9, 3.33
256, 3.45
256.1, 3.76
256.2, 3.83
256.3, 3.93
256.4, 3.82
256.5, 3.86
256.6, 3.9
256.7, 4.03
256.8, 4
256.9, 4.09
257, 4.12
257.1, 4.24
257.2, 4.3
257.3, 4.43
257.4, 4.55
257.5, 4.7
257.6, 4.25
257.7, 4.24
257.8, 4.04
257.9, 4.52
258, 4.27
258.1, 3.97
258.2, 3.67
258.3, 3.49
258.4, 3.57
258.5, 4.01
258.6, 4.55
258.7, 4.69
258.8, 4.68
258.9, 4.61
259, 4.6
259.1, 4.47
259.2, 4.53
259.3, 4.44
259.4, 4.12
259.5, 4
259.6, 3.92
259.7, 3.75
259.8, 3.6
259.9, 3.51
260, 3.44
260.1, 3.33
260.2, 3.42
260.3, 3.64
260.4, 3.72
260.5, 3.81
260.6, 3.95
260.7, 4.13
260.8, 4.23
260.9, 4.38
261, 4.42
261.1, 4.54
261.2, 4.54
261.3, 4.65
261.4, 4.63
261.5, 4.58
261.6, 4.59
261.7, 4.64
261.8, 4.76
261.9, 4.91
262, 5
262.1, 5.01
262.2, 4.86
262.3, 4.79
262.4, 4.76
262.5, 4.66
262.6, 4.46
262.7, 4.48
262.8, 4.43
262.9, 4.39
263, 4.3
263.1, 4.18
263.2, 4.07
263.3, 3.99
263.4, 3.99
263.5, 4
263.6, 4.24
263.7, 4.56
263.8, 4.79
263.9, 4.94
264, 5.12
264.1, 5.23
264.2, 5.28
264.3, 5.26
264.4, 5.29
264.5, 5.34
264.6, 5.43
264.7, 5.56
264.8, 5.53
264.9, 5.46
265, 5.48
265.1, 5.54
265.2, 5.48
265.3, 5.32
265.4, 5.13
265.5, 5
265.6, 4.93
265.7, 4.79
265.8, 4.58
265.9, 4.6
266, 4.52
266.1, 4.51
266.2, 4.58
266.3, 4.57
266.4, 4.52
266.5, 4.48
266.6, 4.47
266.7, 4.48
266.8, 4.41
266.9, 4.31
267, 4.32
267.1, 4.44
267.2, 4.43
267.3, 4.34
267.4, 4.35
267.5, 4.17
267.6, 4.16
267.7, 4.2
267.8, 4.15
267.9, 4.19
268, 4.17
268.1, 4.13
268.2, 4
268.3, 4
268.4, 4.14
268.5, 4.26
268.6, 4.3
268.7, 4.42
268.8, 4.48
268.9, 4.66
269, 4.74
269.1, 4.64
269.2, 4.59
269.3, 4.65
269.4, 4.69
269.5, 4.67
269.6, 4.71
269.7, 4.78
269.8, 4.78
269.9, 4.85
270, 4.9
270.1, 4.75
270.2, 3.72
270.3, 3.67
270.4, 4.45
270.5, 4.36
270.6, 4.02
270.7, 3.65
270.8, 3.52
270.9, 4.03
271, 4.54
271.1, 4.58
271.2, 4.52
271.3, 4.59
271.4, 4.76
271.5, 4.77
271.6, 4.86
271.7, 4.84
271.8, 4.95
271.9, 5.05
272, 5.05
272.1, 5.25
272.2, 5.41
272.3, 5.4
272.4, 5.48
272.5, 5.68
272.6, 5.73
272.7, 5.67
272.8, 5.55
272.9, 5.58
273, 5.54
273.1, 5.52
273.2, 5.46
273.3, 5.43
273.4, 5.43
273.5, 5.43
273.6, 5.44
273.7, 5.26
273.8, 5.1
273.9, 5.03
274, 5.08
274.1, 5.04
274.2, 5
274.3, 4.92
274.4, 4.78
274.5, 4.66
274.6, 4.52
274.7, 4.34
274.8, 4.23
274.9, 4.04
275, 3.81
275.1, 3.57
275.2, 3.54
275.3, 3.44
275.4, 3.22
275.5, 3.02
275.6, 2.92
275.7, 2.83
275.8, 2.73
275.9, 2.71
276, 2.69
276.1, 2.71
276.2, 2.69
276.3, 2.85
276.4, 3.19
276.5, 3.4
276.6, 3.52
276.7, 3.68
276.8, 3.76
276.9, 3.73
277, 3.76
277.1, 3.81
277.2, 3.73
277.3, 3.85
277.4, 3.96
277.5, 4.08
277.6, 4.09
277.7, 4.23
277.8, 4.24
277.9, 4.05
278, 3.99
278.1, 3.95
278.2, 4
278.3, 4
278.4, 3.95
278.5, 3.78
278.6, 3.92
278.7, 3.98
278.8, 4.02
278.9, 4.05
279, 4.07
279.1, 4.03
279.2, 4.03
279.3, 4.06
279.4, 4.05
279.5, 3.96
279.6, 4.04
279.7, 4.16
279.8, 4.37
279.9, 4.51
280, 4.64
280.1, 4.71
280.2, 4.8
280.3, 4.93
280.4, 5.03
280.5, 5.1
280.6, 5.11
280.7, 5.25
280.8, 5.34
280.9, 5.41
281, 5.48
281.1, 5.45
281.2, 5.58
281.3, 5.63
281.4, 5.68
281.5, 5.78
281.6, 5.99
281.7, 6
281.8, 5.93
281.9, 5.91
282, 5.88
282.1, 5.74
282.2, 5.61
282.3, 5.7
282.4, 5.82
282.5, 5.74
282.6, 5.56
282.7, 4.45
282.8, 4.2
282.9, 5.04
283, 4.83
283.1, 4.64
283.2, 4.71
283.3, 4.65
283.4, 4.79
283.5, 4.89
283.6, 4.91
283.7, 4.79
283.8, 4.84
283.9, 4.79
284, 4.7
284.1, 4.74
284.2, 4.69
284.3, 4.73
284.4, 4.88
284.5, 5.02
284.6, 5.1
284.7, 5.01
284.8, 5.15
284.9, 5.25
285, 5.24
285.1, 5.16
285.2, 5.07
285.3, 5.07
285.4, 5.15
285.5, 5.32
285.6, 5.24
285.7, 5.15
285.8, 5.16
285.9, 5.1
286, 4.95
286.1, 4.78
286.2, 4.46
286.3, 4.36
286.4, 4.23
286.5, 4.11
286.6, 4.04
286.7, 4
286.8, 3.94
286.9, 3.93
287, 3.93
287.1, 3.91
287.2, 3.95
287.3, 4.25
287.4, 4.51
287.5, 4.78
287.6, 5.02
287.7, 5.26
287.8, 5.31
287.9, 5.23
288, 5.28
288.1, 5.33
288.2, 5.29
288.3, 5.3
288.4, 5.31
288.5, 5.44
288.6, 5.53
288.7, 5.46
288.8, 5.5
288.9, 5.46
289, 5.37
289.1, 5.43
289.2, 5.32
289.3, 5.12
289.4, 4.71
289.5, 4.56
289.6, 4.46
289.7, 4.42
289.8, 4.35
289.9, 4.22
290, 4.12
290.1, 4.19
290.2, 4.22
290.3, 4.23
290.4, 4.14
290.5, 4.18
290.6, 4.18
290.7, 4.14
290.8, 3.93
290.9, 3.91
291, 3.71
291.1, 3.64
291.2, 3.48
291.3, 3.35
291.4, 3.34
291.5, 3.27
291.6, 3.21
291.7, 3.14
291.8, 2.99
291.9, 2.89
292, 2.85
292.1, 2.69
292.2, 2.43
292.3, 2.19
292.4, 2.1
292.5, 2.03
292.6, 1.85
292.7, 1.84
292.8, 1.76
292.9, 1.69
293, 1.68
293.1, 1.47
293.2, 1.28
293.3, 1.14
293.4, 1.11
293.5, 0.77
293.6, 0.09
293.7, -0.14
293.8, 0.2
293.9, -0.29
294, -0.84
294.1, -1.21
294.2, -1.55
294.3, -1.95
294.4, -2.15
294.5, -1.84
294.6, -1.24
294.7, -0.83
294.8, -0.81
294.9, -0.88
295, -0.79
295.1, -0.71
295.2, -0.55
295.3, -0.51
295.4, -0.61
295.5, -0.63
295.6, -0.51
295.7, -0.29
295.8, -0.16
295.9, -0.11
296, -0.09
296.1, -0.17
296.2, -0.19
296.3, -0.42
296.4, -0.51
296.5, -0.58
296.6, -0.63
296.7, -0.76
296.8, -0.76
296.9, -0.77
297, -0.74
297.1, -0.75
297.2, -0.74
297.3, -0.6
297.4, -0.47
297.5, -0.4
297.6, -0.26
297.7, -0.12
297.8, -0.07
297.9, -0.11
298, -0.28
298.1, -0.55
298.2, -0.72
298.3, -0.89
298.4, -0.92
298.5, -1.07
298.6, -1.22
298.7, -1.36
298.8, -1.51
298.9, -1.66
299, -1.95
299.1, -2.26
299.2, -2.63
299.3, -2.74
299.4, -2.97
299.5, -3.18
299.6, -3.51
299.7, -3.83
299.8, -3.34
299.9, -2.5
300, -1.95
301, -1.95
301.1, -6.53
ENDTABLE
#DiagramOne1
ISIDE 2
Z_PROFILE_TABLE LINEAR_LOOP
0, -6.55
0.1, -6.58
0.2, -6.47
0.3, -6.2
0.4, -6.06
0.5, -6.09
0.6, -6.03
0.7, -5.87
0.8, -5.67
0.9, -5.3
1, -4.92
1.1, -4.55
1.2, -4.37
1.3, -4.14
1.4, -3.94
1.5, -3.83
1.6, -3.8
1.7, -3.83
1.8, -3.83
1.9, -3.82
2, -3.56
2.1, -3.15
2.2, -2.65
2.3, -2.35
2.4, -2.05
2.5, -1.73
2.6, -1.55
2.7, -1.32
2.8, -1.19
2.9, -1.04
3, -0.86
3.1, -0.7
3.2, -0.59
3.3, -0.49
3.4, -0.42
3.5, -0.39
3.6, -0.37
3.7, -0.63
3.8, -0.62
3.9, -0.6
4, -0.66
4.1, -0.74
4.2, -0.58
4.3, -0.56
4.4, -0.57
4.5, -0.61
4.6, -0.55
4.7, -0.73
4.8, -0.93
4.9, -0.96
5, -0.89
5.1, -0.81
5.2, -0.76
5.3, -0.79
5.4, -0.73
5.5, -0.98
5.6, -0.98
5.7, -0.68
5.8, -0.57
5.9, -0.47
6, -0.34
6.1, -0.12
6.2, 0.27
6.3, 0.8
6.4, 1.35
6.5, 1.85
6.6, 2.31
6.7, 2.64
6.8, 3
6.9, 3.3
7, 3.54
7.1, 3.62
7.2, 3.69
7.3, 3.65
7.4, 3.74
7.5, 3.84
7.6, 3.98
7.7, 3.92
7.8, 3.77
7.9, 3.9
8, 4.08
8.1, 4.11
8.2, 4.06
8.3, 4.22
8.4, 4.48
8.5, 4.72
8.6, 4.86
8.7, 4.92
8.8, 4.98
8.9, 5.12
9, 5.06
9.1, 5.06
9.2, 5.06
9.3, 4.99
9.4, 4.95
9.5, 4.96
9.6, 4.88
9.7, 4.81
9.8, 4.71
9.9, 4.59
10, 4.66
10.1, 4.85
10.2, 4.95
10.3, 5.12
10.4, 5.18
10.5, 5.27
10.6, 5.44
10.7, 5.68
10.8, 5.9
10.9, 6.12
11, 6.33
11.1, 6.46
11.2, 6.45
11.3, 6.44
11.4, 6.52
11.5, 6.71
11.6, 6.55
11.7, 6.24
11.8, 6.37
11.9, 7.01
12, 7.13
12.1, 6.96
12.2, 6.95
12.3, 6.89
12.4, 6.88
12.5, 6.97
12.6, 7.07
12.7, 7.11
12.8, 7.2
12.9, 7.55
13, 7.75
13.1, 7.98
13.2, 8.19
13.3, 8.47
13.4, 8.66
13.5, 8.92
13.6, 9.1
13.7, 9.14
13.8, 9.03
13.9, 8.86
14, 8.73
14.1, 8.73
14.2, 8.79
14.3, 8.88
14.4, 9.11
14.5, 9.44
14.6, 9.63
14.7, 9.73
14.8, 9.86
14.9, 10.04
15, 10.3
15.1, 10.53
15.2, 10.79
15.3, 10.91
15.4, 11
15.5, 11.17
15.6, 11.38
15.7, 11.58
15.8, 11.71
15.9, 11.83
16, 12
16.1, 12.31
16.2, 12.67
16.3, 12.97
16.4, 13.12
16.5, 13.25
16.6, 13.39
16.7, 13.38
16.8, 13.27
16.9, 13.22
17, 13.26
17.1, 13.35
17.2, 13.39
17.3, 13.37
17.4, 13.11
17.5, 12.86
17.6, 12.73
17.7, 12.56
17.8, 12.49
17.9, 12.41
18, 12.38
18.1, 12.26
18.2, 12.26
18.3, 12.37
18.4, 12.54
18.5, 12.85
18.6, 13.15
18.7, 13.23
18.8, 13.3
18.9, 13.56
19, 13.85
19.1, 14.17
19.2, 14.51
19.3, 14.76
19.4, 14.9
19.5, 15.18
19.6, 15.15
19.7, 15.08
19.8, 15.07
19.9, 15.04
20, 15.09
20.1, 15.22
20.2, 15.33
20.3, 15.46
20.4, 15.62
20.5, 15.85
20.6, 15.92
20.7, 16.07
20.8, 16.06
20.9, 16.34
21, 16.62
21.1, 16.76
21.2, 16.8
21.3, 16.93
21.4, 16.99
21.5, 17.1
21.6, 17.17
21.7, 17.32
21.8, 17.56
21.9, 17.6
22, 17.53
22.1, 17.47
22.2, 17.32
22.3, 17.12
22.4, 16.98
22.5, 16.91
22.6, 16.84
22.7, 16.64
22.8, 16.56
22.9, 16.73
23, 17.03
23.1, 17.22
23.2, 17.14
23.3, 17.28
23.4, 17.51
23.5, 17.73
23.6, 17.85
23.7, 18.02
23.8, 18.08
23.9, 18.02
24, 18.07
24.1, 17.44
24.2, 17.25
24.3, 17.52
24.4, 17.79
24.5, 17.72
24.6, 17.51
24.7, 17.42
24.8, 17.18
24.9, 17.14
25, 17.21
25.1, 17.32
25.2, 17.36
25.3, 17.39
25.4, 17.28
25.5, 17.17
25.6, 17.22
25.7, 17.5
25.8, 17.65
25.9, 17.81
26, 17.92
26.1, 18.06
26.2, 18.17
26.3, 18.16
26.4, 18.07
26.5, 18.08
26.6, 18.08
26.7, 18.09
26.8, 17.94
26.9, 17.92
27, 17.96
27.1, 17.96
27.2, 17.89
27.3, 17.92
27.4, 17.98
27.5, 17.94
27.6, 17.98
27.7, 18.02
27.8, 17.96
27.9, 17.76
28, 17.68
28.1, 17.65
28.2, 17.74
28.3, 17.71
28.4, 17.68
28.5, 17.65
28.6, 17.68
28.7, 17.75
28.8, 17.93
28.9, 18.09
29, 18.08
29.1, 18.17
29.2, 18.27
29.3, 18.38
29.4, 18.41
29.5, 18.54
29.6, 18.7
29.7, 18.96
29.8, 18.91
29.9, 18.62
30, 18.41
30.1, 18.3
30.2, 18.49
30.3, 18.75
30.4, 18.73
30.5, 18.61
30.6, 18.61
30.7, 18.72
30.8, 18.64
30.9, 18.67
31, 18.66
31.1, 18.57
31.2, 18.54
31.3, 18.62
31.4, 18.8
31.5, 18.98
31.6, 19.13
31.7, 19.27
31.8, 19.37
31.9, 19.47
32, 19.6
32.1, 19.65
32.2, 19.67
32.3, 19.58
32.4, 19.59
32.5, 19.63
32.6, 19.68
32.7, 19.56
32.8, 19.48
32.9, 19.43
33, 19.58
33.1, 19.66
33.2, 19.72
33.3, 19.71
33.4, 19.67
33.5, 19.57
33.6, 19.53
33.7, 19.56
33.8, 19.67
33.9, 19.7
34, 19.77
34.1, 19.73
34.2, 19.51
34.3, 19.21
34.4, 19.02
34.5, 18.9
34.6, 19
34.7, 18.95
34.8, 18.8
34.9, 18.62
35, 18.25
35.1, 18
35.2, 17.85
35.3, 17.8
35.4, 17.72
35.5, 17.71
35.6, 17.67
35.7, 17.63
35.8, 17.54
35.9, 17.53
36, 17.68
36.1, 17.83
36.2, 18.11
36.3, 17.31
36.4, 17.03
36.5, 16.6
36.6, 17.24
36.7, 17.06
36.8, 16.99
36.9, 16.79
37, 16.55
37.1, 16.4
37.2, 16.41
37.3, 16.39
37.4, 16.44
37.5, 16.5
37.6, 16.61
37.7, 16.71
37.8, 16.75
37.9, 16.87
38, 16.81
38.1, 16.83
38.2, 16.78
38.3, 16.89
38.4, 17.05
38.5, 17.09
38.6, 17.05
38.7, 17.12
38.8, 17.16
38.9, 17.15
39, 17.06
39.1, 17.06
39.2, 17.05
39.3, 16.88
39.4, 16.57
39.5, 16.45
39.6, 16.36
39.7, 16.32
39.8, 16.34
39.9, 16.4
40, 16.35
40.1, 16.15
40.2, 16.03
40.3, 15.99
40.4, 15.9
40.5, 15.79
40.6, 15.57
40.7, 15.33
40.8, 15.16
40.9, 14.9
41, 14.68
41.1, 14.79
41.2, 14.72
41.3, 14.67
41.4, 14.74
41.5, 14.84
41.6, 14.92
41.7, 14.83
41.8, 14.76
41.9, 14.69
42, 14.61
42.1, 14.54
42.2, 14.42
42.3, 14.11
42.4, 13.83
42.5, 13.73
42.6, 13.58
42.7, 13.43
42.8, 13.35
42.9, 13.4
43, 13.34
43.1, 13.1
43.2, 12.94
43.3, 12.93
43.4, 12.88
43.5, 12.8
43.6, 12.89
43.7, 12.8
43.8, 12.74
43.9, 12.61
44, 12.63
44.1, 12.72
44.2, 12.9
44.3, 13.08
44.4, 13.16
44.5, 13.12
44.6, 13.26
44.7, 13.24
44.8, 13.11
44.9, 12.99
45, 13
45.1, 12.96
45.2, 12.82
45.3, 12.73
45.4, 12.72
45.5, 12.73
45.6, 12.66
45.7, 12.53
45.8, 12.29
45.9, 12.31
46, 12.09
46.1, 11.93
46.2, 11.72
46.3, 11.56
46.4, 11.43
46.5, 11.35
46.6, 11.3
46.7, 11.23
46.8, 11.09
46.9, 10.91
47, 10.74
47.1, 10.57
47.2, 10.56
47.3, 10.45
47.4, 10.36
47.5, 10.09
47.6, 9.91
47.7, 9.73
47.8, 9.42
47.9, 9.15
48, 8.96
48.1, 9.17
48.2, 9.28
48.3, 9.31
48.4, 9.37
48.5, 9.59
48.6, 9.77
48.7, 9.93
48.8, 8.96
48.9, 8.82
49, 8.63
49.1, 9.4
49.2, 9
49.3, 8.63
49.4, 8.52
49.5, 8.56
49.6, 8.54
49.7, 8.44
49.8, 8.47
49.9, 8.44
50, 8.57
50.1, 8.67
50.2, 8.84
50.3, 8.99
50.4, 9.04
50.5, 9.16
50.6, 9.22
50.7, 9.25
50.8, 9.27
50.9, 9.27
51, 9.44
51.1, 9.56
51.2, 9.69
51.3, 9.63
51.4, 9.51
51.5, 9.38
51.6, 9.28
51.7, 9.28
51.8, 9.2
51.9, 9.17
52, 9.11
52.1, 8.88
52.2, 8.69
52.3, 8.66
52.4, 8.57
52.5, 8.51
52.6, 8.53
52.7, 8.67
52.8, 8.83
52.9, 8.95
53, 8.9
53.1, 8.97
53.2, 9.19
53.3, 9.18
53.4, 9.08
53.5, 9.1
53.6, 9.19
53.7, 9.33
53.8, 9.47
53.9, 9.51
54, 9.39
54.1, 9.44
54.2, 9.47
54.3, 9.54
54.4, 9.55
54.5, 9.34
54.6, 9.29
54.7, 9.21
54.8, 9.2
54.9, 9.08
55, 8.93
55.1, 8.92
55.2, 9
55.3, 8.91
55.4, 8.62
55.5, 8.16
55.6, 7.8
55.7, 7.55
55.8, 7.35
55.9, 7.16
56, 6.94
56.1, 6.69
56.2, 6.47
56.3, 6.37
56.4, 6.24
56.5, 6.13
56.6, 5.95
56.7, 6.14
56.8, 6.14
56.9, 6.15
57, 6.2
57.1, 6.37
57.2, 6.62
57.3, 6.68
57.4, 6.7
57.5, 6.63
57.6, 6.49
57.7, 6.57
57.8, 6.65
57.9, 6.74
58, 6.71
58.1, 6.69
58.2, 6.85
58.3, 6.91
58.4, 6.87
58.5, 6.72
58.6, 6.8
58.7, 6.83
58.8, 6.86
58.9, 6.78
59, 6.82
59.1, 6.94
59.2, 6.99
59.3, 6.75
59.4, 6.78
59.5, 6.9
59.6, 7.08
59.7, 7.2
59.8, 7.4
59.9, 7.52
60, 7.56
60.1, 7.52
60.2, 7.28
60.3, 6.26
60.4, 5.96
60.5, 5.52
60.6, 5.89
60.7, 5.6
60.8, 5.46
60.9, 5.4
61, 5.1
61.1, 4.76
61.2, 4.63
61.3, 4.73
61.4, 4.9
61.5, 4.9
61.6, 4.79
61.7, 4.58
61.8, 4.61
61.9, 4.82
62, 5.08
62.1, 5.31
62.2, 5.44
62.3, 5.63
62.4, 5.77
62.5, 5.75
62.6, 5.75
62.7, 5.81
62.8, 5.83
62.9, 5.79
63, 5.66
63.1, 5.65
63.2, 5.51
63.3, 5.35
63.4, 5.25
63.5, 5.17
63.6, 5.17
63.7, 5.14
63.8, 4.98
63.9, 4.74
64, 4.51
64.1, 4.27
64.2, 4.13
64.3, 4.05
64.4, 3.82
64.5, 3.48
64.6, 3.16
64.7, 2.82
64.8, 2.66
64.9, 2.63
65, 2.73
65.1, 2.79
65.2, 2.76
65.3, 2.75
65.4, 2.68
65.5, 2.56
65.6, 2.52
65.7, 2.46
65.8, 2.35
65.9, 2.3
66, 2.2
66.1, 2.02
66.2, 1.78
66.3, 1.49
66.4, 1.29
66.5, 1.33
66.6, 1.41
66.7, 1.27
66.8, 1.14
66.9, 1.17
67, 1.16
67.1, 1.09
67.2, 1.17
67.3, 1.35
67.4, 1.31
67.5, 1.26
67.6, 1
67.7, 0.87
67.8, 0.98
67.9, 0.96
68, 0.72
68.1, 0.47
68.2, 0.48
68.3, 0.43
68.4, 0.12
68.5, -0.12
68.6, -0.42
68.7, -0.63
68.8, -0.85
68.9, -0.96
69, -1
69.1, -1.12
69.2, -1.24
69.3, -1.42
69.4, -1.44
69.5, -1.39
69.6, -1.44
69.7, -1.5
69.8, -1.67
69.9, -1.8
70, -1.91
70.1, -1.95
70.2, -2.08
70.3, -2.18
70.4, -2.34
70.5, -2.72
70.6, -2.82
70.7, -2.85
70.8, -2.74
70.9, -2.61
71, -2.56
71.1, -2.58
71.2, -2.55
71.3, -2.43
71.4, -2.32
71.5, -2.38
71.6, -2.6
71.7, -2.74
71.8, -2.85
71.9, -3
72, -3
72.1, -2.84
72.2, -2.8
72.3, -2.81
72.4, -2.66
72.5, -2.56
72.6, -2.65
72.7, -2.68
72.8, -3.81
72.9, -4.26
73, -4.82
73.1, -4.37
73.2, -4.89
73.3, -5.31
73.4, -5.5
73.5, -5.64
73.6, -5.57
73.7, -5.38
73.8, -5.23
73.9, -5.14
74, -5.07
74.1, -5.04
74.2, -5.04
74.3, -4.72
74.4, -4.49
74.5, -4.47
74.6, -4.52
74.7, -4.36
74.8, -4.24
74.9, -4.23
75, -4.31
75.1, -4.33
75.2, -4.34
75.3, -4.36
75.4, -4.29
75.5, -4.19
75.6, -4.2
75.7, -4.25
75.8, -4.47
75.9, -4.46
76, -4.55
76.1, -4.63
76.2, -4.83
76.3, -4.91
76.4, -5.02
76.5, -5.24
76.6, -5.37
76.7, -5.4
76.8, -5.59
76.9, -5.73
77, -5.88
77.1, -6.13
77.2, -6.3
77.3, -6.25
77.4, -6.08
77.5, -5.95
77.6, -5.8
77.7, -5.72
77.8, -5.66
77.9, -5.62
78, -5.67
78.1, -5.81
78.2, -5.81
78.3, -5.69
78.4, -5.78
78.5, -5.68
78.6, -5.68
78.7, -5.6
78.8, -5.56
78.9, -5.66
79, -5.79
79.1, -6
79.2, -6.11
79.3, -6.01
79.4, -5.82
79.5, -5.59
79.6, -5.48
79.7, -5.51
79.8, -5.42
79.9, -5.31
80, -5.22
80.1, -5.19
80.2, -5.21
80.3, -5.2
80.4, -5.2
80.5, -5.28
80.6, -5.2
80.7, -4.99
80.8, -5.09
80.9, -5.17
81, -5.29
81.1, -5.43
81.2, -5.75
81.3, -6.1
81.4, -6.33
81.5, -6.47
81.6, -6.55
81.7, -6.4
81.8, -6.25
81.9, -6.06
82, -5.9
82.1, -5.81
82.2, -5.83
82.3, -5.88
82.4, -5.98
82.5, -6.08
82.6, -6.09
82.7, -6.11
82.8, -6.22
82.9, -6.33
83, -6.29
83.1, -6.19
83.2, -5.94
83.3, -5.8
83.4, -5.83
83.5, -5.82
83.6, -5.81
83.7, -5.88
83.8, -5.91
83.9, -5.82
84, -5.81
84.1, -5.81
84.2, -5.71
84.3, -5.65
84.4, -5.71
84.5, -5.9
84.6, -5.95
84.7, -6.02
84.8, -6.02
84.9, -6.02
85, -5.93
85.1, -5.91
85.2, -6.84
85.3, -7.12
85.4, -7.66
85.5, -7.49
85.6, -8.18
85.7, -8.76
85.8, -8.98
85.9, -8.89
86, -8.59
86.1, -8.47
86.2, -8.48
86.3, -8.34
86.4, -8.25
86.5, -8.18
86.6, -8.14
86.7, -8.09
86.8, -8.24
86.9, -8.39
87, -8.49
87.1, -8.39
87.2, -8.24
87.3, -8.3
87.4, -8.21
87.5, -7.98
87.6, -7.63
87.7, -7.42
87.8, -7.27
87.9, -7.24
88, -7.12
88.1, -7.12
88.2, -6.93
88.3, -6.85
88.4, -6.79
88.5, -6.76
88.6, -6.74
88.7, -6.89
88.8, -7
88.9, -6.87
89, -6.88
89.1, -6.98
89.2, -7.23
89.3, -7.34
89.4, -7.55
89.5, -7.68
89.6, -7.69
89.7, -7.75
89.8, -7.58
89.9, -7.44
90, -7.22
90.1, -7.06
90.2, -6.71
90.3, -6.42
90.4, -6.14
90.5, -5.95
90.6, -5.91
90.7, -5.97
90.8, -5.95
90.9, -5.77
91, -5.72
91.1, -5.75
91.2, -5.68
91.3, -5.77
91.4, -5.83
91.5, -5.76
91.6, -5.81
91.7, -5.84
91.8, -5.93
91.9, -5.82
92, -5.82
92.1, -5.7
92.2, -5.59
92.3, -5.49
92.4, -5.49
92.5, -5.45
92.6, -5.53
92.7, -5.55
92.8, -5.71
92.9, -5.82
93, -5.88
93.1, -6.14
93.2, -6.37
93.3, -6.48
93.4, -6.64
93.5, -6.74
93.6, -6.8
93.7, -6.97
93.8, -6.99
93.9, -6.83
94, -6.64
94.1, -6.42
94.2, -6.08
94.3, -5.76
94.4, -5.5
94.5, -5.31
94.6, -5.05
94.7, -4.8
94.8, -4.59
94.9, -4.56
95, -4.48
95.1, -4.32
95.2, -3.92
95.3, -3.72
95.4, -3.62
95.5, -3.77
95.6, -3.79
95.7, -3.66
95.8, -3.42
95.9, -3.14
96, -2.91
96.1, -2.78
96.2, -2.68
96.3, -2.56
96.4, -2.34
96.5, -2.37
96.6, -3.39
96.7, -3.44
96.8, -3.47
96.9, -2.75
97, -3.15
97.1, -3.6
97.2, -3.95
97.3, -4.19
97.4, -4.34
97.5, -4.61
97.6, -4.74
97.7, -4.88
97.8, -4.96
97.9, -5.05
98, -5.11
98.1, -4.99
98.2, -4.66
98.3, -4.24
98.4, -3.94
98.5, -3.66
98.6, -3.34
98.7, -3.01
98.8, -2.76
98.9, -2.51
99, -2.57
99.1, -2.65
99.2, -2.76
99.3, -2.72
99.4, -2.71
99.5, -2.65
99.6, -2.68
99.7, -2.63
99.8, -2.58
99.9, -2.56
100, -2.6
100.1, -2.56
100.2, -2.67
100.3, -2.64
100.4, -2.69
100.5, -2.65
100.6, -2.56
100.7, -2.54
100.8, -2.53
100.9, -2.44
101, -2.33
101.1, -2.25
101.2, -2.22
101.3, -2.08
101.4, -1.98
101.5, -2.08
101.6, -2.39
101.7, -2.66
101.8, -2.82
101.9, -2.93
102, -3.1
102.1, -3.23
102.2, -3.25
102.3, -3.3
102.4, -3.36
102.5, -3.37
102.6, -3.23
102.7, -3.04
102.8, -2.89
102.9, -2.71
103, -2.68
103.1, -2.48
103.2, -2.37
103.3, -2.36
103.4, -2.15
103.5, -2
103.6, -1.86
103.7, -1.61
103.8, -1.54
103.9, -1.62
104, -1.55
104.1, -1.5
104.2, -1.4
104.3, -1.37
104.4, -1.27
104.5, -1.21
104.6, -1.2
104.7, -1.17
104.8, -1.01
104.9, -0.91
105, -0.96
105.1, -0.91
105.2, -0.84
105.3, -0.88
105.4, -1.06
105.5, -1.14
105.6, -1.09
105.7, -1.03
105.8, -1.14
105.9, -1.5
106, -1.67
106.1, -1.81
106.2, -1.8
106.3, -2
106.4, -2.25
106.5, -2.39
106.6, -2.36
106.7, -2.39
106.8, -2.24
106.9, -2
107, -1.66
107.1, -1.42
107.2, -1.24
107.3, -1.16
107.4, -1.04
107.5, -0.98
107.6, -0.81
107.7, -0.65
107.8, -0.5
107.9, -0.4
108, -0.28
108.1, -0.19
108.2, -0.18
108.3, -0.06
108.4, 0.29
108.5, 0.33
108.6, 0.46
108.7, 0.52
108.8, 0.51
108.9, 0.75
109, 0.56
109.1, 0.02
109.2, -0.23
109.3, 0.15
109.4, -0.11
109.5, -0.22
109.6, -0.68
109.7, -1.37
109.8, -1.88
109.9, -1.91
110, -1.7
110.1, -1.48
110.2, -1.31
110.3, -1.23
110.4, -1.19
110.5, -1.25
110.6, -1.36
110.7, -1.53
110.8, -1.78
110.9, -1.87
111, -1.98
111.1, -1.96
111.2, -1.97
111.3, -1.97
111.4, -1.93
111.5, -2.01
111.6, -2.02
111.7, -1.89
111.8, -1.71
111.9, -1.6
112, -1.57
112.1, -1.59
112.2, -1.52
112.3, -1.36
112.4, -1.2
112.5, -1.02
112.6, -0.96
112.7, -0.91
112.8, -0.84
112.9, -0.77
113, -0.71
113.1, -0.66
113.2, -0.65
113.3, -0.58
113.4, -0.53
113.5, -0.41
113.6, -0.32
113.7, -0.1
113.8, 0.01
113.9, 0.02
114, 0.13
114.1, 0.06
114.2, -0.05
114.3, -0.15
114.4, -0.32
114.5, -0.47
114.6, -0.47
114.7, -0.5
114.8, -0.65
114.9, -1
115, -1.48
115.1, -1.82
115.2, -1.86
115.3, -1.92
115.4, -2.03
115.5, -2.24
115.6, -2.47
115.7, -2.43
115.8, -2.23
115.9, -2.01
116, -1.79
116.1, -1.48
116.2, -1.15
116.3, -0.98
116.4, -1.11
116.5, -0.98
116.6, -0.79
116.7, -0.85
116.8, -1.1
116.9, -1.31
117, -1.42
117.1, -1.45
117.2, -1.38
117.3, -1.24
117.4, -1.34
117.5, -1.45
117.6, -1.52
117.7, -1.35
117.8, -1.26
117.9, -1.34
118, -1.38
118.1, -1.32
118.2, -1.28
118.3, -1.2
118.4, -1.19
118.5, -1.14
118.6, -1.14
118.7, -0.96
118.8, -0.92
118.9, -0.91
119, -0.96
119.1, -0.97
119.2, -0.99
119.3, -1.1
119.4, -1.33
119.5, -1.52
119.6, -1.81
119.7, -2.14
119.8, -2.29
119.9, -2.14
120, -1.93
120.1, -1.74
120.2, -1.56
120.3, -1.27
120.4, -1.1
120.5, -1.02
120.6, -0.78
120.7, -0.49
120.8, -0.48
120.9, -0.52
121, -0.59
121.1, -0.56
121.2, -0.5
121.3, -0.39
121.4, -0.28
121.5, -0.98
121.6, -1.34
121.7, -1.47
121.8, -0.61
121.9, -0.96
122, -1.08
122.1, -1.07
122.2, -1.17
122.3, -1.23
122.4, -1.28
122.5, -1.26
122.6, -1.44
122.7, -1.57
122.8, -1.75
122.9, -1.71
123, -1.71
123.1, -1.61
123.2, -1.9
123.3, -1.96
123.4, -2.12
123.5, -2.31
123.6, -2.73
123.7, -3.06
123.8, -3.43
123.9, -3.71
124, -3.75
124.1, -3.53
124.2, -3.43
124.3, -3.15
124.4, -2.87
124.5, -2.66
124.6, -2.49
124.7, -2.29
124.8, -2.1
124.9, -2.08
125, -2.06
125.1, -2.13
125.2, -1.9
125.3, -1.74
125.4, -1.75
125.5, -1.74
125.6, -1.56
125.7, -1.49
125.8, -1.57
125.9, -1.69
126, -1.63
126.1, -1.55
126.2, -1.44
126.3, -1.62
126.4, -1.64
126.5, -1.45
126.6, -1.44
126.7, -1.55
126.8, -1.65
126.9, -1.87
127, -1.81
127.1, -1.75
127.2, -1.8
127.3, -2.01
127.4, -2.44
127.5, -2.79
127.6, -3
127.7, -3.03
127.8, -3.18
127.9, -3.25
128, -3.39
128.1, -3.41
128.2, -3.51
128.3, -3.62
128.4, -3.48
128.5, -3.2
128.6, -2.84
128.7, -2.6
128.8, -2.49
128.9, -2.32
129, -2.24
129.1, -2.15
129.2, -2.16
129.3, -2.08
129.4, -2
129.5, -1.85
129.6, -1.89
129.7, -1.95
129.8, -2.03
129.9, -2.07
130, -2.11
130.1, -2.28
130.2, -2.39
130.3, -2.53
130.4, -2.59
130.5, -2.62
130.6, -2.67
130.7, -2.73
130.8, -2.78
130.9, -2.94
131, -3
131.1, -3.1
131.2, -3.05
131.3, -3.18
131.4, -3.3
131.5, -3.39
131.6, -3.6
131.7, -3.62
131.8, -3.79
131.9, -3.84
132, -3.88
132.1, -4.01
132.2, -4.15
132.3, -4.5
132.4, -4.66
132.5, -4.79
132.6, -4.97
132.7, -5.02
132.8, -5.15
132.9, -5.14
133, -5.18
133.1, -5.14
133.2, -4.98
133.3, -5.02
133.4, -4.95
133.5, -4.76
133.6, -4.69
133.7, -4.48
133.8, -4.41
133.9, -4.4
134, -4.81
134.1, -4.66
134.2, -4.59
134.3, -4.39
134.4, -5.02
134.5, -5.57
134.6, -5.78
134.7, -5.68
134.8, -5.55
134.9, -5.47
135, -5.26
135.1, -5.05
135.2, -4.7
135.3, -4.32
135.4, -4.17
135.5, -4.01
135.6, -3.84
135.7, -3.51
135.8, -3.7
135.9, -3.88
136, -3.97
136.1, -4.03
136.2, -4.04
136.3, -4.11
136.4, -4.2
136.5, -4.32
136.6, -4.37
136.7, -4.47
136.8, -4.74
136.9, -5.01
137, -5.18
137.1, -5.12
137.2, -5.18
137.3, -5.21
137.4, -5.06
137.5, -4.78
137.6, -4.55
137.7, -4.26
137.8, -4
137.9, -3.86
138, -3.65
138.1, -3.6
138.2, -3.63
138.3, -3.53
138.4, -3.57
138.5, -3.5
138.6, -3.29
138.7, -3.71
138.8, -4.04
138.9, -3.96
139, -3.84
139.1, -4
139.2, -4.14
139.3, -4.03
139.4, -4.02
139.5, -4.11
139.6, -4.51
139.7, -4.71
139.8, -4.8
139.9, -4.63
140, -4.67
140.1, -4.97
140.2, -5.31
140.3, -5.41
140.4, -5.19
140.5, -5.22
140.6, -5.13
140.7, -5.04
140.8, -4.86
140.9, -4.87
141, -4.84
141.1, -4.83
141.2, -4.69
141.3, -4.59
141.4, -4.43
141.5, -4.44
141.6, -4.44
141.7, -4.44
141.8, -4.28
141.9, -4.14
142, -4.14
142.1, -4.28
142.2, -4.32
142.3, -4.37
142.4, -4.28
142.5, -4.18
142.6, -4.22
142.7, -4.23
142.8, -4
142.9, -4.2
143, -4.27
143.1, -4.24
143.2, -4.24
143.3, -4.19
143.4, -4.24
143.5, -4.15
143.6, -4.11
143.7, -4.25
143.8, -4.33
143.9, -4.44
144, -4.57
144.1, -4.65
144.2, -4.76
144.3, -4.95
144.4, -4.91
144.5, -4.82
144.6, -4.71
144.7, -4.33
144.8, -4.15
144.9, -4.1
145, -4.13
145.1, -4.12
145.2, -4.25
145.3, -4.41
145.4, -4.43
145.5, -4.46
145.6, -4.45
145.7, -4.55
145.8, -4.65
145.9, -4.68
146, -4.6
146.1, -4.57
146.2, -4.61
146.3, -4.67
146.4, -4.92
146.5, -6.59
146.6, -6.82
146.7, -7.21
146.8, -6.12
146.9, -6.56
147, -7.07
147.1, -7.81
147.2, -8.02
147.3, -7.84
147.4, -7.58
147.5, -7.43
147.6, -7.38
147.7, -7.34
147.8, -7.18
147.9, -7.07
148, -6.98
148.1, -6.84
148.2, -6.73
148.3, -6.61
148.4, -6.43
148.5, -6.22
148.6, -6.22
148.7, -6.26
148.8, -6.23
148.9, -5.92
149, -5.71
149.1, -5.56
149.2, -5.47
149.3, -5.25
149.4, -5.04
149.5, -4.86
149.6, -4.77
149.7, -4.68
149.8, -4.44
149.9, -4.33
150, -4.44
150.1, -4.53
150.2, -4.34
150.3, -4.37
150.4, -4.42
150.5, -4.56
150.6, -4.47
150.7, -4.41
150.8, -4.52
150.9, -4.58
151, -4.42
151.1, -4.21
151.2, -4.24
151.3, -4.43
151.4, -4.63
151.5, -4.65
151.6, -4.79
151.7, -5.04
151.8, -5.01
151.9, -4.97
152, -4.85
152.1, -4.84
152.2, -4.8
152.3, -4.99
152.4, -5.14
152.5, -4.99
152.6, -4.96
152.7, -5.06
152.8, -5.34
152.9, -5.36
153, -5.18
153.1, -5
153.2, -4.9
153.3, -4.68
153.4, -4.54
153.5, -4.26
153.6, -4.15
153.7, -3.79
153.8, -3.53
153.9, -3.19
154, -3
154.1, -3.05
154.2, -2.97
154.3, -2.79
154.4, -2.73
154.5, -2.82
154.6, -2.9
154.7, -3.02
154.8, -3.39
154.9, -3.39
155, -3.51
155.1, -3.59
155.2, -3.74
155.3, -3.81
155.4, -3.89
155.5, -4.07
155.6, -4.14
155.7, -4.36
155.8, -4.53
155.9, -4.39
156, -4.22
156.1, -3.97
156.2, -3.62
156.3, -3.51
156.4, -3.33
156.5, -3.26
156.6, -3.24
156.7, -3.2
156.8, -3.04
156.9, -2.84
157, -2.68
157.1, -2.69
157.2, -2.78
157.3, -2.73
157.4, -2.4
157.5, -2.32
157.6, -2.15
157.7, -1.99
157.8, -1.78
157.9, -1.71
158, -1.66
158.1, -1.48
158.2, -1.33
158.3, -1.23
158.4, -1.21
158.5, -1.22
158.6, -1.1
158.7, -0.98
158.8, -0.73
158.9, -0.61
159, -2.08
159.1, -2.46
159.2, -1.64
159.3, -2.23
159.4, -2.84
159.5, -3.23
159.6, -3.48
159.7, -3.4
159.8, -3.12
159.9, -2.97
160, -2.85
160.1, -2.6
160.2, -2.23
160.3, -1.78
160.4, -1.35
160.5, -1.07
160.6, -0.8
160.7, -0.5
160.8, -0.22
160.9, 0.16
161, 0.31
161.1, 0.55
161.2, 0.6
161.3, 0.84
161.4, 1.2
161.5, 1.27
161.6, 1.21
161.7, 1.1
161.8, 1.17
161.9, 1.18
162, 1.11
162.1, 0.93
162.2, 0.94
162.3, 0.93
162.4, 0.83
162.5, 0.82
162.6, 0.78
162.7, 0.46
162.8, 0.37
162.9, 0.3
163, 0.26
163.1, 0.17
163.2, 0.08
163.3, -0.08
163.4, -0.21
163.5, -0.36
163.6, -0.58
163.7, -0.87
163.8, -1.13
163.9, -1.34
164, -1.37
164.1, -1.47
164.2, -1.09
164.3, -0.51
164.4, -0.39
164.5, -0.3
164.6, -0.02
164.7, 0.3
164.8, 0.78
164.9, 1.2
165, 1.76
165.1, 2.11
165.2, 2.19
165.3, 2.16
165.4, 2.16
165.5, 1.96
165.6, 1.97
165.7, 1.99
165.8, 1.93
165.9, 1.9
166, 1.91
166.1, 1.82
166.2, 1.89
166.3, 1.95
166.4, 2.1
166.5, 2.24
166.6, 2.42
166.7, 2.49
166.8, 2.41
166.9, 2.54
167, 2.59
167.1, 2.43
167.2, 2.45
167.3, 2.58
167.4, 2.73
167.5, 2.72
167.6, 2.48
167.7, 2.36
167.8, 2.27
167.9, 2.2
168, 2.3
168.1, 2.08
168.2, 1.74
168.3, 1.47
168.4, 1.45
168.5, 1.61
168.6, 1.64
168.7, 1.71
168.8, 1.74
168.9, 1.74
169, 1.86
169.1, 1.99
169.2, 2.17
169.3, 2.35
169.4, 2.57
169.5, 2.8
169.6, 2.95
169.7, 2.96
169.8, 2.85
169.9, 2.83
170, 2.59
170.1, 2.36
170.2, 2.21
170.3, 0.85
170.4, 0.5
170.5, 0.28
170.6, 0.65
170.7, 0.51
170.8, 0.48
170.9, 0.69
171, 1.21
171.1, 1.62
171.2, 1.65
171.3, 1.74
171.4, 2
171.5, 2.18
171.6, 2.39
171.7, 2.56
171.8, 2.81
171.9, 2.94
172, 3.13
172.1, 3.22
172.2, 3.34
172.3, 3.38
172.4, 3.46
172.5, 3.54
172.6, 3.52
172.7, 3.39
172.8, 3.37
172.9, 3.47
173, 3.63
173.1, 3.81
173.2, 4.07
173.3, 4.34
173.4, 4.72
173.5, 4.97
173.6, 4.99
173.7, 5.2
173.8, 5.27
173.9, 5.35
174, 5.3
174.1, 5.36
174.2, 5.31
174.3, 5.42
174.4, 5.7
174.5, 5.82
174.6, 6.04
174.7, 6.34
174.8, 6.41
174.9, 6.51
175, 6.54
175.1, 6.7
175.2, 6.63
175.3, 6.41
175.4, 6.34
175.5, 6.36
175.6, 6.22
175.7, 6
175.8, 5.79
175.9, 5.75
176, 5.61
176.1, 5.5
176.2, 5.43
176.3, 5.21
176.4, 5.1
176.5, 5.04
176.6, 5.2
176.7, 5.32
176.8, 5.29
176.9, 5.19
177, 5.33
177.1, 5.65
177.2, 6.14
177.3, 6.35
177.4, 6.47
177.5, 6.52
177.6, 6.56
177.7, 6.71
177.8, 7.04
177.9, 7.13
178, 7.11
178.1, 7.07
178.2, 7.17
178.3, 7.19
178.4, 7.08
178.5, 6.99
178.6, 6.97
178.7, 6.89
178.8, 6.77
178.9, 6.75
179, 6.8
179.1, 6.82
179.2, 6.92
179.3, 7.05
179.4, 7.08
179.5, 7.02
179.6, 7.06
179.7, 7.07
179.8, 7.12
179.9, 6.93
180, 6.74
180.1, 6.65
180.2, 6.59
180.3, 6.41
180.4, 6.17
180.5, 6.04
180.6, 5.96
180.7, 6.04
180.8, 6.01
180.9, 5.85
181, 5.66
181.1, 5.74
181.2, 5.96
181.3, 6.06
181.4, 6.17
181.5, 6.26
181.6, 6.46
181.7, 6.61
181.8, 6.77
181.9, 6.93
182, 6.9
182.1, 6.71
182.2, 6.84
182.3, 7.03
182.4, 7.21
182.5, 7.33
182.6, 7.65
182.7, 7.94
182.8, 7.63
182.9, 7.26
183, 7.15
183.1, 6.74
183.2, 6.52
183.3, 6.59
183.4, 6.62
183.5, 6.94
183.6, 7.38
183.7, 7.68
183.8, 7.97
183.9, 8.31
184, 8.52
184.1, 8.69
184.2, 8.9
184.3, 9.13
184.4, 9.5
184.5, 10.02
184.6, 10.37
184.7, 10.92
184.8, 11.21
184.9, 11.31
185, 11.45
185.1, 11.51
185.2, 11.39
185.3, 11.41
185.4, 11.37
185.5, 11.3
185.6, 11.31
185.7, 11.56
185.8, 11.69
185.9, 11.85
186, 11.88
186.1, 12.05
186.2, 11.99
186.3, 11.95
186.4, 11.84
186.5, 11.91
186.6, 12.06
186.7, 11.98
186.8, 11.84
186.9, 11.81
187, 11.71
187.1, 11.76
187.2, 11.72
187.3, 11.8
187.4, 11.75
187.5, 11.92
187.6, 12.04
187.7, 12.01
187.8, 12.06
187.9, 11.81
188, 11.68
188.1, 11.42
188.2, 11.51
188.3, 11.64
188.4, 11.77
188.5, 11.85
188.6, 11.75
188.7, 11.57
188.8, 11.39
188.9, 11.44
189, 11.51
189.1, 11.75
189.2, 12.03
189.3, 12.18
189.4, 12.27
189.5, 12.45
189.6, 12.64
189.7, 12.81
189.8, 12.88
189.9, 13.06
190, 13.23
190.1, 13.27
190.2, 13.27
190.3, 13.2
190.4, 13.22
190.5, 13.15
190.6, 13.12
190.7, 13.43
190.8, 13.44
190.9, 13.56
191, 13.55
191.1, 13.62
191.2, 13.72
191.3, 13.83
191.4, 13.8
191.5, 13.92
191.6, 14.01
191.7, 14.14
191.8, 14.09
191.9, 14.14
192, 14.33
192.1, 14.36
192.2, 14.18
192.3, 14.19
192.4, 14.19
192.5, 14.13
192.6, 14.12
192.7, 14.29
192.8, 14.31
192.9, 14.31
193, 14.35
193.1, 14.26
193.2, 14.22
193.3, 14.04
193.4, 13.88
193.5, 13.69
193.6, 13.53
193.7, 13.41
193.8, 13.54
193.9, 13.72
194, 13.73
194.1, 13.71
194.2, 13.68
194.3, 13.58
194.4, 13.38
194.5, 13.51
194.6, 13.64
194.7, 13.74
194.8, 13.87
194.9, 13.91
195, 13.86
195.1, 13.79
195.2, 13.8
195.3, 13.2
195.4, 13.06
195.5, 13.14
195.6, 13.38
195.7, 13.24
195.8, 13.05
195.9, 12.7
196, 12.19
196.1, 11.98
196.2, 12.2
196.3, 12.52
196.4, 12.7
196.5, 12.87
196.6, 13.03
196.7, 13.25
196.8, 13.41
196.9, 13.64
197, 13.81
197.1, 13.94
197.2, 14.18
197.3, 14.53
197.4, 14.48
197.5, 14.3
197.6, 13.97
197.7, 13.94
197.8, 13.85
197.9, 13.76
198, 13.71
198.1, 13.6
198.2, 13.57
198.3, 13.48
198.4, 13.43
198.5, 13.6
198.6, 13.57
198.7, 13.92
198.8, 14.23
198.9, 14.35
199, 14.34
199.1, 13.91
199.2, 13.65
199.3, 13.51
199.4, 13.23
199.5, 12.63
199.6, 12.22
199.7, 12.38
199.8, 12.35
199.9, 12.25
200, 12.01
200.1, 11.71
200.2, 11.47
200.3, 11.39
200.4, 11.21
200.5, 10.58
200.6, 10.31
200.7, 10.27
200.8, 10.3
200.9, 10.13
201, 9.76
201.1, 9.27
201.2, 8.82
201.3, 8.52
201.4, 8.46
201.5, 8.35
201.6, 8.25
201.7, 8.15
201.8, 8.22
201.9, 8.21
202, 8.19
202.1, 8.17
202.2, 8.12
202.3, 7.97
202.4, 7.85
202.5, 7.71
202.6, 7.58
202.7, 7.55
202.8, 7.45
202.9, 7.5
203, 7.71
203.1, 7.69
203.2, 7.65
203.3, 7.45
203.4, 7.33
203.5, 7.08
203.6, 7.1
203.7, 7.03
203.8, 6.97
203.9, 6.91
204, 6.78
204.1, 6.53
204.2, 6.27
204.3, 5.99
204.4, 5.84
204.5, 5.83
204.6, 5.89
204.7, 5.8
204.8, 5.64
204.9, 5.45
205, 5.06
205.1, 4.81
205.2, 4.71
205.3, 4.59
205.4, 4.48
205.5, 4.16
205.6, 3.99
205.7, 3.8
205.8, 3.6
205.9, 3.24
206, 2.82
206.1, 2.61
206.2, 2.42
206.3, 2.4
206.4, 2.15
206.5, 1.84
206.6, 1.38
206.7, 1.04
206.8, 0.95
206.9, 0.82
207, 0.7
207.1, 0.52
207.2, 0.32
207.3, 0.22
207.4, 0.14
207.5, 0.13
207.6, 0.07
207.7, -1.39
207.8, -1.91
207.9, -1.75
208, -1.56
208.1, -1.82
208.2, -2.08
208.3, -2.3
208.4, -2.5
208.5, -2.61
208.6, -2.47
208.7, -2.66
208.8, -3.05
208.9, -3.01
209, -2.91
209.1, -2.88
209.2, -3.05
209.3, -3.33
209.4, -3.37
209.5, -3.23
209.6, -2.98
209.7, -2.99
209.8, -3.87
209.9, -5.16
210, -5.7
210.1, -5.76
210.2, -5.91
210.3, -6.28
210.4, -5.7
210.5, -4.7
210.6, -4.16
210.7, -4.62
210.8, -4.95
210.9, -5.03
211, -5.06
211.1, -5.17
211.2, -5.2
211.3, -5.29
211.4, -5.17
211.5, -5.01
211.6, -5
211.7, -5.05
211.8, -5.02
211.9, -5.1
212, -5.51
212.1, -5.79
212.2, -5.73
212.3, -5.8
212.4, -6.11
212.5, -6.26
212.6, -6.64
212.7, -7.06
212.8, -7.29
212.9, -7.53
213, -7.83
213.1, -7.98
213.2, -8.05
213.3, -8.27
213.4, -8.59
213.5, -8.92
213.6, -9.07
213.7, -9.25
213.8, -9.54
213.9, -9.61
214, -9.54
214.1, -9.74
214.2, -9.97
214.3, -10.12
214.4, -10.23
214.5, -10.3
214.6, -10.44
214.7, -10.62
214.8, -10.92
214.9, -11.17
215, -11.6
215.1, -11.82
215.2, -12.11
215.3, -12.19
215.4, -12.37
215.5, -12.33
215.6, -12.64
215.7, -12.98
215.8, -13.08
215.9, -13.16
216, -13.36
216.1, -13.64
216.2, -13.99
216.3, -14.12
216.4, -14.45
216.5, -14.75
216.6, -14.95
216.7, -15.14
216.8, -15.35
216.9, -15.59
217, -15.82
217.1, -16.04
217.2, -16.3
217.3, -16.52
217.4, -16.65
217.5, -16.66
217.6, -16.7
217.7, -16.86
217.8, -17.07
217.9, -17.28
218, -17.34
218.1, -17.53
218.2, -17.72
218.3, -17.84
218.4, -17.78
218.5, -17.75
218.6, -17.92
218.7, -18.02
218.8, -18.27
218.9, -18.43
219, -18.48
219.1, -18.5
219.2, -18.61
219.3, -19.06
219.4, -19.38
219.5, -19.55
219.6, -19.81
219.7, -19.86
219.8, -19.86
219.9, -19.9
220, -19.94
220.1, -19.94
220.2, -20.25
220.3, -20.54
220.4, -20.93
220.5, -20.79
220.6, -21.14
220.7, -21.4
220.8, -21.89
220.9, -22.04
221, -22.21
221.1, -22.18
221.2, -22.46
221.3, -22.53
221.4, -22.77
221.5, -22.87
221.6, -22.95
221.7, -23.03
221.8, -23.18
221.9, -23.41
222, -23.46
222.1, -23.58
222.2, -23.63
222.3, -23.86
222.4, -24.05
222.5, -23.97
222.6, -23.84
222.7, -23.56
222.8, -23.34
222.9, -23.5
223, -23.49
223.1, -23.59
223.2, -23.58
223.3, -23.73
223.4, -23.84
223.5, -23.84
223.6, -23.73
223.7, -23.7
223.8, -23.57
223.9, -23.52
224, -23.64
224.1, -23.8
224.2, -23.85
224.3, -23.9
224.4, -23.79
224.5, -23.7
224.6, -23.58
224.7, -23.55
224.8, -23.57
224.9, -23.8
225, -23.87
225.1, -23.93
225.2, -23.98
225.3, -24.03
225.4, -24.2
225.5, -24.26
225.6, -24.25
225.7, -24.47
225.8, -24.57
225.9, -24.65
226, -24.66
226.1, -24.69
226.2, -24.54
226.3, -24.46
226.4, -24.35
226.5, -24.38
226.6, -24.5
226.7, -24.43
226.8, -24.44
226.9, -24.36
227, -24.32
227.1, -24.29
227.2, -24.33
227.3, -24.33
227.4, -24.35
227.5, -24.45
227.6, -24.59
227.7, -24.84
227.8, -24.95
227.9, -24.93
228, -24.88
228.1, -24.89
228.2, -24.88
228.3, -25.03
228.4, -25.4
228.5, -25.61
228.6, -25.8
228.7, -25.84
228.8, -25.85
228.9, -25.9
229, -26.05
229.1, -26.25
229.2, -26.35
229.3, -26.32
229.4, -26.22
229.5, -26.05
229.6, -25.93
229.7, -26.05
229.8, -26.15
229.9, -26.05
230, -26.13
230.1, -25.99
230.2, -25.96
230.3, -25.77
230.4, -25.78
230.5, -25.77
230.6, -25.62
230.7, -25.49
230.8, -25.25
230.9, -24.93
231, -24.74
231.1, -24.51
231.2, -24.16
231.3, -23.96
231.4, -23.87
231.5, -23.79
231.6, -23.72
231.7, -23.44
231.8, -23.37
231.9, -23.14
232, -23
232.1, -22.78
232.2, -22.67
232.3, -22.55
232.4, -22.58
232.5, -22.55
232.6, -22.91
232.7, -23.01
232.8, -22.96
232.9, -22.12
233, -22.22
233.1, -22.27
233.2, -22.15
233.3, -22.12
233.4, -22.05
233.5, -21.89
233.6, -21.41
233.7, -21.08
233.8, -20.65
233.9, -20.19
234, -20.04
234.1, -19.84
234.2, -19.68
234.3, -19.4
234.4, -19.14
234.5, -18.96
234.6, -18.89
234.7, -18.85
234.8, -18.69
234.9, -18.59
235, -18.55
235.1, -18.56
235.2, -18.37
235.3, -18.29
235.4, -18.4
235.5, -18.38
235.6, -18.46
235.7, -18.51
235.8, -18.55
235.9, -18.59
236, -18.54
236.1, -18.24
236.2, -18.21
236.3, -18.15
236.4, -18.1
236.5, -18.02
236.6, -18.01
236.7, -17.97
236.8, -17.94
236.9, -17.8
237, -17.55
237.1, -17.37
237.2, -17.29
237.3, -17.28
237.4, -17.16
237.5, -16.98
237.6, -16.8
237.7, -16.57
237.8, -16.42
237.9, -16.28
238, -16.08
238.1, -15.87
238.2, -15.79
238.3, -15.73
238.4, -15.5
238.5, -15.39
238.6, -15.19
238.7, -14.96
238.8, -14.78
238.9, -14.5
239, -14.13
239.1, -13.82
239.2, -13.59
239.3, -13.33
239.4, -13.08
239.5, -12.67
239.6, -12.39
239.7, -12.33
239.8, -12.13
239.9, -11.97
240, -11.85
240.1, -11.74
240.2, -11.5
240.3, -11.27
240.4, -11.16
240.5, -11.19
240.6, -11.29
240.7, -11.47
240.8, -11.54
240.9, -11.26
241, -11.04
241.1, -11
241.2, -11
241.3, -11.02
241.4, -10.82
241.5, -10.58
241.6, -10.38
241.7, -10.39
241.8, -10.14
241.9, -9.69
242, -9.18
242.1, -8.65
242.2, -8.44
242.3, -8.37
242.4, -8.42
242.5, -8.28
242.6, -8.15
242.7, -7.9
242.8, -7.63
242.9, -7.42
243, -7.4
243.1, -7.46
243.2, -7.61
243.3, -7.39
243.4, -6.98
243.5, -6.68
243.6, -6.53
243.7, -6.52
243.8, -6.41
243.9, -6.44
244, -6.52
244.1, -6.52
244.2, -6.52
244.3, -6.41
244.4, -6.26
244.5, -5.98
244.6, -5.74
244.7, -5.78
244.8, -6.24
244.9, -6.39
245, -6.42
245.1, -6.39
245.2, -7.5
245.3, -7.58
245.4, -6.71
245.5, -7.09
245.6, -7.68
245.7, -7.96
245.8, -7.59
245.9, -6.62
246, -5.61
246.1, -5.21
246.2, -5
246.3, -4.8
246.4, -4.51
246.5, -4.5
246.6, -4.46
246.7, -4.57
246.8, -4.44
246.9, -4.41
247, -4.12
247.1, -3.62
247.2, -3.22
247.3, -2.93
247.4, -2.6
247.5, -2.27
247.6, -2.07
247.7, -1.82
247.8, -1.67
247.9, -1.49
248, -1.31
248.1, -1.1
248.2, -0.96
248.3, -0.97
248.4, -1.12
248.5, -1.14
248.6, -1.01
248.7, -0.94
248.8, -0.8
248.9, -0.72
249, -0.65
249.1, -0.67
249.2, -0.58
249.3, -0.67
249.4, -0.58
249.5, -0.64
249.6, -0.51
249.7, -0.7
249.8, -0.8
249.9, -0.86
250, -0.72
250.1, -0.51
250.2, -0.43
250.3, -0.33
250.4, -0.13
250.5, 0.23
250.6, 0.34
250.7, 0.32
250.8, 0.56
250.9, 0.69
251, 0.9
251.1, 1.08
251.2, 1.31
251.3, 1.47
251.4, 1.89
251.5, 2.22
251.6, 2.63
251.7, 2.91
251.8, 3.24
251.9, 3.32
252, 3.4
252.1, 3.48
252.2, 3.64
252.3, 3.8
252.4, 3.92
252.5, 4.13
252.6, 4.21
252.7, 4.35
252.8, 4.53
252.9, 4.5
253, 4.41
253.1, 4.16
253.2, 3.85
253.3, 3.54
253.4, 3.46
253.5, 3.25
253.6, 3.26
253.7, 3.26
253.8, 3.19
253.9, 2.89
254, 2.82
254.1, 2.82
254.2, 2.82
254.3, 2.89
254.4, 2.79
254.5, 2.76
254.6, 2.67
254.7, 2.82
254.8, 3.06
254.9, 3.38
255, 3.72
255.1, 4.02
255.2, 4.33
255.3, 4.49
255.4, 4.53
255.5, 4.66
255.6, 4.67
255.7, 4.74
255.8, 4.69
255.9, 4.69
256, 4.71
256.1, 4.63
256.2, 4.66
256.3, 4.91
256.4, 5.03
256.5, 4.93
256.6, 5.17
256.7, 5.35
256.8, 5.38
256.9, 5.41
257, 5.74
257.1, 5.81
257.2, 5.77
257.3, 5.85
257.4, 5.89
257.5, 6
257.6, 5.08
257.7, 4.96
257.8, 4.7
257.9, 5.27
258, 5.13
258.1, 4.94
258.2, 4.93
258.3, 4.9
258.4, 4.74
258.5, 4.85
258.6, 5.12
258.7, 5.53
258.8, 5.97
258.9, 6.24
259, 6.59
259.1, 6.95
259.2, 7.44
259.3, 7.77
259.4, 8.13
259.5, 8.21
259.6, 8.37
259.7, 8.43
259.8, 8.57
259.9, 8.73
260, 8.82
260.1, 8.6
260.2, 8.73
260.3, 8.86
260.4, 9.02
260.5, 9.09
260.6, 9.07
260.7, 8.98
260.8, 8.98
260.9, 9.07
261, 9.23
261.1, 9.18
261.2, 9.11
261.3, 9.12
261.4, 9.12
261.5, 9.03
261.6, 8.89
261.7, 8.69
261.8, 8.6
261.9, 8.65
262, 8.61
262.1, 8.41
262.2, 8.43
262.3, 8.16
262.4, 8.08
262.5, 7.99
262.6, 7.98
262.7, 7.89
262.8, 7.7
262.9, 7.64
263, 7.63
263.1, 7.65
263.2, 7.67
263.3, 7.75
263.4, 7.85
263.5, 8.04
263.6, 8.26
263.7, 8.49
263.8, 8.73
263.9, 9.02
264, 9.05
264.1, 8.9
264.2, 8.85
264.3, 8.95
264.4, 9.09
264.5, 9.22
264.6, 9.22
264.7, 9.11
264.8, 9.05
264.9, 9.02
265, 8.67
265.1, 8.71
265.2, 8.76
265.3, 8.75
265.4, 8.86
265.5, 8.92
265.6, 8.71
265.7, 8.42
265.8, 8.05
265.9, 7.81
266, 7.67
266.1, 7.59
266.2, 7.5
266.3, 7.28
266.4, 7.07
266.5, 6.83
266.6, 6.59
266.7, 6.37
266.8, 6.16
266.9, 6.03
267, 5.82
267.1, 5.75
267.2, 5.59
267.3, 5.46
267.4, 5.5
267.5, 5.62
267.6, 5.79
267.7, 6.01
267.8, 6.22
267.9, 6.49
268, 6.42
268.1, 6.29
268.2, 6.07
268.3, 6.08
268.4, 6.12
268.5, 6.03
268.6, 5.96
268.7, 5.97
268.8, 6.1
268.9, 6.22
269, 6.2
269.1, 6.32
269.2, 6.64
269.3, 6.79
269.4, 6.84
269.5, 6.79
269.6, 6.91
269.7, 6.9
269.8, 6.69
269.9, 6.48
270, 6.3
270.1, 5.49
270.2, 5.21
270.3, 4.96
270.4, 5.29
270.5, 4.73
270.6, 4.16
270.7, 4.03
270.8, 4.26
270.9, 4.63
271, 5.09
271.1, 5.48
271.2, 5.69
271.3, 5.79
271.4, 5.84
271.5, 5.95
271.6, 5.9
271.7, 5.89
271.8, 5.96
271.9, 6.05
272, 6.23
272.1, 6.36
272.2, 6.49
272.3, 6.53
272.4, 6.65
272.5, 6.77
272.6, 6.61
272.7, 6.42
272.8, 6.45
272.9, 6.47
273, 6.44
273.1, 6.48
273.2, 6.46
273.3, 6.42
273.4, 6.44
273.5, 6.27
273.6, 6.06
273.7, 6.05
273.8, 6.1
273.9, 6.08
274, 5.97
274.1, 5.91
274.2, 5.83
274.3, 5.82
274.4, 5.61
274.5, 5.18
274.6, 4.83
274.7, 4.58
274.8, 4.47
274.9, 4.29
275, 4.08
275.1, 3.97
275.2, 3.84
275.3, 3.74
275.4, 3.53
275.5, 3.39
275.6, 3.3
275.7, 3.23
275.8, 3.25
275.9, 3.2
276, 3.19
276.1, 3.28
276.2, 3.38
276.3, 3.61
276.4, 3.9
276.5, 4.08
276.6, 4.19
276.7, 4.26
276.8, 4.41
276.9, 4.44
277, 4.41
277.1, 4.4
277.2, 4.45
277.3, 4.44
277.4, 4.48
277.5, 4.55
277.6, 4.71
277.7, 4.91
277.8, 5.03
277.9, 5.01
278, 4.88
278.1, 4.71
278.2, 4.73
278.3, 4.88
278.4, 4.81
278.5, 4.84
278.6, 4.91
278.7, 4.83
278.8, 4.65
278.9, 4.67
279, 4.47
279.1, 4.21
279.2, 4.02
279.3, 3.96
279.4, 3.9
279.5, 3.83
279.6, 3.92
279.7, 3.86
279.8, 3.95
279.9, 3.97
280, 4.09
280.1, 4.26
280.2, 4.43
280.3, 4.55
280.4, 4.71
280.5, 4.81
280.6, 4.9
280.7, 5.07
280.8, 5.16
280.9, 5.21
281, 5.2
281.1, 5.33
281.2, 5.37
281.3, 5.39
281.4, 5.44
281.5, 5.48
281.6, 5.49
281.7, 5.59
281.8, 5.77
281.9, 5.9
282, 6.05
282.1, 6.14
282.2, 6.39
282.3, 6.59
282.4, 6.59
282.5, 6.47
282.6, 6.28
282.7, 5.93
282.8, 5.72
282.9, 6.06
283, 6.04
283.1, 5.86
283.2, 5.36
283.3, 4.88
283.4, 4.99
283.5, 5.71
283.6, 6.11
283.7, 6.21
283.8, 6.27
283.9, 6.41
284, 6.43
284.1, 6.37
284.2, 6.41
284.3, 6.48
284.4, 6.52
284.5, 6.6
284.6, 6.73
284.7, 6.72
284.8, 6.89
284.9, 7
285, 6.91
285.1, 6.82
285.2, 6.72
285.3, 6.94
285.4, 7.01
285.5, 7.05
285.6, 6.98
285.7, 7
285.8, 7.02
285.9, 7.08
286, 7.09
286.1, 6.93
286.2, 6.6
286.3, 6.36
286.4, 6.21
286.5, 6.04
286.6, 5.88
286.7, 5.88
286.8, 5.73
286.9, 5.54
287, 5.43
287.1, 5.35
287.2, 5.3
287.3, 5.46
287.4, 5.73
287.5, 5.97
287.6, 6.04
287.7, 6.07
287.8, 6.03
287.9, 6.02
288, 5.93
288.1, 5.96
288.2, 6
288.3, 6.04
288.4, 6.2
288.5, 6.29
288.6, 6.46
288.7, 6.57
288.8, 6.74
288.9, 6.84
289, 6.77
289.1, 6.55
289.2, 6.46
289.3, 6.36
289.4, 6.28
289.5, 6
289.6, 5.79
289.7, 5.49
289.8, 5.24
289.9, 4.99
290, 5.15
290.1, 5.54
290.2, 5.75
290.3, 5.63
290.4, 5.41
290.5, 5.22
290.6, 5.02
290.7, 4.9
290.8, 4.68
290.9, 4.44
291, 4.21
291.1, 3.94
291.2, 3.73
291.3, 3.55
291.4, 3.44
291.5, 3.33
291.6, 3.3
291.7, 3.15
291.8, 2.89
291.9, 2.74
292, 2.63
292.1, 2.58
292.2, 2.42
292.3, 2.38
292.4, 2.37
292.5, 2.31
292.6, 2.06
292.7, 1.83
292.8, 1.63
292.9, 1.36
293, 0.98
293.1, 0.8
293.2, 0.8
293.3, 0.76
293.4, 0.92
293.5, 0.34
293.6, -0.52
293.7, -1.31
293.8, -0.92
293.9, -1.28
294, -1.51
294.1, -1.7
294.2, -1.88
294.3, -2.15
294.4, -2.23
294.5, -1.99
294.6, -1.6
294.7, -1.33
294.8, -1.18
294.9, -1.12
295, -1.04
295.1, -0.93
295.2, -0.76
295.3, -0.53
295.4, -0.29
295.5, -0.16
295.6, -0.06
295.7, 0.08
295.8, 0.27
295.9, 0.36
296, 0.25
296.1, 0.18
296.2, 0.16
296.3, 0.02
296.4, -0.17
296.5, -0.33
296.6, -0.46
296.7, -0.46
296.8, -0.47
296.9, -0.53
297, -0.67
297.1, -0.69
297.2, -0.78
297.3, -0.76
297.4, -0.66
297.5, -0.43
297.6, -0.4
297.7, -0.49
297.8, -0.53
297.9, -0.47
298, -0.41
298.1, -0.4
298.2, -0.48
298.3, -0.45
298.4, -0.34
298.5, -0.34
298.6, -0.42
298.7, -0.99
298.8, -1.51
298.9, -1.71
299, -1.92
299.1, -2.19
299.2, -2.64
299.3, -3.05
299.4, -3.24
299.5, -3.33
299.6, -3.59
299.7, -3.76
299.8, -3.46
299.9, -2.88
300, -2.37
301, -2.37
301.1, -6.55
ENDTABLE
#RadioCtrl0 1    
#RadioCtrl1 1    



#EMBEDDED_NOTES
#Road roughness is elevation of the road that is added under the tires as the vehicle travels. It is not seen in the animator.
#
#Rough Road 03:
#
#New Concrete
#66 in/mi (1.04 m/km) IRI
#Test Road Speed Limit = 70 mph (112.65 kph)
#I-94 East, MP 146
#One year old, Slabs 12.5 meters long
#
#IRI = International Roughness Index
#
#END_EMBEDDED_NOTES

LOG_ENTRY Used Dataset: Surface: Roughness Profiles; { Road Roughness: Sample Data } Rough Road 03 - 66 in/mi (1.04 m/km)
#Library : Surface: Roughness Profiles
#DataSet : Rough Road 03 - 66 in/mi (1.04 m/km)
#Category: Road Roughness: Sample Data
#FileID  : Profile_cbdf3136-75d4-4f9d-bc52-3273e47d1aab
#Product : TruckSim 2020.1
#VehCode Roughness Profile

END
