PARSFILE
#FullDataName Surface: Roughness Profiles`Example Road Roughness`
#CheckBox0 0    

#RingCtrl0 LINEAR_LOOP
#DiagramOne0
ISIDE 1
Z_PROFILE_TABLE LINEAR_LOOP
0.3048, 0.406
0.4572, 0.1777932488
0.6096, 0.07527383606
0.762, 0.3543091085
0.9144, 0.5548917594
1.0668, 0.2760328901
1.2192, 0.04920215595
1.3716, 0.1694384089
1.524, 0.2638413752
1.6764, 0.2128593832
1.8288, 0.5081367103
1.9812, 0.7304598902
2.1336, 0.7343670472
2.286, 0.9388870937
2.4384, 1.226505963
2.5908, 1.616167638
2.7432, 1.622565394
2.8956, 1.622660925
3.048, 1.274036457
3.2004, 1.047215781
3.3528, 0.9901105665
3.5052, 0.7573987463
3.6576, 0.7724207273
3.81, 1.073428591
3.9624, 1.184961263
4.1148, 1.168616576
4.2672, 0.6909445938
4.4196, 0.2269598207
4.572, 0.7783336652
4.7244, 1.2112894
4.8768, 1.203259069
5.0292, 1.299808156
5.1816, 1.333754339
5.334, 1.661730022
5.4864, 1.962461733
5.6388, 1.837505987
5.7912, 1.78166573
5.9436, 1.71065893
6.096, 1.75927
6.2484, 1.937334976
6.4008, 2.046223645
6.5532, 1.917907756
6.7056, 1.645969557
6.858, 1.726746108
7.0104, 1.916448633
7.1628, 1.736204534
7.3152, 1.324034563
7.4676, 1.389517558
7.62, 1.726510286
7.7724, 1.597634024
7.9248, 1.867
8.0772, 1.85237681
8.2296, 1.378362951
8.382, 1.683189227
8.5344, 1.71617606
8.6868, 1.511630467
8.8392, 1.505139788
8.9916, 1.241593257
9.144, 1.283756282
9.2964, 1.62302305
9.4488, 1.512896788
9.6012, 1.234419158
9.7536, 1.482887176
9.906, 2.00909162
10.0584, 2.100822241
10.2108, 1.669565226
10.3632, 1.298274075
10.5156, 1.316914058
10.668, 1.899527178
10.8204, 2.109922945
10.9728, 1.863006661
11.1252, 1.429455307
11.2776, 1.330986345
11.43, 1.584439731
11.5824, 1.76249986
11.7348, 1.47181672
11.8872, 1.086197418
12.0396, 1.044361403
12.192, 0.8528349156
12.3444, 0.516151261
12.4968, 0.2354709497
12.6492, 0.4034833501
12.8016, 0.4388037629
12.954, 0.1234489217
13.1064, -0.3025635775
13.2588, -0.3714315235
13.4112, -0.1404149842
13.5636, 0.2567709559
13.716, 0.740740004
13.8684, 0.3609511459
14.0208, 0.03312550827
14.1732, 0.1442099265
14.3256, 0.2244681715
14.478, 0.7551980841
14.6304, 0.3120038467
14.7828, -0.5159717995
14.9352, -0.5135078811
15.0876, -0.1541435711
15.24, -0.1787518165
15.3924, -0.203269418
15.5448, -0.076
15.6972, -0.356
15.8496, -0.229
16.002, -0.178
16.1544, 0.152
16.3068, 0.203
16.4592, -0.229
16.6116, 0.279
16.764, 1.016
16.9164, 0.584
17.0688, -0.127
17.2212, 0.076
17.3736, 0.838
17.526, 1.372
17.6784, 0.991
17.8308, 0.406
17.9832, 0.254
18.1356, 0.559
18.288, 0.229
18.4404, 0.102
18.5928, 0.076
18.7452, -0.406
18.8976, 0.152
19.05, 0.051
19.2024, -0.686
19.3548, -0.838
19.5072, -0.991
19.6596, -1.346
19.812, -1.372
19.9644, -1.803
20.1168, -2.591
20.2692, -2.616
20.4216, -2.261
20.574, -1.981
20.7264, -2.083
20.8788, -2.083
21.0312, -2.235
21.1836, -2.286
21.336, -2.489
21.4884, -2.642
21.6408, -2.464
21.7932, -2.413
21.9456, -2.337
22.098, -2.134
22.2504, -1.93
22.4028, -2.337
22.5552, -2.464
22.7076, -2.362
22.86, -2.591
23.0124, -2.692
23.1648, -2.413
23.3172, -2.235
23.4696, -2.159
23.622, -2.438
23.7744, -2.718
23.9268, -2.794
24.0792, -3.048
24.2316, -2.743
24.384, -2.388
24.5364, -2.21
24.6888, -2.311
24.8412, -2.311
24.9936, -1.905
25.146, -1.854
25.2984, -2.362
25.4508, -2.184
25.6032, -2.083
25.7556, -2.438
25.908, -2.184
26.0604, -1.93
26.2128, -1.829
26.3652, -2.057
26.5176, -2.413
26.67, -2.057
26.8224, -2.057
26.9748, -2.438
27.1272, -1.854
27.2796, -1.346
27.432, -1.778
27.5844, -2.261
27.7368, -1.981
27.8892, -1.524
28.0416, -1.499
28.194, -1.727
28.3464, -1.981
28.4988, -1.956
28.6512, -1.956
28.8036, -1.676
28.956, -1.168
29.1084, -1.448
29.2608, -1.88
29.4132, -1.753
29.5656, -1.981
29.718, -2.21
29.8704, -2.159
30.0228, -2.337
30.1752, -2.286
30.3276, -2.083
30.48, -2.54
30.6324, -2.87
30.7848, -2.464
30.9372, -2.286
31.0896, -2.083
31.242, -1.905
31.3944, -2.413
31.5468, -2.819
31.6992, -2.489
31.8516, -2.311
32.004, -2.718
32.1564, -2.997
32.3088, -2.997
32.4612, -2.489
32.6136, -2.235
32.766, -2.743
32.9184, -2.997
33.0708, -2.769
33.2232, -2.083
33.3756, -2.413
33.528, -2.388
33.6804, -1.956
33.8328, -2.286
33.9852, -2.057
34.1376, -1.88
34.29, -1.499
34.4424, -1.372
34.5948, -1.448
34.7472, -0.991
34.8996, -0.762
35.052, -0.737
35.2044, -0.559
35.3568, -0.813
35.5092, -0.737
35.6616, -0.152
35.814, 0.025
35.9664, 0
36.1188, -0.178
36.2712, 0.025
36.4236, 0.483
36.576, 0.533
36.7284, 0.711
36.8808, 1.092
37.0332, 1.016
37.1856, 0.914
37.338, 0.889
37.4904, 1.321
37.6428, 1.829
37.7952, 1.854
37.9476, 1.981
38.1, 2.362
38.2524, 2.769
38.4048, 2.438
38.5572, 2.083
38.7096, 2.134
38.862, 2.108
39.0144, 2.515
39.1668, 2.337
39.3192, 2.159
39.4716, 2.235
39.624, 1.6
39.7764, 1.067
39.9288, 1.143
40.0812, 0.991
40.2336, 0.432
40.386, 0.076
40.5384, 0
40.6908, -0.051
40.8432, -0.381
40.9956, -0.635
41.148, -0.838
41.3004, -1.346
41.4528, -1.422
41.6052, -1.651
41.7576, -2.235
41.91, -2.362
42.0624, -2.87
42.2148, -3.073
42.3672, -3.2
42.5196, -3.607
42.672, -3.353
42.8244, -3.073
42.9768, -3.048
43.1292, -3.226
43.2816, -3.531
43.434, -3.124
43.5864, -2.591
43.7388, -2.489
43.8912, -2.261
44.0436, -2.261
44.196, -2.388
44.3484, -2.464
44.5008, -2.184
44.6532, -1.778
44.8056, -1.956
44.958, -1.956
45.1104, -1.626
45.2628, -1.6
45.4152, -1.753
45.5676, -1.626
45.72, -1.321
45.8724, -1.321
46.0248, -1.245
46.1772, -0.864
46.3296, -0.838
46.482, -1.041
46.6344, -0.914
46.7868, -0.838
46.9392, -0.66
47.0916, -0.787
47.244, -1.143
47.3964, -0.762
47.5488, -0.635
47.7012, -0.483
47.8536, -0.152
48.006, 0.025
48.1584, -0.102
48.3108, -0.203
48.4632, 0.127
48.6156, 0.584
48.768, 0.584
48.9204, 0.508
49.0728, 1.219
49.2252, 1.956
49.3776, 2.489
49.53, 2.489
49.6824, 2.261
49.8348, 2.642
49.9872, 2.692
50.1396, 2.489
50.292, 2.489
50.4444, 2.083
50.5968, 2.362
50.7492, 2.921
50.9016, 2.718
51.054, 2.108
51.2064, 2.007
51.3588, 1.803
51.5112, 0.991
51.6636, 0.584
51.816, 0.279
51.9684, -0.076
52.1208, 0.025
52.2732, 0.406
52.4256, -0.025
52.578, -0.838
52.7304, -1.346
52.8828, -1.372
53.0352, -1.016
53.1876, -0.508
53.34, -0.533
53.4924, -0.762
53.6448, -0.254
53.7972, -0.432
53.9496, -0.762
54.102, -0.686
54.2544, -0.813
54.4068, -0.66
54.5592, -0.483
54.7116, -0.686
54.864, -1.016
55.0164, -0.584
55.1688, 0.279
55.3212, 0.127
55.4736, 0.279
55.626, 0.305
55.7784, 0.025
55.9308, 0.991
56.0832, 0.991
56.2356, 0.559
56.388, 1.067
56.5404, 1.194
56.6928, 0.914
56.8452, 0.864
56.9976, 1.168
57.15, 1.092
57.3024, 1.041
57.4548, 1.321
57.6072, 1.473
57.7596, 1.6
57.912, 1.829
58.0644, 2.083
58.2168, 2.54
58.3692, 2.515
58.5216, 2.362
58.674, 2.794
58.8264, 3.073
58.9788, 3.226
59.1312, 3.175
59.2836, 3.15
59.436, 2.972
59.5884, 2.946
59.7408, 3.2
59.8932, 2.819
60.0456, 2.438
60.198, 2.54
60.3504, 2.667
60.5028, 2.286
60.6552, 1.854
60.8076, 1.981
60.96, 1.93
61.1124, 1.753
61.2648, 2.159
61.4172, 2.489
61.5696, 2.565
61.722, 2.057
61.8744, 1.575
62.0268, 2.057
62.1792, 2.438
62.3316, 2.54
62.484, 2.413
62.6364, 2.007
62.7888, 2.21
62.9412, 2.388
63.0936, 2.134
63.246, 2.007
63.3984, 1.956
63.5508, 1.753
63.7032, 1.702
63.8556, 1.829
64.008, 1.753
64.1604, 1.473
64.3128, 1.549
64.4652, 1.397
64.6176, 1.397
64.77, 1.397
64.9224, 1.041
65.0748, 1.321
65.2272, 1.854
65.3796, 1.6
65.532, 1.168
65.6844, 1.27
65.8368, 1.143
65.9892, 1.016
66.1416, 1.118
66.294, 1.422
66.4464, 1.6
66.5988, 1.473
66.7512, 1.194
66.9036, 1.041
67.056, 1.143
67.2084, 1.143
67.3608, 1.524
67.5132, 2.032
67.6656, 1.88
67.818, 1.397
67.9704, 1.956
68.1228, 2.388
68.2752, 2.413
68.4276, 2.565
68.58, 2.565
68.7324, 2.997
68.8848, 2.591
69.0372, 2.692
69.1896, 3.124
69.342, 2.896
69.4944, 3.353
69.6468, 3.759
69.7992, 3.353
69.9516, 3.327
70.104, 3.886
70.2564, 3.962
70.4088, 3.785
70.5612, 3.912
70.7136, 3.607
70.866, 3.581
71.0184, 4.166
71.1708, 4.318
71.3232, 4.166
71.4756, 4.064
71.628, 3.962
71.7804, 3.886
71.9328, 4.166
72.0852, 4.343
72.2376, 4.242
72.39, 4.521
72.5424, 4.775
72.6948, 4.547
72.8472, 4.445
72.9996, 4.623
73.152, 4.724
73.3044, 4.496
73.4568, 3.759
73.6092, 3.023
73.7616, 2.438
73.914, 2.007
74.0664, 2.616
74.2188, 2.692
74.3712, 2.286
74.5236, 2.591
74.676, 2.642
74.8284, 2.794
74.9808, 2.718
75.1332, 2.438
75.2856, 2.286
75.438, 2.108
75.5904, 2.286
75.7428, 2.464
75.8952, 2.311
76.0476, 2.134
76.2, 2.032
76.3524, 2.438
76.5048, 2.616
76.6572, 2.057
76.8096, 1.6
76.962, 1.168
77.1144, 1.473
77.2668, 1.422
77.4192, 0.635
77.5716, 0.711
77.724, 0.889
77.8764, 1.346
78.0288, 1.067
78.1812, 0.229
78.3336, 0.432
78.486, 0.889
78.6384, 1.448
78.7908, 1.168
78.9432, 0.178
79.0956, -0.305
79.248, -0.737
79.4004, -0.432
79.5528, -0.127
79.7052, -0.584
79.8576, -0.94
80.01, -0.864
80.1624, -0.711
80.3148, -1.016
80.4672, -1.143
80.6196, -0.914
80.772, -0.61
80.9244, -0.406
81.0768, -0.635
81.2292, -0.965
81.3816, -1.295
81.534, -1.245
81.6864, -0.838
81.8388, -1.321
81.9912, -1.422
82.1436, -0.838
82.296, -0.406
82.4484, -0.483
82.6008, -0.813
82.7532, -0.991
82.9056, -0.914
83.058, -0.305
83.2104, -0.051
83.3628, -0.61
83.5152, -0.914
83.6676, -0.864
83.82, -0.305
83.9724, 0.279
84.1248, -0.102
84.2772, -0.356
84.4296, -0.533
84.582, -0.483
84.7344, 0.203
84.8868, 0.076
85.0392, -0.457
85.1916, -0.178
85.344, 0.508
85.4964, 0.889
85.6488, 0.66
85.8012, 0.635
85.9536, 0.787
86.106, 0.813
86.2584, 1.118
86.4108, 0.889
86.5632, 0.051
86.7156, -0.356
86.868, -0.279
87.0204, 0.025
87.1728, 0.406
87.3252, 0.508
87.4776, 0.33
87.63, 0.051
87.7824, 0.076
87.9348, 0.508
88.0872, 0.483
88.2396, 0.152
88.392, 0.33
88.5444, 0.838
88.6968, 0.991
88.8492, 0.737
89.0016, 0.635
89.154, 0.584
89.3064, 0.635
89.4588, 1.118
89.6112, 1.702
89.7636, 1.473
89.916, 1.27
90.0684, 1.473
90.2208, 1.448
90.3732, 1.702
90.5256, 1.829
90.678, 2.134
90.8304, 2.489
90.9828, 1.854
91.1352, 1.499
91.2876, 2.007
91.44, 2.489
91.5924, 2.616
91.7448, 2.337
91.8972, 2.057
92.0496, 2.159
92.202, 2.235
92.3544, 2.159
92.5068, 2.007
92.6592, 1.168
92.8116, 0.152
92.964, -0.508
93.1164, -0.864
93.2688, -1.067
93.4212, -1.422
93.5736, -1.753
93.726, -1.346
93.8784, -0.889
94.0308, -0.94
94.1832, -1.295
94.3356, -1.372
94.488, -0.965
94.6404, -1.092
94.7928, -1.524
94.9452, -1.473
95.0976, -1.143
95.25, -1.27
95.4024, -1.727
95.5548, -1.803
95.7072, -1.854
95.8596, -2.108
96.012, -1.803
96.1644, -1.245
96.3168, -1.372
96.4692, -1.422
96.6216, -1.092
96.774, -0.889
96.9264, -0.711
97.0788, -0.66
97.2312, -0.889
97.3836, -0.711
97.536, -0.711
97.6884, -1.219
97.8408, -1.092
97.9932, -0.762
98.1456, -0.61
98.298, -0.203
98.4504, 0
98.6028, 0.152
98.7552, 0
98.9076, -0.152
99.06, 0.127
99.2124, 0.406
99.3648, 0.559
99.5172, 0.66
99.6696, 0.838
99.822, 0.711
99.9744, 0.762
100.1268, 0.889
100.2792, 0.381
100.4316, 0.279
100.584, 0.483
100.7364, 0.178
100.8888, 0
101.0412, -0.076
101.1936, -0.533
101.346, -1.067
101.4984, -1.168
101.6508, -0.965
101.8032, -1.245
101.9556, -1.549
102.108, -1.321
102.2604, -1.422
102.4128, -1.245
102.5652, -0.914
102.7176, -0.991
102.87, -1.041
103.0224, -0.94
103.1748, -0.864
103.3272, -0.94
103.4796, -0.813
103.632, -0.762
103.7844, -0.483
103.9368, -0.178
104.0892, -0.406
104.2416, -0.508
104.394, -0.076
104.5464, -0.025
104.6988, -0.076
104.8512, 0.305
105.0036, 0.711
105.156, 1.473
105.3084, 1.422
105.4608, 1.168
105.6132, 1.422
105.7656, 2.007
105.918, 1.956
106.0704, 1.194
106.2228, 1.219
106.3752, 1.651
106.5276, 1.803
106.68, 1.27
106.8324, 1.041
106.9848, 1.194
107.1372, 0.914
107.2896, 1.753
107.442, 2.083
107.5944, 1.372
107.7468, 1.27
107.8992, 1.194
108.0516, 1.346
108.204, 1.499
108.3564, 1.524
108.5088, 1.549
108.6612, 1.473
108.8136, 1.727
108.966, 1.829
109.1184, 1.422
109.2708, 1.041
109.4232, 1.118
109.5756, 1.245
109.728, 1.27
109.8804, 1.6
110.0328, 1.524
110.1852, 0.787
110.3376, 1.041
110.49, 1.753
110.6424, 1.702
110.7948, 0.94
110.9472, 0.406
111.0996, 0.533
111.252, 0.533
111.4044, 0.305
111.5568, 0.203
111.7092, 0.178
111.8616, 0.102
112.014, 0.178
112.1664, 0.229
112.3188, -0.076
112.4712, -0.127
112.6236, 0.152
112.776, -0.102
112.9284, -0.381
113.0808, -0.432
113.2332, -0.432
113.3856, -0.508
113.538, -1.168
113.6904, -1.676
113.8428, -0.991
113.9952, -0.305
114.1476, -0.864
114.3, -1.905
114.4524, -2.438
114.6048, -2.769
114.7572, -2.692
114.9096, -2.413
115.062, -2.642
115.2144, -3.073
115.3668, -3.327
115.5192, -2.819
115.6716, -2.718
115.824, -3.353
115.9764, -3.556
116.1288, -3.327
116.2812, -2.921
116.4336, -3.378
116.586, -3.683
116.7384, -3.708
116.8908, -4.039
117.0432, -4.343
117.1956, -4.699
117.348, -4.597
117.5004, -4.801
117.6528, -5.207
117.8052, -5.283
117.9576, -5.461
118.11, -5.639
118.2624, -5.613
118.4148, -5.69
118.5672, -5.867
118.7196, -5.715
118.872, -5.613
119.0244, -5.283
119.1768, -5.385
119.3292, -5.41
119.4816, -5.08
119.634, -5.258
119.7864, -5.512
119.9388, -5.283
120.0912, -5.055
120.2436, -5.258
120.396, -5.156
120.5484, -5.207
120.7008, -5.385
120.8532, -5.385
121.0056, -5.537
121.158, -5.385
121.3104, -5.41
121.4628, -5.639
121.6152, -5.258
121.7676, -5.283
121.92, -5.563
122.0724, -5.613
122.2248, -5.613
122.3772, -4.674
122.5296, -5.182
122.682, -6.223
122.8344, -5.766
122.9868, -5.74
123.1392, -5.334
123.2916, -5.334
123.444, -5.867
123.5964, -5.994
123.7488, -5.867
123.9012, -5.131
124.0536, -4.597
124.206, -4.699
124.3584, -5.055
124.5108, -5.385
124.6632, -5.359
124.8156, -5.055
124.968, -4.826
125.1204, -4.724
125.2728, -4.394
125.4252, -4.191
125.5776, -4.394
125.73, -4.42
125.8824, -4.013
126.0348, -3.912
126.1872, -4.013
126.3396, -3.988
126.492, -3.962
126.6444, -4.039
126.7968, -3.861
126.9492, -3.277
127.1016, -3.15
127.254, -3.404
127.4064, -3.632
127.5588, -3.835
127.7112, -3.886
127.8636, -3.81
128.016, -3.785
128.1684, -4.013
128.3208, -3.759
128.4732, -2.616
128.6256, -2.946
128.778, -3.785
128.9304, -3.404
129.0828, -3.048
129.2352, -2.692
129.3876, -2.642
129.54, -2.921
129.6924, -3.226
129.8448, -3.404
129.9972, -2.87
130.1496, -2.743
130.302, -3.124
130.4544, -3.048
130.6068, -3.023
130.7592, -2.642
130.9116, -2.692
131.064, -3.048
131.2164, -3.15
131.3688, -3.581
131.5212, -4.166
131.6736, -4.597
131.826, -4.47
131.9784, -4.115
132.1308, -3.988
132.2832, -3.607
132.4356, -3.15
132.588, -3.327
132.7404, -3.302
132.8928, -2.565
133.0452, -1.778
133.1976, -2.007
133.35, -2.464
133.5024, -2.311
133.6548, -1.829
133.8072, -1.676
133.9596, -1.372
134.112, -0.914
134.2644, -0.813
134.4168, -0.559
134.5692, -0.254
134.7216, -0.66
134.874, -1.067
135.0264, -0.457
135.1788, 0.178
135.3312, -0.025
135.4836, -0.305
135.636, -0.61
135.7884, -0.991
135.9408, -0.66
136.0932, -0.025
136.2456, -0.051
136.398, 0.025
136.5504, 0.051
136.7028, -0.076
136.8552, 0.229
137.0076, 0.406
ENDTABLE
#DiagramOne1
ISIDE 2
Z_PROFILE_TABLE LINEAR_LOOP
0.3048, -1.829
0.4572, -1.523887249
0.6096, -1.54867441
0.762, -1.852084988
0.9144, -2.101991402
1.0668, -2.075182096
1.2192, -1.953520215
1.3716, -1.350900939
1.524, -0.690382649
1.6764, -0.5446140969
1.8288, -0.2856909057
1.9812, -0.6855395078
2.1336, -1.40858688
2.286, -0.8776833931
2.4384, -0.3083913395
2.5908, 0.0452143991
2.7432, 0.443507883
2.8956, 0.6803567807
3.048, 0.4265230646
3.2004, -0.01625251362
3.3528, 0.1723359914
3.5052, 0.626447806
3.6576, 0.9022824482
3.81, 0.946121288
3.9624, 1.14198128
4.1148, 0.7270242597
4.2672, 0.3328934337
4.4196, 0.3888962492
4.572, 0.2652221116
4.7244, 0.403905511
4.8768, 0.2148385434
5.0292, 0.5423973527
5.1816, 1.414763619
5.334, 1.397130858
5.4864, 1.10847301
5.6388, 1.179352471
5.7912, 1.756877016
5.9436, 2.039691746
6.096, 1.908488375
6.2484, 1.733921525
6.4008, 1.592946924
6.5532, 2.068727525
6.7056, 2.419471251
6.858, 2.162802396
7.0104, 2.120379416
7.1628, 2.043167943
7.3152, 1.562221323
7.4676, 1.344903512
7.62, 1.574461594
7.7724, 2.14374139
7.9248, 2.54
8.0772, 2.481785694
8.2296, 1.874179228
8.382, 1.443668855
8.5344, 1.633237337
8.6868, 1.819677392
8.8392, 1.93280386
8.9916, 1.954647904
9.144, 2.009291808
9.2964, 2.104203324
9.4488, 1.8271398
9.6012, 1.549872041
9.7536, 1.91261646
9.906, 2.317588206
10.0584, 2.668621579
10.2108, 3.338469811
10.3632, 3.663101241
10.5156, 3.255177912
10.668, 2.823038605
10.8204, 2.676204608
10.9728, 2.7419537
11.1252, 2.925262294
11.2776, 3.007487643
11.43, 3.131489909
11.5824, 3.167543908
11.7348, 3.243482936
11.8872, 3.081020018
12.0396, 2.511205359
12.192, 2.484848318
12.3444, 2.450997279
12.4968, 2.210848187
12.6492, 2.478948212
12.8016, 3.138743039
12.954, 3.295179553
13.1064, 2.88089987
13.2588, 2.276167638
13.4112, 1.918501859
13.5636, 2.220247417
13.716, 2.269989468
13.8684, 2.108689534
14.0208, 1.941233419
14.1732, 2.011332863
14.3256, 2.092040246
14.478, 1.818596041
14.6304, 1.444174046
14.7828, 1.240463154
14.9352, 1.088794626
15.0876, 0.8374363695
15.24, 0.6101746345
15.3924, 0.8381191657
15.5448, 1.295
15.6972, 1.626
15.8496, 1.219
16.002, 1.27
16.1544, 1.727
16.3068, 1.422
16.4592, 1.245
16.6116, 1.702
16.764, 2.311
16.9164, 1.93
17.0688, 0.965
17.2212, 0.356
17.3736, 0.178
17.526, 0.737
17.6784, 1.118
17.8308, 0.737
17.9832, 0.457
18.1356, 0.127
18.288, -0.178
18.4404, 0.229
18.5928, 0.965
18.7452, 1.219
18.8976, 0.787
19.05, 0.229
19.2024, -0.051
19.3548, -0.457
19.5072, -0.635
19.6596, -1.016
19.812, -1.676
19.9644, -1.626
20.1168, -1.346
20.2692, -1.422
20.4216, -2.083
20.574, -2.692
20.7264, -3.175
20.8788, -3.505
21.0312, -3.15
21.1836, -2.667
21.336, -2.591
21.4884, -2.667
21.6408, -2.616
21.7932, -2.667
21.9456, -2.769
22.098, -2.388
22.2504, -1.88
22.4028, -2.083
22.5552, -2.819
22.7076, -3.454
22.86, -3.505
23.0124, -3.099
23.1648, -2.54
23.3172, -2.007
23.4696, -2.464
23.622, -3.48
23.7744, -3.785
23.9268, -2.921
24.0792, -2.032
24.2316, -2.007
24.384, -1.956
24.5364, -2.261
24.6888, -2.667
24.8412, -2.464
24.9936, -2.235
25.146, -2.083
25.2984, -1.854
25.4508, -1.702
25.6032, -1.702
25.7556, -1.702
25.908, -2.134
26.0604, -2.235
26.2128, -1.829
26.3652, -1.651
26.5176, -1.524
26.67, -1.372
26.8224, -1.397
26.9748, -1.651
27.1272, -1.702
27.2796, -1.397
27.432, -1.219
27.5844, -1.702
27.7368, -1.092
27.8892, -0.584
28.0416, -1.499
28.194, -1.88
28.3464, -1.854
28.4988, -1.727
28.6512, -1.575
28.8036, -1.651
28.956, -2.007
29.1084, -2.311
29.2608, -2.057
29.4132, -1.702
29.5656, -1.676
29.718, -1.651
29.8704, -1.524
30.0228, -1.575
30.1752, -1.88
30.3276, -2.108
30.48, -2.311
30.6324, -2.438
30.7848, -2.591
30.9372, -2.819
31.0896, -2.718
31.242, -2.667
31.3944, -2.769
31.5468, -2.616
31.6992, -2.464
31.8516, -2.337
32.004, -2.515
32.1564, -3.226
32.3088, -4.013
32.4612, -4.293
32.6136, -3.658
32.766, -2.896
32.9184, -2.819
33.0708, -2.667
33.2232, -2.743
33.3756, -2.743
33.528, -2.54
33.6804, -2.642
33.8328, -2.362
33.9852, -2.235
34.1376, -2.489
34.29, -2.489
34.4424, -2.286
34.5948, -2.032
34.7472, -1.321
34.8996, -1.041
35.052, -1.905
35.2044, -1.676
35.3568, -0.737
35.5092, -0.737
35.6616, -0.762
35.814, -0.406
35.9664, -0.102
36.1188, -0.457
36.2712, -1.067
36.4236, -1.168
36.576, -0.965
36.7284, -0.559
36.8808, -0.508
37.0332, -0.737
37.1856, -0.635
37.338, -0.279
37.4904, -0.254
37.6428, -0.305
37.7952, 0.381
37.9476, 0.559
38.1, -0.025
38.2524, 0.305
38.4048, 1.245
38.5572, 1.245
38.7096, 0.762
38.862, 0.61
39.0144, 0.483
39.1668, 0.457
39.3192, 0.61
39.4716, 1.016
39.624, 0.61
39.7764, 0.127
39.9288, 0.229
40.0812, -0.051
40.2336, -0.61
40.386, -0.965
40.5384, -0.737
40.6908, -0.762
40.8432, -0.711
40.9956, -0.61
41.148, -0.965
41.3004, -1.88
41.4528, -2.184
41.6052, -1.549
41.7576, -1.067
41.91, -1.905
42.0624, -2.997
42.2148, -3.099
42.3672, -3.404
42.5196, -3.099
42.672, -2.819
42.8244, -3.048
42.9768, -3.2
43.1292, -2.87
43.2816, -2.362
43.434, -2.286
43.5864, -1.524
43.7388, -0.889
43.8912, -1.499
44.0436, -2.362
44.196, -2.388
44.3484, -1.854
44.5008, -1.727
44.6532, -1.549
44.8056, -1.397
44.958, -1.626
45.1104, -1.727
45.2628, -1.397
45.4152, -0.965
45.5676, -0.584
45.72, -0.508
45.8724, -0.686
46.0248, -0.635
46.1772, -0.432
46.3296, -0.203
46.482, -0.102
46.6344, 0.076
46.7868, 0.127
46.9392, -0.025
47.0916, -0.229
47.244, -0.381
47.3964, 0.229
47.5488, 0.94
47.7012, 0.864
47.8536, 0.838
48.006, 0.965
48.1584, 0.635
48.3108, 0.508
48.4632, 1.245
48.6156, 1.981
48.768, 2.032
48.9204, 1.905
49.0728, 2.057
49.2252, 1.93
49.3776, 1.041
49.53, 0.61
49.6824, 1.041
49.8348, 1.448
49.9872, 1.626
50.1396, 1.778
50.292, 1.803
50.4444, 1.829
50.5968, 1.981
50.7492, 2.032
50.9016, 2.083
51.054, 2.21
51.2064, 2.337
51.3588, 2.438
51.5112, 1.93
51.6636, 0.762
51.816, -0.432
51.9684, -1.041
52.1208, -0.991
52.2732, -0.432
52.4256, -0.127
52.578, -0.686
52.7304, -1.6
52.8828, -1.803
53.0352, -1.727
53.1876, -2.159
53.34, -2.413
53.4924, -2.388
53.6448, -1.549
53.7972, -0.483
53.9496, 0.152
54.102, 0.508
54.2544, 0.305
54.4068, 0.025
54.5592, -0.279
54.7116, -0.533
54.864, -0.305
55.0164, 0.381
55.1688, 0.559
55.3212, 0.457
55.4736, 0.762
55.626, 1.143
55.7784, 0.889
55.9308, 0.838
56.0832, 1.118
56.2356, 0.965
56.388, 1.346
56.5404, 1.6
56.6928, 1.422
56.8452, 1.422
56.9976, 1.6
57.15, 1.956
57.3024, 2.108
57.4548, 2.083
57.6072, 2.261
57.7596, 2.515
57.912, 2.692
58.0644, 2.743
58.2168, 2.692
58.3692, 3.251
58.5216, 3.2
58.674, 2.388
58.8264, 2.921
58.9788, 3.683
59.1312, 3.912
59.2836, 4.166
59.436, 4.369
59.5884, 3.683
59.7408, 2.946
59.8932, 2.667
60.0456, 2.286
60.198, 2.21
60.3504, 2.235
60.5028, 2.083
60.6552, 2.515
60.8076, 3.251
60.96, 2.896
61.1124, 2.565
61.2648, 2.184
61.4172, 1.956
61.5696, 2.464
61.722, 3.099
61.8744, 3.48
62.0268, 3.15
62.1792, 2.769
62.3316, 2.261
62.484, 2.21
62.6364, 3.658
62.7888, 4.14
62.9412, 3.099
63.0936, 2.921
63.246, 2.87
63.3984, 2.184
63.5508, 2.032
63.7032, 2.184
63.8556, 2.184
64.008, 2.311
64.1604, 1.829
64.3128, 1.702
64.4652, 1.956
64.6176, 1.473
64.77, 1.041
64.9224, 0.94
65.0748, 1.118
65.2272, 1.219
65.3796, 1.473
65.532, 1.753
65.6844, 1.727
65.8368, 1.651
65.9892, 1.422
66.1416, 1.27
66.294, 1.829
66.4464, 2.286
66.5988, 1.803
66.7512, 1.397
66.9036, 1.448
67.056, 2.438
67.2084, 3.404
67.3608, 3.429
67.5132, 3.378
67.6656, 3.556
67.818, 3.531
67.9704, 3.353
68.1228, 3.404
68.2752, 3.277
68.4276, 3.429
68.58, 3.861
68.7324, 3.912
68.8848, 3.785
69.0372, 3.581
69.1896, 3.835
69.342, 4.521
69.4944, 4.953
69.6468, 4.877
69.7992, 4.013
69.9516, 3.454
70.104, 3.632
70.2564, 3.886
70.4088, 4.445
70.5612, 5.105
70.7136, 4.877
70.866, 4.521
71.0184, 4.699
71.1708, 4.293
71.3232, 3.81
71.4756, 3.886
71.628, 4.039
71.7804, 3.835
71.9328, 3.581
72.0852, 3.734
72.2376, 4.369
72.39, 4.877
72.5424, 5.004
72.6948, 4.902
72.8472, 4.572
72.9996, 4.699
73.152, 4.674
73.3044, 4.369
73.4568, 4.75
73.6092, 5.055
73.7616, 4.623
73.914, 4.318
74.0664, 4.318
74.2188, 4.597
74.3712, 4.648
74.5236, 4.445
74.676, 4.547
74.8284, 4.47
74.9808, 3.937
75.1332, 3.429
75.2856, 3.327
75.438, 3.251
75.5904, 3.531
75.7428, 3.556
75.8952, 3.505
76.0476, 3.886
76.2, 3.734
76.3524, 3.15
76.5048, 3.404
76.6572, 3.454
76.8096, 3.251
76.962, 3.581
77.1144, 2.896
77.2668, 2.21
77.4192, 2.438
77.5716, 2.946
77.724, 2.667
77.8764, 2.134
78.0288, 1.905
78.1812, 1.676
78.3336, 1.575
78.486, 1.448
78.6384, 1.626
78.7908, 1.981
78.9432, 1.626
79.0956, 0.457
79.248, 0.33
79.4004, 0.914
79.5528, 0.66
79.7052, 0.076
79.8576, -0.305
80.01, -0.254
80.1624, 0.102
80.3148, 0.076
80.4672, -0.178
80.6196, 0.025
80.772, 0.025
80.9244, 0.152
81.0768, 0.559
81.2292, 0.584
81.3816, 0.279
81.534, -0.152
81.6864, -0.33
81.8388, -0.254
81.9912, -0.229
82.1436, -0.432
82.296, -0.864
82.4484, -1.092
82.6008, -1.041
82.7532, -1.067
82.9056, -1.524
83.058, -1.397
83.2104, -1.041
83.3628, -1.219
83.5152, -1.041
83.6676, -0.838
83.82, -1.067
83.9724, -1.397
84.1248, -0.965
84.2772, -1.067
84.4296, -1.753
84.582, -1.6
84.7344, -0.991
84.8868, -0.686
85.0392, -0.686
85.1916, -0.533
85.344, -0.076
85.4964, 0.229
85.6488, 0.457
85.8012, 0.864
85.9536, 0.838
86.106, 0.406
86.2584, -0.178
86.4108, -0.279
86.5632, -0.457
86.7156, -0.737
86.868, -0.66
87.0204, -0.203
87.1728, -0.076
87.3252, -0.356
87.4776, 0.127
87.63, 0.025
87.7824, -0.584
87.9348, -0.686
88.0872, -0.94
88.2396, -1.092
88.392, -0.991
88.5444, -0.508
88.6968, -0.076
88.8492, -0.381
89.0016, -0.66
89.154, -0.533
89.3064, -0.305
89.4588, -0.152
89.6112, 0.127
89.7636, 0.381
89.916, 0.356
90.0684, 0.356
90.2208, 1.168
90.3732, 1.803
90.5256, 1.753
90.678, 1.803
90.8304, 1.702
90.9828, 1.727
91.1352, 2.286
91.2876, 2.845
91.44, 3.023
91.5924, 2.972
91.7448, 2.667
91.8972, 2.54
92.0496, 2.743
92.202, 2.616
92.3544, 2.362
92.5068, 2.032
92.6592, 0.965
92.8116, 0.381
92.964, 0.584
93.1164, 0.66
93.2688, 0.076
93.4212, -0.965
93.5736, -1.575
93.726, -1.727
93.8784, -1.676
94.0308, -1.829
94.1832, -1.829
94.3356, -1.727
94.488, -1.829
94.6404, -1.575
94.7928, -1.651
94.9452, -1.168
95.0976, -0.254
95.25, -0.965
95.4024, -1.981
95.5548, -2.261
95.7072, -2.362
95.8596, -1.981
96.012, -1.778
96.1644, -2.464
96.3168, -3.099
96.4692, -3.175
96.6216, -2.692
96.774, -2.565
96.9264, -2.489
97.0788, -2.235
97.2312, -1.651
97.3836, -0.864
97.536, -1.092
97.6884, -1.549
97.8408, -1.245
97.9932, -0.965
98.1456, -1.041
98.298, -0.965
98.4504, -0.762
98.6028, -0.635
98.7552, -0.686
98.9076, -0.737
99.06, -0.737
99.2124, -0.61
99.3648, -0.787
99.5172, -0.864
99.6696, -0.991
99.822, -0.864
99.9744, -0.533
100.1268, -1.346
100.2792, -1.448
100.4316, -0.406
100.584, -0.127
100.7364, -0.457
100.8888, -0.711
101.0412, -0.965
101.1936, -1.219
101.346, -1.219
101.4984, -1.27
101.6508, -2.591
101.8032, -3.759
101.9556, -3.378
102.108, -2.896
102.2604, -2.743
102.4128, -2.845
102.5652, -3.2
102.7176, -3.226
102.87, -2.769
103.0224, -1.905
103.1748, -1.473
103.3272, -2.057
103.4796, -2.667
103.632, -2.845
103.7844, -2.642
103.9368, -2.718
104.0892, -2.769
104.2416, -2.438
104.394, -2.362
104.5464, -2.362
104.6988, -2.337
104.8512, -2.007
105.0036, -1.778
105.156, -1.88
105.3084, -2.388
105.4608, -2.845
105.6132, -2.819
105.7656, -2.642
105.918, -2.515
106.0704, -2.489
106.2228, -2.489
106.3752, -2.515
106.5276, -2.159
106.68, -1.168
106.8324, -0.508
106.9848, -0.838
107.1372, -1.143
107.2896, -1.143
107.442, -0.762
107.5944, -0.127
107.7468, 0.305
107.8992, 0.762
108.0516, 0.94
108.204, 0.533
108.3564, 0.305
108.5088, 0.152
108.6612, 0.152
108.8136, 0.152
108.966, 0.152
109.1184, 0.635
109.2708, 0.991
109.4232, 0.965
109.5756, 1.194
109.728, 1.346
109.8804, 0.965
110.0328, 0.61
110.1852, 0.61
110.3376, 0.737
110.49, 0.889
110.6424, 1.016
110.7948, 1.448
110.9472, 1.651
111.0996, 1.092
111.252, 0.584
111.4044, 0.406
111.5568, 1.041
111.7092, 1.473
111.8616, 1.067
112.014, 0.914
112.1664, 1.092
112.3188, 1.143
112.4712, 0.737
112.6236, 0.508
112.776, 0.33
112.9284, 0.025
113.0808, 0.127
113.2332, -0.203
113.3856, -0.838
113.538, -1.092
113.6904, -1.422
113.8428, -1.067
113.9952, -0.483
114.1476, -0.965
114.3, -1.524
114.4524, -1.321
114.6048, -1.092
114.7572, -1.397
114.9096, -1.626
115.062, -1.524
115.2144, -1.372
115.3668, -1.727
115.5192, -1.93
115.6716, -1.524
115.824, -1.702
115.9764, -2.362
116.1288, -2.464
116.2812, -2.235
116.4336, -2.159
116.586, -2.565
116.7384, -3.226
116.8908, -3.378
117.0432, -3.048
117.1956, -3.404
117.348, -4.064
117.5004, -4.318
117.6528, -4.496
117.8052, -3.912
117.9576, -3.683
118.11, -4.039
118.2624, -3.962
118.4148, -4.064
118.5672, -4.191
118.7196, -4.166
118.872, -3.937
119.0244, -3.785
119.1768, -4.394
119.3292, -4.42
119.4816, -4.42
119.634, -5.08
119.7864, -5.055
119.9388, -4.521
120.0912, -3.556
120.2436, -3.886
120.396, -4.547
120.5484, -4.293
120.7008, -4.089
120.8532, -4.318
121.0056, -4.597
121.158, -4.369
121.3104, -4.064
121.4628, -3.81
121.6152, -3.48
121.7676, -3.505
121.92, -3.81
122.0724, -3.835
122.2248, -4.115
122.3772, -4.318
122.5296, -4.166
122.682, -3.658
122.8344, -3.48
122.9868, -3.581
123.1392, -3.099
123.2916, -3.15
123.444, -3.835
123.5964, -4.369
123.7488, -4.039
123.9012, -4.089
124.0536, -4.242
124.206, -3.937
124.3584, -4.242
124.5108, -4.166
124.6632, -4.242
124.8156, -4.47
124.968, -4.445
125.1204, -3.785
125.2728, -2.87
125.4252, -2.972
125.5776, -3.505
125.73, -3.937
125.8824, -4.191
126.0348, -4.242
126.1872, -4.394
126.3396, -4.267
126.492, -3.937
126.6444, -3.861
126.7968, -3.962
126.9492, -4.191
127.1016, -4.47
127.254, -4.623
127.4064, -4.674
127.5588, -4.826
127.7112, -4.851
127.8636, -4.75
128.016, -4.699
128.1684, -4.572
128.3208, -4.293
128.4732, -4.216
128.6256, -4.267
128.778, -4.242
128.9304, -4.242
129.0828, -3.81
129.2352, -3.785
129.3876, -4.394
129.54, -4.877
129.6924, -5.105
129.8448, -5.258
129.9972, -5.131
130.1496, -4.851
130.302, -5.156
130.4544, -4.724
130.6068, -4.115
130.7592, -3.861
130.9116, -3.962
131.064, -4.877
131.2164, -5.156
131.3688, -4.216
131.5212, -4.013
131.6736, -4.674
131.826, -4.547
131.9784, -3.81
132.1308, -3.556
132.2832, -4.267
132.4356, -4.42
132.588, -4.166
132.7404, -4.166
132.8928, -4.293
133.0452, -4.699
133.1976, -4.826
133.35, -4.75
133.5024, -4.801
133.6548, -4.242
133.8072, -3.759
133.9596, -3.607
134.112, -3.277
134.2644, -2.997
134.4168, -2.718
134.5692, -2.591
134.7216, -2.057
134.874, -1.092
135.0264, -0.737
135.1788, -1.092
135.3312, -1.346
135.4836, -1.803
135.636, -2.667
135.7884, -2.87
135.9408, -2.692
136.0932, -2.616
136.2456, -2.616
136.398, -2.54
136.5504, -2.362
136.7028, -2.184
136.8552, -2.108
137.0076, -1.829
ENDTABLE
#RadioCtrl0 0    
#RadioCtrl1 0    



#EMBEDDED_NOTES
#Example measured road roughness data.
#
#Road roughness is additional elevation in the road that is applied in the path of the left and right tires.  Click on the "?" for more detailed information.
#END_EMBEDDED_NOTES

LOG_ENTRY Used Dataset: Surface: Roughness Profiles; Example Road Roughness
#Library : Surface: Roughness Profiles
#DataSet : Example Road Roughness
#Category: 
#FileID  : Profile_59ccf9bb-2473-4a7d-8475-1ede2b00fbc5
#Product : TruckSim 2020.1
#VehCode Roughness Profile

END
