PARSFILE
#FullDataName Control: Steering by the Closed-loop Driver Model`On Center Test - by Torque Input`Vehicle Dynamics Tests
SET_ILTARG_FOR_ID 0
set_description LTARG_ID On Center Test - by Torque Input
#RingCtrl0 0
#RingCtrl1 SPLINE_FLAT
#RingCtrl2 1
#DiagramOne0
LTARG_TABLE SPLINE_FLAT
69.444, 0
70.444, 0.0010246
71.444, 0.0040926
72.444, 0.0091977
73.444, 0.01633
74.444, 0.025473
75.444, 0.036605
76.444, 0.049719
77.444, 0.064776
78.444, 0.081746
79.444, 0.10059
80.444, 0.12129
81.444, 0.14378
82.444, 0.168
83.444, 0.19394
84.444, 0.22154
85.444, 0.25073
86.444, 0.28145
87.444, 0.31361
88.444, 0.34721
89.444, 0.38214
90.444, 0.41834
91.444, 0.45573
92.444, 0.4942
93.444, 0.53373
94.444, 0.57422
95.444, 0.61559
96.444, 0.65774
97.444, 0.70054
98.444, 0.74401
99.444, 0.78799
100.44, 0.83205
101.44, 0.87689
102.44, 0.92199
103.44, 0.96724
104.44, 1.0126
105.44, 1.0574
106.44, 1.1026
107.44, 1.1475
108.44, 1.1922
109.44, 1.2365
110.44, 1.2799
111.44, 1.323
112.44, 1.3656
113.44, 1.4074
114.44, 1.4484
115.44, 1.4881
116.44, 1.5271
117.44, 1.5651
118.44, 1.6018
119.44, 1.6374
120.44, 1.6714
121.44, 1.7042
122.44, 1.7357
123.44, 1.7656
124.44, 1.794
125.44, 1.8205
126.44, 1.8455
127.44, 1.8689
128.44, 1.8904
129.44, 1.9101
130.44, 1.9277
131.44, 1.9438
132.44, 1.9577
133.44, 1.9698
134.44, 1.9799
135.44, 1.9878
136.44, 1.9939
137.44, 1.9978
138.44, 1.9998
139.44, 1.9994
140.44, 1.9951
141.44, 1.9867
142.44, 1.9743
143.44, 1.9577
144.44, 1.9372
145.44, 1.9129
146.44, 1.8845
147.44, 1.8522
148.44, 1.8161
149.44, 1.7763
150.44, 1.7332
151.44, 1.6863
152.44, 1.6358
153.44, 1.582
154.44, 1.5249
155.44, 1.4653
156.44, 1.4021
157.44, 1.336
158.44, 1.2672
159.44, 1.1958
160.44, 1.1227
161.44, 1.0465
162.44, 0.96822
163.44, 0.88793
164.44, 0.80581
165.44, 0.72287
166.44, 0.63763
167.44, 0.55108
168.44, 0.4634
169.44, 0.37476
170.44, 0.28535
171.44, 0.19536
172.44, 0.10587
173.44, 0.015259
174.44, -0.07538
175.44, -0.16586
176.44, -0.25601
177.44, -0.34474
178.44, -0.43366
179.44, -0.52168
180.44, -0.60863
181.44, -0.69434
182.44, -0.77779
183.44, -0.86048
184.44, -0.94141
185.44, -1.0204
186.44, -1.0973
187.44, -1.1712
188.44, -1.2435
189.44, -1.3132
190.44, -1.3801
191.44, -1.4443
192.44, -1.5049
193.44, -1.5631
194.44, -1.618
195.44, -1.6697
196.44, -1.7178
197.44, -1.762
198.44, -1.8031
199.44, -1.8405
200.44, -1.874
201.44, -1.9038
202.44, -1.9293
203.44, -1.9512
204.44, -1.9691
205.44, -1.9829
206.44, -1.9927
207.44, -1.9984
208.44, -2
209.44, -1.9975
210.44, -1.9908
211.44, -1.9802
212.44, -1.9656
213.44, -1.9468
214.44, -1.9241
215.44, -1.8973
216.44, -1.8667
217.44, -1.8326
218.44, -1.7945
219.44, -1.7526
220.44, -1.7072
221.44, -1.6582
222.44, -1.6063
223.44, -1.5507
224.44, -1.4919
225.44, -1.43
226.44, -1.3652
227.44, -1.2982
228.44, -1.2279
229.44, -1.1551
230.44, -1.08
231.44, -1.0026
232.44, -0.92393
233.44, -0.84261
234.44, -0.75956
235.44, -0.67494
236.44, -0.58893
237.44, -0.50259
238.44, -0.41436
239.44, -0.32527
240.44, -0.23552
241.44, -0.14528
242.44, -0.055644
243.44, 0.035004
244.44, 0.12558
245.44, 0.2159
246.44, 0.30577
247.44, 0.39414
248.44, 0.48259
249.44, 0.57004
250.44, 0.65632
251.44, 0.74125
252.44, 0.82384
253.44, 0.90558
254.44, 0.98545
255.44, 1.0633
256.44, 1.139
257.44, 1.2116
258.44, 1.2824
259.44, 1.3507
260.44, 1.4161
261.44, 1.4786
262.44, 1.5376
263.44, 1.594
264.44, 1.6471
265.44, 1.6968
266.44, 1.743
267.44, 1.7853
268.44, 1.8243
269.44, 1.8596
270.44, 1.891
271.44, 1.9185
272.44, 1.942
273.44, 1.9617
274.44, 1.9773
275.44, 1.9889
276.44, 1.9964
277.44, 1.9997
278.44, 1.9991
279.44, 1.9943
280.44, 1.9855
281.44, 1.9725
282.44, 1.9557
283.44, 1.9347
284.44, 1.9097
285.44, 1.8809
286.44, 1.8481
287.44, 1.812
288.44, 1.7717
289.44, 1.7278
290.44, 1.6804
291.44, 1.6296
292.44, 1.5759
293.44, 1.5185
294.44, 1.4579
295.44, 1.3944
296.44, 1.328
297.44, 1.2596
298.44, 1.1879
299.44, 1.1138
300.44, 1.0373
301.44, 0.95878
302.44, 0.87907
303.44, 0.79677
304.44, 0.71282
305.44, 0.62741
306.44, 0.54071
307.44, 0.45379
308.44, 0.36506
309.44, 0.27558
310.44, 0.18554
311.44, 0.09511
312.44, 0.0053854
313.44, -0.085245
314.44, -0.1757
315.44, -0.2658
316.44, -0.35535
317.44, -0.44329
318.44, -0.5312
319.44, -0.61803
320.44, -0.70359
321.44, -0.7877
322.44, -0.86938
323.44, -0.95011
324.44, -1.0289
325.44, -1.1055
326.44, -1.1799
327.44, -1.2512
328.44, -1.3206
329.44, -1.3873
330.44, -1.4511
331.44, -1.512
332.44, -1.5693
333.44, -1.6238
334.44, -1.6751
335.44, -1.7228
336.44, -1.7671
337.44, -1.8074
338.44, -1.8443
339.44, -1.8775
340.44, -1.9068
341.44, -1.9322
342.44, -1.9533
343.44, -1.9708
344.44, -1.9842
345.44, -1.9935
346.44, -1.9988
347.44, -1.9999
348.44, -1.997
349.44, -1.9899
350.44, -1.9788
351.44, -1.9636
352.44, -1.9445
353.44, -1.9214
354.44, -1.8942
355.44, -1.8631
356.44, -1.8283
357.44, -1.7901
358.44, -1.7478
359.44, -1.702
360.44, -1.6527
361.44, -1.5999
362.44, -1.5444
363.44, -1.4853
364.44, -1.4231
365.44, -1.3579
366.44, -1.29
367.44, -1.2201
368.44, -1.1471
369.44, -1.0717
370.44, -0.99403
371.44, -0.91437
372.44, -0.83364
373.44, -0.75041
374.44, -0.66564
375.44, -0.57949
376.44, -0.49216
377.44, -0.4047
378.44, -0.31553
379.44, -0.22571
380.44, -0.13543
381.44, -0.044876
382.44, 0.044876
383.44, 0.13543
384.44, 0.22571
385.44, 0.31553
386.44, 0.4047
387.44, 0.49216
388.44, 0.57949
389.44, 0.66564
390.44, 0.75041
391.44, 0.83364
392.44, 0.91437
393.44, 0.99403
394.44, 1.0717
395.44, 1.1471
396.44, 1.2201
397.44, 1.29
398.44, 1.3579
399.44, 1.4231
400.44, 1.4853
401.44, 1.5444
402.44, 1.5999
403.44, 1.6527
404.44, 1.702
405.44, 1.7478
406.44, 1.7901
407.44, 1.8283
408.44, 1.8631
409.44, 1.8942
410.44, 1.9213
411.44, 1.9445
412.44, 1.9636
413.44, 1.9788
414.44, 1.9899
415.44, 1.9969
416.44, 1.9999
417.44, 1.9988
418.44, 1.9935
419.44, 1.9842
420.44, 1.9708
421.44, 1.9533
422.44, 1.9322
423.44, 1.9068
424.44, 1.8775
425.44, 1.8443
426.44, 1.8074
427.44, 1.7671
428.44, 1.7229
429.44, 1.6751
430.44, 1.6238
431.44, 1.5693
432.44, 1.512
433.44, 1.4511
434.44, 1.3873
435.44, 1.3206
436.44, 1.2512
437.44, 1.1799
438.44, 1.1056
439.44, 1.0289
440.44, 0.95011
441.44, 0.86938
442.44, 0.7877
443.44, 0.70359
444.44, 0.61803
445.44, 0.5312
446.44, 0.44329
447.44, 0.35535
448.44, 0.2658
449.44, 0.1757
450.44, 0.085245
451.44, -0.0053854
452.44, -0.09511
453.44, -0.18554
454.44, -0.27558
455.44, -0.36506
456.44, -0.45379
457.44, -0.54071
458.44, -0.62741
459.44, -0.71282
460.44, -0.79677
461.44, -0.87907
462.44, -0.95878
463.44, -1.0373
464.44, -1.1138
465.44, -1.1879
466.44, -1.2596
467.44, -1.328
468.44, -1.3944
469.44, -1.4579
470.44, -1.5185
471.44, -1.5759
472.44, -1.6296
473.44, -1.6804
474.44, -1.7278
475.44, -1.7717
476.44, -1.812
477.44, -1.8481
478.44, -1.8809
479.44, -1.9097
480.44, -1.9347
481.44, -1.9557
482.44, -1.9725
483.44, -1.9855
484.44, -1.9943
485.44, -1.9991
486.44, -1.9997
487.44, -1.9964
488.44, -1.9889
489.44, -1.9773
490.44, -1.9617
491.44, -1.942
492.44, -1.9185
493.44, -1.891
494.44, -1.8596
495.44, -1.8243
496.44, -1.7853
497.44, -1.743
498.44, -1.6968
499.44, -1.6471
500.44, -1.594
501.44, -1.5376
502.44, -1.4786
503.44, -1.4161
504.44, -1.3507
505.44, -1.2824
506.44, -1.2116
507.44, -1.139
508.44, -1.0633
509.44, -0.98545
510.44, -0.90558
511.44, -0.82384
512.44, -0.74125
513.44, -0.65632
514.44, -0.57004
515.44, -0.48259
516.44, -0.39414
517.44, -0.30577
518.44, -0.2159
519.44, -0.12558
520.44, -0.035004
521.44, 0.055644
522.44, 0.14528
523.44, 0.23552
524.44, 0.32527
525.44, 0.41436
526.44, 0.50259
527.44, 0.58893
528.44, 0.67494
529.44, 0.75956
530.44, 0.84261
531.44, 0.92393
532.44, 1.0026
533.44, 1.08
534.44, 1.1551
535.44, 1.2279
536.44, 1.2982
537.44, 1.3652
538.44, 1.43
539.44, 1.4919
540.44, 1.5507
541.44, 1.6063
542.44, 1.6582
543.44, 1.7072
544.44, 1.7526
545.44, 1.7945
546.44, 1.8326
547.44, 1.8667
548.44, 1.8973
549.44, 1.9241
550.44, 1.9468
551.44, 1.9656
552.44, 1.9802
553.44, 1.9908
554.44, 1.9975
555.44, 2
556.44, 1.9984
557.44, 1.9927
558.44, 1.9829
559.44, 1.9691
560.44, 1.9512
561.44, 1.9293
562.44, 1.9038
563.44, 1.874
564.44, 1.8405
565.44, 1.8031
566.44, 1.762
567.44, 1.7178
568.44, 1.6697
569.44, 1.618
570.44, 1.5631
571.44, 1.5049
572.44, 1.4443
573.44, 1.3801
574.44, 1.3132
575.44, 1.2435
576.44, 1.1712
577.44, 1.0973
578.44, 1.0204
579.44, 0.94141
580.44, 0.86048
581.44, 0.77779
582.44, 0.69434
583.44, 0.60863
584.44, 0.52168
585.44, 0.43366
586.44, 0.34474
587.44, 0.25601
588.44, 0.16586
589.44, 0.07538
590.44, -0.015259
591.44, -0.10587
592.44, -0.19536
593.44, -0.28535
594.44, -0.37476
595.44, -0.4634
596.44, -0.55108
597.44, -0.63678
598.44, -0.72204
599.44, -0.80581
600.44, -0.88793
601.44, -0.96822
602.44, -1.0457
603.44, -1.122
604.44, -1.1958
605.44, -1.2672
606.44, -1.336
607.44, -1.4014
608.44, -1.4647
609.44, -1.5249
610.44, -1.582
611.44, -1.6358
612.44, -1.6858
613.44, -1.7328
614.44, -1.7763
615.44, -1.8161
616.44, -1.8522
617.44, -1.8842
618.44, -1.9126
619.44, -1.9372
620.44, -1.9577
621.44, -1.9743
622.44, -1.9866
623.44, -1.995
624.44, -1.9994
625.44, -1.9996
626.44, -1.9957
627.44, -1.9878
628.44, -1.9758
629.44, -1.9597
630.44, -1.9396
631.44, -1.9155
632.44, -1.8878
633.44, -1.8559
634.44, -1.8202
635.44, -1.7808
636.44, -1.7377
637.44, -1.6916
638.44, -1.6414
639.44, -1.588
640.44, -1.5313
641.44, -1.4714
642.44, -1.4091
643.44, -1.3434
644.44, -1.2748
645.44, -1.2037
646.44, -1.1301
647.44, -1.0549
648.44, -0.97685
649.44, -0.89677
650.44, -0.81484
651.44, -0.73124
652.44, -0.64699
653.44, -0.56056
654.44, -0.473
655.44, -0.38446
656.44, -0.29512
657.44, -0.20608
658.44, -0.11573
659.44, -0.025132
660.44, 0.065513
661.44, 0.15602
662.44, 0.24532
663.44, 0.33501
664.44, 0.42401
665.44, 0.51214
666.44, 0.59922
667.44, 0.68423
668.44, 0.76868
669.44, 0.85156
670.44, 0.93268
671.44, 1.0119
672.44, 1.0883
673.44, 1.1632
674.44, 1.2357
675.44, 1.3057
676.44, 1.373
677.44, 1.4369
678.44, 1.4984
679.44, 1.5569
680.44, 1.6122
681.44, 1.6642
682.44, 1.7123
683.44, 1.7573
684.44, 1.7988
685.44, 1.8366
686.44, 1.8706
687.44, 1.9004
688.44, 1.9267
689.44, 1.9491
690.44, 1.9674
691.44, 1.9816
692.44, 1.9918
693.44, 1.998
694.44, 2
695.44, 1.998
696.44, 1.9918
697.44, 1.9816
698.44, 1.9674
699.44, 1.9491
700.44, 1.9267
701.44, 1.9004
702.44, 1.8706
703.44, 1.8366
704.44, 1.7988
705.44, 1.7573
706.44, 1.7123
707.44, 1.6642
708.44, 1.6122
709.44, 1.5569
710.44, 1.4984
711.44, 1.4369
712.44, 1.373
713.44, 1.3057
714.44, 1.2357
715.44, 1.1632
716.44, 1.0883
717.44, 1.0119
718.44, 0.93268
719.44, 0.85156
720.44, 0.76868
721.44, 0.68423
722.44, 0.59922
723.44, 0.51214
724.44, 0.42401
725.44, 0.33501
726.44, 0.24532
727.44, 0.15602
728.44, 0.065513
729.44, -0.025132
730.44, -0.11573
731.44, -0.20608
732.44, -0.29512
733.44, -0.38446
734.44, -0.473
735.44, -0.56056
736.44, -0.64699
737.44, -0.73124
738.44, -0.81484
739.44, -0.89677
740.44, -0.97685
741.44, -1.0549
742.44, -1.1301
743.44, -1.2037
744.44, -1.2748
745.44, -1.3434
746.44, -1.4091
747.44, -1.4714
748.44, -1.5313
749.44, -1.588
750.44, -1.6414
751.44, -1.6916
752.44, -1.7377
753.44, -1.7808
754.44, -1.8202
755.44, -1.8559
756.44, -1.8878
757.44, -1.9155
758.44, -1.9396
759.44, -1.9597
760.44, -1.9758
761.44, -1.9878
762.44, -1.9957
763.44, -1.9996
764.44, -1.9994
765.44, -1.995
766.44, -1.9866
767.44, -1.9743
768.44, -1.9577
769.44, -1.9372
770.44, -1.9126
771.44, -1.8842
772.44, -1.8522
773.44, -1.8161
774.44, -1.7763
775.44, -1.7327
776.44, -1.6858
777.44, -1.6358
778.44, -1.5819
779.44, -1.5249
780.44, -1.4647
781.44, -1.4014
782.44, -1.336
783.44, -1.2672
784.44, -1.1958
785.44, -1.122
786.44, -1.0457
787.44, -0.96822
788.44, -0.88793
789.44, -0.80581
790.44, -0.72204
791.44, -0.63678
792.44, -0.55108
793.44, -0.4634
794.44, -0.37476
795.44, -0.28535
796.44, -0.19536
797.44, -0.10587
798.44, -0.015259
799.44, 0.07538
800.44, 0.16586
801.44, 0.25601
802.44, 0.34474
803.44, 0.43366
804.44, 0.52168
805.44, 0.60863
806.44, 0.69434
807.44, 0.77779
808.44, 0.86048
809.44, 0.94141
810.44, 1.0204
811.44, 1.0973
812.44, 1.1712
813.44, 1.2435
814.44, 1.3132
815.44, 1.3802
816.44, 1.4443
817.44, 1.5049
818.44, 1.5631
819.44, 1.618
820.44, 1.6697
821.44, 1.7178
822.44, 1.762
823.44, 1.8031
824.44, 1.8405
825.44, 1.874
826.44, 1.9038
827.44, 1.9293
828.44, 1.9512
829.44, 1.9691
830.44, 1.9829
831.44, 1.9927
832.44, 1.9984
833.44, 2
834.44, 1.9987
835.44, 1.9955
836.44, 1.9901
837.44, 1.9828
838.44, 1.9734
839.44, 1.962
840.44, 1.9487
841.44, 1.9334
842.44, 1.9163
843.44, 1.8972
844.44, 1.8763
845.44, 1.8536
846.44, 1.8291
847.44, 1.8032
848.44, 1.7754
849.44, 1.7459
850.44, 1.715
851.44, 1.6826
852.44, 1.6491
853.44, 1.614
854.44, 1.5776
855.44, 1.54
856.44, 1.5013
857.44, 1.462
858.44, 1.4213
859.44, 1.3798
860.44, 1.3374
861.44, 1.2944
862.44, 1.2513
863.44, 1.2072
864.44, 1.1626
865.44, 1.1178
866.44, 1.0726
867.44, 1.0278
868.44, 0.9825
869.44, 0.93721
870.44, 0.89205
871.44, 0.84711
872.44, 0.80293
873.44, 0.75871
874.44, 0.71498
875.44, 0.67184
876.44, 0.62938
877.44, 0.58808
878.44, 0.54721
879.44, 0.50727
880.44, 0.46835
881.44, 0.43052
882.44, 0.39421
883.44, 0.35878
884.44, 0.32467
885.44, 0.29194
886.44, 0.26068
887.44, 0.23121
888.44, 0.20302
889.44, 0.17647
890.44, 0.15161
891.44, 0.1285
892.44, 0.10737
893.44, 0.087862
894.44, 0.070224
895.44, 0.054501
896.44, 0.040719
897.44, 0.029013
898.44, 0.019174
899.44, 0.011348
900.44, 0.0055599
901.44, 0.0018126
902.44, 0.00012125
ENDTABLE
#RadioCtrl0 1    

SET_PATH_WIDTH 0.1
SET_PATH_DASH_INTERVAL 0.5
SET_PATH_VERTEX_INTERVAL 1
SET_PATH_DZ 0.03
SET_PATH_COLOR 0.4 0.4 1
#CheckBox2 0    
#CheckBox3 1    
LTARG_ID_DM LTARG_ID
#CheckBox0 0    
#CheckBox1 1    
CREATE_PATH_OBJ on
#CheckBox4 1    
#CheckBox5 1    
OPT_STR_BY_TRQ 1
OPT_DM 3
AV_SW_MAX_DM 1200
A_SW_MAX_DM 720
*TPREV 1.0
VLOW_DM 20
K_TRQ_CON_DM 25
D_TRQ_CON_DM 0.5
M_TRQ_CON_MAX_DM 50
TPREV_CONSTANT 1.0

#EMBEDDED_NOTES
#Checking the "Driver model steers by torque" box causes the steer angle produced by the steer controller to be obtained by applying steer torque to the steering wheel.
#
#This option is valid only with vehicles equipped with power steering, because ti makes use of the additional steering system degree of freedom that power steering adds.
#
#The vehicle Steer System screen should also specify steering stops, to avoid excessively large steer angles.
#END_EMBEDDED_NOTES

LOG_ENTRY Used Dataset: Control: Steering by the Closed-loop Driver Model; { Vehicle Dynamics Tests } On Center Test - by Torque Input
#Library : Control: Steering by the Closed-loop Driver Model
#DataSet : On Center Test - by Torque Input
#Category: Vehicle Dynamics Tests
#FileID  : StrDM_24e3addc-e0bc-4f1e-b365-25670b4682b3
#Product : TruckSim 2020.1
#VehCode Driver Path Follower

END
