PARSFILE
#FullDataName Steering System: Kinematics for 2 Wheels (Rack & Pinion)`Baja SAE Steer Kinematics`Mech. Sim. FSAE & Baja: Steering Kinematics
#CheckBox0 0    

#RingCtrl0 SPLINE
#RingCtrl1 SPLINE

iside 2
#DiagramOne0
RACK_KIN_TABLE SPLINE
-65, -89.45257834
-64, -86.92718686
-63, -84.54219503
-62, -82.26609216
-61, -80.07773077
-60, -77.96222775
-59, -75.90873435
-58, -73.90912845
-57, -71.95720157
-56, -70.04812926
-55, -68.17811251
-54, -66.3441269
-53, -64.54374237
-52, -62.77499058
-51, -61.03626524
-50, -59.32624605
-49, -57.64383961
-48, -55.98813308
-47, -54.35835733
-46, -52.75385747
-45, -51.17406904
-44, -49.61849874
-43, -48.08670877
-42, -46.57830402
-41, -45.09292165
-40, -43.63022264
-39, -42.18988489
-38, -40.7715977
-37, -39.37505731
-36, -37.99996343
-35, -36.64601644
-34, -35.31291537
-33, -34.00035631
-32, -32.7080313
-31, -31.43562763
-30, -30.18282738
-29, -28.94930723
-28, -27.73473854
-27, -26.53878743
-26, -25.36111517
-25, -24.20137852
-24, -23.05923019
-23, -21.93431938
-22, -20.8262923
-21, -19.7347927
-20, -18.65946246
-19, -17.59994213
-18, -16.55587144
-17, -15.52688982
-16, -14.51263689
-15, -13.51275291
-14, -12.52687919
-13, -11.55465848
-12, -10.59573533
-11, -9.649756365
-10, -8.716370612
-9, -7.795229701
-8, -6.885988087
-7, -5.988303213
-6, -5.101835652
-5, -4.22624921
-4, -3.361210995
-3, -2.506391468
-2, -1.661464455
-1, -0.826107134
0, 0
1, 0.817173201
2, 1.625725558
3, 2.425967105
4, 3.218204955
5, 4.002743454
6, 4.779884359
7, 5.549927035
8, 6.313168675
9, 7.069904537
10, 7.820428209
11, 8.565031892
12, 9.304006704
13, 10.03764301
14, 10.76623078
15, 11.49005997
16, 12.20942091
17, 12.92460478
18, 13.63590405
19, 14.34361298
20, 15.04802821
21, 15.74944929
22, 16.44817936
23, 17.14452581
24, 17.83880103
25, 18.53132325
26, 19.22241737
27, 19.91241597
28, 20.60166038
29, 21.29050181
30, 21.97930265
31, 22.66843795
32, 23.35829693
33, 24.04928482
34, 24.74182481
35, 25.43636026
36, 26.13335726
37, 26.83330746
38, 27.53673127
39, 28.24418162
40, 28.95624814
41, 29.67356207
42, 30.39680194
43, 31.12670014
44, 31.86405065
45, 32.60971812
46, 33.36464871
47, 34.1298829
48, 34.90657103
49, 35.69599203
50, 36.49957643
51, 37.31893461
52, 38.15589217
53, 39.01253443
54, 39.89126329
55, 40.79487086
56, 41.72663622
57, 42.69045501
58, 43.69101629
59, 44.7340498
60, 45.82668074
61, 46.9779555
62, 48.19965062
63, 49.50757642
64, 50.92380294
65, 52.48075472
66, 54.22953803
67, 56.2594889
68, 58.75578349
69, 62.26512189
ENDTABLE

iside 1
#DiagramOne1
RACK_KIN_TABLE SPLINE
-69, -62.26512189
-68, -58.75578349
-67, -56.2594889
-66, -54.22953803
-65, -52.48075472
-64, -50.92380294
-63, -49.50757642
-62, -48.19965062
-61, -46.9779555
-60, -45.82668074
-59, -44.7340498
-58, -43.69101629
-57, -42.69045501
-56, -41.72663622
-55, -40.79487086
-54, -39.89126329
-53, -39.01253443
-52, -38.15589217
-51, -37.31893461
-50, -36.49957643
-49, -35.69599203
-48, -34.90657103
-47, -34.1298829
-46, -33.36464871
-45, -32.60971812
-44, -31.86405065
-43, -31.12670014
-42, -30.39680194
-41, -29.67356207
-40, -28.95624814
-39, -28.24418162
-38, -27.53673127
-37, -26.83330746
-36, -26.13335726
-35, -25.43636026
-34, -24.74182481
-33, -24.04928482
-32, -23.35829693
-31, -22.66843795
-30, -21.97930265
-29, -21.29050181
-28, -20.60166038
-27, -19.91241597
-26, -19.22241737
-25, -18.53132325
-24, -17.83880103
-23, -17.14452581
-22, -16.44817936
-21, -15.74944929
-20, -15.04802821
-19, -14.34361298
-18, -13.63590405
-17, -12.92460478
-16, -12.20942091
-15, -11.49005997
-14, -10.76623078
-13, -10.03764301
-12, -9.304006704
-11, -8.565031892
-10, -7.820428209
-9, -7.069904537
-8, -6.313168675
-7, -5.549927035
-6, -4.779884359
-5, -4.002743454
-4, -3.218204955
-3, -2.425967105
-2, -1.625725558
-1, -0.817173201
0, 0
1, 0.826107134
2, 1.661464455
3, 2.506391468
4, 3.361210995
5, 4.22624921
6, 5.101835652
7, 5.988303213
8, 6.885988087
9, 7.795229701
10, 8.716370612
11, 9.649756365
12, 10.59573533
13, 11.55465848
14, 12.52687919
15, 13.51275291
16, 14.51263689
17, 15.52688982
18, 16.55587144
19, 17.59994213
20, 18.65946246
21, 19.7347927
22, 20.8262923
23, 21.93431938
24, 23.05923019
25, 24.20137852
26, 25.36111517
27, 26.53878743
28, 27.73473854
29, 28.94930723
30, 30.18282738
31, 31.43562763
32, 32.7080313
33, 34.00035631
34, 35.31291537
35, 36.64601644
36, 37.99996343
37, 39.37505731
38, 40.7715977
39, 42.18988489
40, 43.63022264
41, 45.09292165
42, 46.57830402
43, 48.08670877
44, 49.61849874
45, 51.17406904
46, 52.75385747
47, 54.35835733
48, 55.98813308
49, 57.64383961
50, 59.32624605
51, 61.03626524
52, 62.77499058
53, 64.54374237
54, 66.3441269
55, 68.17811251
56, 70.04812926
57, 71.95720157
58, 73.90912845
59, 75.90873435
60, 77.96222775
61, 80.07773077
62, 82.26609216
63, 84.54219503
64, 86.92718686
65, 89.45257834
ENDTABLE
#RadioCtrl0 0    
#RadioCtrl1 0    

*SCALAR 0.45
*SCALAR2 0.45


LOG_ENTRY Used Dataset: Steering System: Kinematics for 2 Wheels (Rack & Pinion); { Mech. Sim. FSAE & Baja: Steering Kinematics } Baja SAE Steer Kinematics
#Library : Steering System: Kinematics for 2 Wheels (Rack & Pinion)
#DataSet : Baja SAE Steer Kinematics
#Category: Mech. Sim. FSAE & Baja: Steering Kinematics
#FileID  : RkKin2_ad63aa68-c235-44dd-8b6f-aaad4edebf9e
#Product : CarSim 2020.0
#VehCode Steer Kinematics

END
