PARSFILE
#FullDataName Steering System: Kinematics for 2 Wheels (Rack & Pinion)`FSAE Steering Kinematics`Mech. Sim. FSAE & Baja: Steering Kinematics
#CheckBox0 0    

#RingCtrl0 SPLINE
#RingCtrl1 SPLINE

iside 2
#DiagramOne0
RACK_KIN_TABLE SPLINE
-60, -89.90027224
-59, -87.06342199
-58, -84.41752141
-57, -81.91401823
-56, -79.5221058
-55, -77.22097034
-54, -74.99590429
-53, -72.8361622
-52, -70.73368996
-51, -68.682328
-50, -66.67728852
-49, -64.71479956
-48, -62.79185481
-47, -60.90603326
-46, -59.055366
-45, -57.23823623
-44, -55.45330268
-43, -53.69944048
-42, -51.97569472
-41, -50.28124384
-40, -48.61537048
-39, -46.97743822
-38, -45.36687288
-37, -43.78314759
-36, -42.22577078
-35, -40.69427661
-34, -39.18821736
-33, -37.70715742
-32, -36.25066863
-31, -34.81832668
-30, -33.40970839
-29, -32.02438979
-28, -30.66194471
-27, -29.32194389
-26, -28.00395449
-25, -26.70753987
-24, -25.43225968
-23, -24.17767003
-22, -22.94332393
-21, -21.72877171
-20, -20.53356156
-19, -19.35724017
-18, -18.19935324
-17, -17.05944617
-16, -15.93706461
-15, -14.83175502
-14, -13.74306524
-13, -12.67054497
-12, -11.61374625
-11, -10.57222386
-10, -9.545535693
-9, -8.53324308
-8, -7.534911058
-7, -6.550108598
-6, -5.578408783
-5, -4.619388937
-4, -3.672630714
-3, -2.737720144
-2, -1.814247631
-1, -0.901807916
0, 0
1, 0.891572968
2, 1.773303847
3, 2.645581686
4, 3.508791948
5, 4.363316762
6, 5.209535213
7, 6.047823666
8, 6.878556117
9, 7.702104588
10, 8.518839551
11, 9.329130392
12, 10.13334591
13, 10.93185487
14, 11.72502657
15, 12.51323149
16, 13.29684199
17, 14.07623302
18, 14.85178295
19, 15.62387443
20, 16.39289537
21, 17.15923993
22, 17.9233097
23, 18.68551493
24, 19.44627589
25, 20.20602441
26, 20.96520552
27, 21.72427936
28, 22.48372324
29, 23.24403397
30, 24.00573047
31, 24.76935678
32, 25.53548539
33, 26.30472107
34, 27.07770527
35, 27.85512117
36, 28.6376995
37, 29.42622537
38, 30.22154613
39, 31.02458079
40, 31.83633102
41, 32.65789432
42, 33.49047986
43, 34.33542762
44, 35.19423174
45, 36.06856931
46, 36.96033619
47, 37.87169211
48, 38.80511808
49, 39.76349063
50, 40.75017905
51, 41.7691753
52, 42.8252707
53, 43.92430186
54, 45.07350221
55, 46.28201979
56, 47.56170892
57, 48.92839563
58, 50.40401619
59, 52.02049825
60, 53.82750789
61, 55.91014168
62, 58.4387146
63, 61.8757477
ENDTABLE

iside 1
#DiagramOne1
RACK_KIN_TABLE SPLINE
-63, -61.8757477
-62, -58.4387146
-61, -55.91014168
-60, -53.82750789
-59, -52.02049825
-58, -50.40401619
-57, -48.92839563
-56, -47.56170892
-55, -46.28201979
-54, -45.07350221
-53, -43.92430186
-52, -42.8252707
-51, -41.7691753
-50, -40.75017905
-49, -39.76349063
-48, -38.80511808
-47, -37.87169211
-46, -36.96033619
-45, -36.06856931
-44, -35.19423174
-43, -34.33542762
-42, -33.49047986
-41, -32.65789432
-40, -31.83633102
-39, -31.02458079
-38, -30.22154613
-37, -29.42622537
-36, -28.6376995
-35, -27.85512117
-34, -27.07770527
-33, -26.30472107
-32, -25.53548539
-31, -24.76935678
-30, -24.00573047
-29, -23.24403397
-28, -22.48372324
-27, -21.72427936
-26, -20.96520552
-25, -20.20602441
-24, -19.44627589
-23, -18.68551493
-22, -17.9233097
-21, -17.15923993
-20, -16.39289537
-19, -15.62387443
-18, -14.85178295
-17, -14.07623302
-16, -13.29684199
-15, -12.51323149
-14, -11.72502657
-13, -10.93185487
-12, -10.13334591
-11, -9.329130392
-10, -8.518839551
-9, -7.702104588
-8, -6.878556117
-7, -6.047823666
-6, -5.209535213
-5, -4.363316762
-4, -3.508791948
-3, -2.645581686
-2, -1.773303847
-1, -0.891572968
0, 0
1, 0.901807916
2, 1.814247631
3, 2.737720144
4, 3.672630714
5, 4.619388937
6, 5.578408783
7, 6.550108598
8, 7.534911058
9, 8.53324308
10, 9.545535693
11, 10.57222386
12, 11.61374625
13, 12.67054497
14, 13.74306524
15, 14.83175502
16, 15.93706461
17, 17.05944617
18, 18.19935324
19, 19.35724017
20, 20.53356156
21, 21.72877171
22, 22.94332393
23, 24.17767003
24, 25.43225968
25, 26.70753987
26, 28.00395449
27, 29.32194389
28, 30.66194471
29, 32.02438979
30, 33.40970839
31, 34.81832668
32, 36.25066863
33, 37.70715742
34, 39.18821736
35, 40.69427661
36, 42.22577078
37, 43.78314759
38, 45.36687288
39, 46.97743822
40, 48.61537048
41, 50.28124384
42, 51.97569472
43, 53.69944048
44, 55.45330268
45, 57.23823623
46, 59.055366
47, 60.90603326
48, 62.79185481
49, 64.71479956
50, 66.67728852
51, 68.682328
52, 70.73368996
53, 72.8361622
54, 74.99590429
55, 77.22097034
56, 79.5221058
57, 81.91401823
58, 84.41752141
59, 87.06342199
60, 89.90027224
ENDTABLE
#RadioCtrl0 0    
#RadioCtrl1 0    



LOG_ENTRY Used Dataset: Steering System: Kinematics for 2 Wheels (Rack & Pinion); { Mech. Sim. FSAE & Baja: Steering Kinematics } FSAE Steering Kinematics
#Library : Steering System: Kinematics for 2 Wheels (Rack & Pinion)
#DataSet : FSAE Steering Kinematics
#Category: Mech. Sim. FSAE & Baja: Steering Kinematics
#FileID  : RkKin2_b9b4b5f5-871e-46e6-bd92-94be68e2228c
#Product : CarSim 2020.0
#VehCode Steer Kinematics

END
