PARSFILE
#FullDataName Control: Speed (Closed Loop) Using Target Speed`Exit Right onto Jackson`Speed vs. Station
SET_ISPEED_FOR_ID 0
set_description SPEED_TARGET_ID Exit Right onto Jackson
#CheckBox2 0    
#CheckBox3 0    
*SCALAR 0
#RingCtrl0 CONSTANT
#RingCtrl1 LINEAR
#RingCtrl2 ADD
SPEED_TARGET_COMBINE ADD
#RingCtrl3 1
#RadioCtrl0 0    
#RadioCtrl1 0    

SPEED_TARGET_CONSTANT 0
#DiagramOne1
SPEED_TARGET_S_TABLE LINEAR
0, 120
6.66298, 119.92648
13.32541, 119.91003
19.98758, 119.91847
26.64976, 119.92036
33.31189, 119.91935
39.97406, 119.91925
46.63623, 119.9194
53.2984, 119.91946
59.96058, 119.91949
66.62276, 119.91953
73.28493, 119.91958
79.94712, 119.91962
86.60931, 119.91965
93.2715, 119.9197
99.93369, 119.91974
106.59588, 119.91978
113.25807, 119.91982
119.92027, 119.91985
126.58246, 119.9199
133.24466, 119.91994
139.90688, 119.91998
146.56908, 119.92001
153.23129, 119.92005
159.89349, 119.92009
166.55571, 119.92012
173.21791, 119.92016
179.88013, 119.9202
186.54234, 119.92023
193.20456, 119.92027
199.86678, 119.9203
206.52899, 119.92034
213.19121, 119.92037
219.85342, 119.92041
226.51566, 119.92044
233.17787, 119.92048
239.8401, 119.92051
246.50233, 119.92054
253.16457, 119.92058
259.82678, 119.92061
266.48904, 119.92064
273.15128, 119.92067
279.81351, 119.9207
286.47574, 119.92074
293.13797, 119.92077
299.80023, 119.9208
306.46246, 119.92083
313.12473, 119.92086
319.78696, 119.92089
326.44922, 119.92091
333.11145, 119.92094
339.77371, 119.92097
346.43597, 119.92101
353.09824, 119.92104
359.76047, 119.92106
366.42273, 119.92109
373.08499, 119.92112
379.74725, 119.92114
386.40955, 119.92117
393.07181, 119.9212
399.73407, 119.92123
406.39633, 119.92125
413.05862, 119.92128
419.72089, 119.9213
426.38318, 119.92133
433.04544, 119.92136
439.70773, 119.92138
446.37003, 119.9214
453.03229, 119.92142
459.69458, 119.92145
466.35687, 119.92148
473.01917, 119.9215
479.68146, 119.92152
486.34375, 119.92155
493.00604, 119.92157
499.66833, 119.92159
506.33066, 119.92162
512.99298, 119.92164
519.65527, 119.92165
526.31757, 119.92168
532.97986, 119.9217
539.64215, 119.92172
546.3045, 119.92174
552.9668, 119.92176
559.62909, 119.92178
566.29144, 119.9218
572.95374, 119.92182
579.61609, 119.92184
586.27838, 119.92186
592.94073, 119.92188
599.60303, 119.9219
606.26538, 119.92192
612.92767, 119.92194
619.59003, 119.92195
626.25232, 119.92197
632.91467, 119.92199
639.57697, 119.922
646.23932, 119.92203
652.90167, 119.92204
659.56396, 119.92206
666.22632, 119.92207
672.88867, 119.92209
679.55096, 119.9221
686.21332, 119.92212
692.87567, 119.92213
699.53796, 119.92215
706.20032, 119.92216
712.86267, 119.92217
719.52509, 119.92218
726.18744, 119.92219
732.84979, 119.9222
739.51215, 119.9222
746.1745, 119.92221
752.83679, 119.92223
759.49908, 119.92224
766.16132, 119.92226
772.82355, 119.92227
779.48578, 119.92229
786.14795, 119.9223
792.81018, 119.92233
799.47235, 119.92234
806.13458, 119.92236
812.79675, 119.92237
819.45892, 119.92239
826.12109, 119.9224
832.78333, 119.92241
839.4455, 119.92242
846.10773, 119.92243
852.76996, 119.92243
859.43219, 119.92244
866.09442, 119.92245
872.75671, 119.92245
879.41901, 119.92246
886.08136, 119.92248
892.74371, 119.92249
899.40607, 119.9225
906.06842, 119.92251
912.73077, 119.92252
919.39313, 119.92253
926.05548, 119.92254
932.71783, 119.92255
939.38019, 119.92255
946.04254, 119.92252
952.70496, 119.92248
959.36731, 119.92239
966.02972, 119.92228
972.69208, 119.92213
979.35449, 119.92199
986.01685, 119.92181
992.67883, 119.9223
999.34143, 119.92196
1006.00366, 119.92317
1012.66547, 119.92331
1019.32721, 119.92493
1025.98877, 119.92638
1032.65002, 119.92764
1039.3114, 119.92843
1045.97314, 119.92836
1052.63477, 119.92778
1059.29602, 119.92651
1065.95679, 119.92463
1072.61707, 119.92218
1079.27673, 119.91919
1085.93555, 119.91564
1092.5929, 119.80621
1099.10547, 114.78684
1105.32068, 109.23436
1111.23657, 103.94334
1116.85559, 98.5626
1122.20581, 94.57162
1127.39758, 92.56155
1132.49243, 91.02118
1137.50439, 89.54958
1142.43408, 88.0586
1147.28125, 86.57115
1152.04639, 85.09579
1156.72998, 83.62342
1161.33179, 82.14938
1165.85205, 80.67213
1170.29041, 79.19138
1174.64661, 77.70798
1178.91663, 76.22427
1183.10449, 74.74252
1187.20947, 73.1999
1191.229, 71.68544
1195.16833, 70.25088
1199.02734, 68.77842
1202.80481, 67.28686
1206.49988, 65.78699
1210.1123, 64.28381
1213.64185, 62.77919
1217.0885, 61.2716
1220.44995, 59.64573
1223.71753, 57.97775
1226.90369, 56.6088
1230.01123, 55.14408
1233.03638, 53.63115
1235.97742, 52.10098
1238.8335, 50.56427
1241.60425, 49.02817
1244.2959, 47.51318
1246.93713, 46.06944
1249.54565, 44.74557
1252.13318, 43.63905
1254.65332, 42.66582
1257.06396, 41.66888
1259.43066, 41.19062
1261.76904, 40.71033
1264.07202, 40.07808
1266.33447, 39.29562
1268.52832, 38.31602
1270.65271, 37.14857
1272.70178, 35.8286
1274.66919, 34.382
1276.54932, 32.86209
1278.33936, 31.27591
1280.03271, 29.42851
1281.61023, 27.40962
1283.09668, 26.1079
1284.50525, 24.66273
1285.82642, 23.03535
1287.05481, 21.38703
1288.18494, 19.37755
1289.18127, 16.99582
1290.09766, 16.44438
1291.18188, 16.12846
1292.58777, 15.40338
1293.93701, 14.86974
1295.24023, 14.10169
1296.53809, 14.3385
1297.922, 15.56572
1299.38257, 16.19478
1300.8158, 18.24572
1301.97412, 19.45796
1303.10291, 19.63514
1304.28601, 21.68856
1305.51196, 21.93102
1306.77954, 23.72058
1308.14539, 24.9578
1309.54834, 25.88314
1311.05469, 28.30651
1312.66321, 29.31056
1314.31445, 30.49529
1316.06006, 32.06701
1317.87219, 33.36739
1319.76929, 34.78161
1321.73853, 36.19202
1323.78809, 37.5269
1325.91272, 39.03648
1328.12732, 40.53571
1330.4115, 41.77507
1332.77356, 43.22691
1335.21338, 44.59422
1337.72888, 45.95852
1340.32019, 47.32073
1342.98706, 48.68019
1345.72937, 50.04149
1348.54736, 51.40667
1351.44153, 52.78034
1354.41211, 54.15996
1357.45935, 55.53913
1360.58301, 56.91756
1363.78345, 58.29863
1367.06055, 59.68314
1370.41455, 61.07003
1373.8457, 62.45675
1377.35352, 63.83752
1380.93799, 65.21528
1384.59888, 66.59177
1388.33594, 67.95805
1392.14868, 69.3199
1396.03699, 70.68469
1400.00122, 72.05251
1404.04138, 73.42466
1408.15796, 74.80021
1412.35071, 76.17818
1416.62012, 77.55779
1420.96606, 78.93967
1425.38867, 80.32256
1429.89539, 81.70225
1434.47717, 83.08021
1439.13342, 84.56004
1443.87891, 86.23083
1448.6936, 87.28138
1453.56982, 88.50741
1458.51257, 89.75943
1463.52271, 90.95972
1468.57336, 91.16312
1473.61267, 90.75101
1478.61902, 90.05825
1483.5802, 89.20735
1488.48865, 88.24899
1493.33972, 87.25389
1498.12231, 86.32074
1502.86133, 85.56426
1507.57031, 85.06808
1512.26453, 85.03952
1516.99377, 85.99987
1521.7771, 86.8442
1526.61584, 87.84046
1531.52026, 89.05683
1536.52246, 90.95643
1541.63342, 92.74355
1546.84656, 94.08176
1552.10718, 95.12628
1557.427, 96.39075
1562.81689, 97.67455
1568.27966, 98.99776
1573.81665, 100.33677
1579.4281, 101.68208
1585.11462, 103.03409
1590.87646, 104.39144
1596.71387, 105.75278
1602.62683, 107.11608
1608.6156, 108.47733
1614.67981, 109.83631
1620.81946, 111.1932
1627.03442, 112.5491
1633.32483, 113.90836
1639.69092, 115.26905
1646.13232, 116.62
1652.64844, 117.96165
1659.23816, 119.23563
1665.89014, 120.11005
1672.56226, 120.06898
1679.22583, 119.89137
1685.88855, 119.91019
1692.55054, 119.92281
1699.21277, 119.92014
1705.87488, 119.91866
1712.53711, 119.91903
1719.19922, 119.91918
1725.86133, 119.91914
1732.52356, 119.91912
1739.18567, 119.91913
1745.8479, 119.91913
1752.51001, 119.91913
1759.17224, 119.91913
1765.83435, 119.91913
1772.49658, 119.91913
1779.15869, 119.91913
1785.82092, 119.91913
1792.48303, 119.91913
1799.14526, 119.91913
1805.80737, 119.91913
1812.4696, 119.91913
1819.13171, 119.91913
1825.79395, 119.91913
1832.45605, 119.91913
1839.11829, 119.91913
1845.7804, 119.91913
1852.44263, 119.91913
1859.10474, 119.91913
1865.76697, 119.91913
1872.42908, 119.91913
1879.09131, 119.91913
1885.75342, 119.91913
1892.41565, 119.91913
1899.07776, 119.91913
1905.73999, 119.91913
1912.40222, 119.91913
1919.06433, 119.91913
1925.72656, 119.91913
1932.38867, 119.91913
1939.0509, 119.91913
1945.71301, 119.91913
1952.37524, 119.91913
1959.03735, 119.91913
1965.69958, 119.91913
1972.36169, 119.91913
1979.02393, 119.91913
1985.68604, 119.91913
1992.34827, 119.91913
1999.01038, 119.91913
ENDTABLE

#EMBEDDED_NOTES
#This target speed was taken from the output for the ego vehicle turning right onto Jackson Road (Path ID 2001).
#
#Since this Target Speed vs. Station dataset is intended to be used for traffic vehicles, the Closed Loop Speed Controller settings are not used.
#END_EMBEDDED_NOTES

LOG_ENTRY Used Dataset: Control: Speed (Closed Loop) Using Target Speed; { Speed vs. Station } Exit Right onto Jackson
#Library : Control: Speed (Closed Loop) Using Target Speed
#DataSet : Exit Right onto Jackson
#Category: Speed vs. Station
#FileID  : SpdTime_55af29aa-9f51-4453-88f1-0489f952e8a5
#Product : TruckSim 2020.1
#VehCode Target Speed

END
