PARSFILE
#FullDataName Control: Speed (Closed Loop) Using Target Speed`3-Way Intersection: 30 mph Bus`Speed vs. Station
SET_ISPEED_FOR_ID 0
set_description SPEED_TARGET_ID 3-Way Intersection: 30 mph Bus
#CheckBox2 1    
#CheckBox3 0    
*SCALAR 1
#MiscYellow0
define_parameter SLOW_TRAFFIC = ISPEED;...
  -; ID for target speed that slows for corner
#ENDMYellow

#RingCtrl0 CONSTANT
#RingCtrl1 LINEAR_FLAT
#RingCtrl2 MULTIPLY
SPEED_TARGET_COMBINE MULTIPLY
#RingCtrl3 1
#RadioCtrl0 0    
#RadioCtrl1 0    

SPEED_TARGET_CONSTANT 1
#DiagramOne1
SPEED_TARGET_S_TABLE LINEAR_FLAT
-125, 48.2803
-124.665, 48.2708
-124.33, 48.2602
-123.994, 48.2497
-123.659, 48.2392
-123.324, 48.2287
-122.99, 48.2185
-122.655, 48.2087
-122.32, 48.1993
-121.985, 48.1905
-121.651, 48.1823
-121.316, 48.1747
-120.982, 48.168
-120.647, 48.162
-120.313, 48.1568
-119.978, 48.1524
-119.644, 48.1487
-119.309, 48.1457
-118.975, 48.1434
-118.641, 48.1418
-118.306, 48.1408
-117.972, 48.1404
-117.638, 48.1406
-117.304, 48.1414
-116.969, 48.1427
-116.635, 48.1444
-116.3, 48.1467
-115.966, 48.1494
-115.632, 48.1526
-115.297, 48.1561
-114.963, 48.1599
-114.628, 48.1641
-114.294, 48.1685
-113.959, 48.1732
-113.625, 48.1781
-113.29, 48.1832
-112.956, 48.1884
-112.621, 48.1938
-112.286, 48.1992
-111.952, 48.2047
-111.617, 48.2103
-111.282, 48.2159
-110.947, 48.2214
-110.612, 48.2269
-110.277, 48.2324
-109.942, 48.2377
-109.607, 48.243
-109.272, 48.248
-108.937, 48.253
-108.602, 48.2578
-108.267, 48.2624
-107.932, 48.2668
-107.597, 48.2709
-107.261, 48.2749
-106.926, 48.2786
-106.591, 48.2821
-106.256, 48.2853
-105.92, 48.2883
-105.585, 48.291
-105.249, 48.2934
-104.914, 48.2956
-104.579, 48.2975
-104.243, 48.2991
-103.908, 48.3005
-103.572, 48.3017
-103.237, 48.3026
-102.902, 48.3032
-102.566, 48.3036
-102.231, 48.3038
-101.895, 48.3037
-101.56, 48.3035
-101.224, 48.3031
-100.889, 48.3025
-100.554, 48.3017
-100.218, 48.3008
-99.883, 48.2997
-99.547, 48.2985
-99.212, 48.2972
-98.877, 48.2958
-98.541, 48.2943
-98.206, 48.2928
-97.87, 48.2912
-97.535, 48.2896
-97.2, 48.2879
-96.864, 48.2863
-96.529, 48.2846
-96.194, 48.283
-95.858, 48.2814
-95.523, 48.2798
-95.188, 48.2782
-94.853, 48.2767
-94.517, 48.2753
-94.182, 48.2739
-93.847, 48.2727
-93.512, 48.2715
-93.177, 48.2703
-92.841, 48.2693
-92.506, 48.2683
-92.171, 48.2675
-91.836, 48.2667
-91.501, 48.2661
-91.165, 48.2655
-90.83, 48.265
-90.495, 48.2647
-90.16, 48.2644
-89.825, 48.2642
-89.489, 48.2641
-89.154, 48.264
-88.819, 48.2641
-88.484, 48.2642
-88.149, 48.2644
-87.814, 48.2647
-87.478, 48.265
-87.143, 48.2654
-86.808, 48.2659
-86.473, 48.2664
-86.138, 48.267
-85.803, 48.2675
-85.467, 48.2682
-85.132, 48.2688
-84.797, 48.2695
-84.462, 48.2702
-84.127, 48.2709
-83.791, 48.2717
-83.456, 48.2724
-83.121, 48.2732
-82.786, 48.2739
-82.45, 48.2746
-82.115, 48.2754
-81.78, 48.2761
-81.445, 48.2768
-81.109, 48.2774
-80.774, 48.2781
-80.439, 48.2787
-80.104, 48.2793
-79.768, 48.2799
-79.433, 48.2804
-79.098, 48.2809
-78.762, 48.2814
-78.427, 48.2818
-78.092, 48.2822
-77.757, 48.2826
-77.421, 48.2829
-77.086, 48.2832
-76.751, 48.2835
-76.415, 48.2837
-76.08, 48.2839
-75.745, 48.284
-75.409, 48.2841
-75.074, 48.2842
-74.739, 48.2842
-74.403, 48.2842
-74.068, 48.2842
-73.733, 48.2842
-73.398, 48.2841
-73.062, 48.284
-72.727, 48.2839
-72.392, 48.2838
-72.056, 48.2836
-71.721, 48.2834
-71.386, 48.2832
-71.05, 48.283
-70.715, 48.2828
-70.38, 48.2826
-70.045, 48.2824
-69.709, 48.2821
-69.374, 48.2819
-69.039, 48.2817
-68.703, 48.2814
-68.368, 48.2812
-68.033, 48.281
-67.698, 48.2807
-67.362, 48.2805
-67.027, 48.2803
-66.692, 48.2801
-66.356, 48.2799
-66.021, 48.2797
-65.686, 48.2795
-65.351, 48.2793
-65.015, 48.2792
-64.68, 48.279
-64.345, 48.2789
-64.009, 48.2788
-63.674, 48.2787
-63.339, 48.2786
-63.004, 48.2785
-62.668, 48.2784
-62.333, 48.2784
-61.998, 48.2783
-61.663, 48.2783
-61.327, 48.2783
-60.992, 48.2783
-60.657, 48.2783
-60.322, 48.2783
-59.986, 48.2783
-59.651, 48.2784
-59.316, 48.2784
-58.98, 48.2785
-58.645, 48.2785
-58.31, 48.2786
-57.975, 48.2787
-57.639, 48.2787
-57.304, 48.2788
-56.969, 48.2789
-56.634, 48.279
-56.298, 48.2791
-55.963, 48.2792
-55.628, 48.2793
-55.292, 48.2794
-54.957, 48.2795
-54.622, 48.2796
-54.287, 48.2797
-53.951, 48.2798
-53.616, 48.2799
-53.281, 48.28
-52.946, 48.2801
-52.61, 48.2801
-52.275, 48.2802
-51.94, 48.2803
-51.604, 48.2804
-51.269, 48.2804
-50.934, 48.2805
-50.599, 48.2805
-50.263, 48.2801
-49.928, 48.2788
-49.593, 48.2764
-49.258, 48.2683
-48.922, 48.2397
-48.588, 48.1675
-48.254, 48.025
-47.922, 47.7912
-47.592, 47.4606
-47.265, 47.0488
-46.942, 46.5867
-46.622, 46.1177
-46.305, 45.6838
-45.99, 45.3009
-45.678, 44.9679
-45.367, 44.6824
-45.058, 44.4414
-44.749, 44.2409
-44.442, 44.0756
-44.135, 43.942
-43.83, 43.8355
-43.525, 43.7513
-43.22, 43.6843
-42.917, 43.63
-42.614, 43.5842
-42.311, 43.5479
-42.009, 43.5222
-41.706, 43.5073
-41.404, 43.5016
-41.102, 43.4972
-40.8, 43.4825
-40.498, 43.4428
-40.197, 43.3585
-39.897, 43.2092
-39.598, 42.9805
-39.301, 42.6687
-39.007, 42.2903
-38.716, 41.8727
-38.428, 41.4519
-38.143, 41.0638
-37.859, 40.7231
-37.578, 40.4296
-37.298, 40.1828
-37.019, 39.977
-36.741, 39.8078
-36.464, 39.6708
-36.188, 39.5608
-35.913, 39.4732
-35.639, 39.404
-35.365, 39.3493
-35.091, 39.3062
-34.818, 39.2721
-34.546, 39.2424
-34.273, 39.207
-34.001, 39.1543
-33.73, 39.071
-33.459, 38.9428
-33.19, 38.7577
-32.922, 38.511
-32.656, 38.2074
-32.393, 37.8638
-32.132, 37.5027
-31.873, 37.1508
-31.617, 36.8324
-31.362, 36.5568
-31.109, 36.322
-30.857, 36.1239
-30.606, 35.9586
-30.356, 35.8223
-30.107, 35.7103
-29.859, 35.6184
-29.611, 35.5427
-29.364, 35.4799
-29.118, 35.4232
-28.872, 35.3621
-28.627, 35.2863
-28.383, 35.1849
-28.139, 35.0474
-27.896, 34.866
-27.655, 34.6377
-27.416, 34.3669
-27.179, 34.0649
-26.944, 33.7493
-26.711, 33.4393
-26.481, 33.1535
-26.251, 32.9043
-26.023, 32.691
-25.796, 32.5101
-25.571, 32.3586
-25.346, 32.2325
-25.122, 32.1279
-24.898, 32.0406
-24.676, 31.9625
-24.454, 31.8835
-24.233, 31.7932
-24.013, 31.6824
-23.793, 31.5426
-23.575, 31.367
-23.359, 31.1535
-23.144, 30.9055
-22.93, 30.632
-22.719, 30.3464
-22.51, 30.0635
-22.302, 29.7982
-22.096, 29.5619
-21.891, 29.3586
-21.687, 29.1858
-21.485, 29.04
-21.283, 28.9175
-21.082, 28.8128
-20.882, 28.7173
-20.683, 28.6221
-20.484, 28.518
-20.287, 28.3967
-20.09, 28.2512
-19.895, 28.0765
-19.701, 27.8713
-19.509, 27.6385
-19.318, 27.3855
-19.129, 27.1237
-18.942, 26.8657
-18.756, 26.6231
-18.572, 26.4044
-18.389, 26.2137
-18.207, 26.0509
-18.026, 25.9124
-17.846, 25.7909
-17.667, 25.6785
-17.489, 25.5685
-17.311, 25.4544
-17.135, 25.3292
-16.959, 25.1874
-16.784, 25.0247
-16.611, 24.838
-16.439, 24.6277
-16.269, 24.3975
-16.101, 24.1546
-15.934, 23.9079
-15.769, 23.6669
-15.605, 23.4394
-15.443, 23.2311
-15.282, 23.0447
-15.122, 22.8797
-14.963, 22.7335
-14.805, 22.6003
-14.648, 22.4733
-14.492, 22.3455
-14.337, 22.2115
-14.183, 22.066
-14.03, 21.9049
-13.879, 21.7263
-13.729, 21.5301
-13.58, 21.3183
-13.433, 21.094
-13.287, 20.8647
-13.143, 20.6393
-13, 20.424
-12.859, 20.2234
-12.719, 20.0393
-12.581, 19.8713
-12.443, 19.7173
-12.306, 19.574
-12.171, 19.4372
-12.036, 19.3025
-11.903, 19.1656
-11.77, 19.0221
-11.639, 18.8679
-11.508, 18.7001
-11.379, 18.5173
-11.251, 18.3195
-11.125, 18.11
-11, 17.8938
-10.877, 17.676
-10.755, 17.4602
-10.634, 17.2501
-10.515, 17.0488
-10.397, 16.8588
-10.281, 16.6814
-10.165, 16.5171
-10.051, 16.3659
-9.938, 16.2252
-9.825, 16.0908
-9.714, 15.9575
-9.603, 15.8203
-9.494, 15.6745
-9.386, 15.5162
-9.279, 15.3434
-9.173, 15.1554
-9.069, 14.9541
-8.966, 14.7432
-8.865, 14.5282
-8.764, 14.3164
-8.666, 14.1144
-8.568, 13.9274
-8.472, 13.758
-8.377, 13.6068
-8.283, 13.472
-8.189, 13.3503
-8.097, 13.2376
-8.005, 13.1294
-7.895, 13.024
-7.784, 12.9304
-7.674, 12.8513
-7.564, 12.784
-7.454, 12.7255
-7.345, 12.6746
-7.236, 12.63
-7.127, 12.5888
-7.018, 12.5512
-6.91, 12.5149
-6.802, 12.4784
-6.693, 12.4407
-6.586, 12.4014
-6.478, 12.3603
-6.371, 12.3174
-6.264, 12.2729
-6.158, 12.2335
-6.051, 12.2118
-5.945, 12.2038
-5.838, 12.212
-5.731, 12.2396
-5.623, 12.2879
-5.515, 12.3554
-5.406, 12.4406
-5.296, 12.5411
-5.185, 12.6544
-5.073, 12.7776
-4.959, 12.9083
-4.845, 13.0442
-4.729, 13.1829
-4.612, 13.3223
-4.494, 13.4606
-4.374, 13.5962
-4.254, 13.7276
-4.132, 13.8548
-4.008, 13.9849
-3.884, 14.1204
-3.758, 14.2608
-3.631, 14.4047
-3.502, 14.5502
-3.372, 14.6952
-3.24, 14.8373
-3.107, 14.9748
-2.973, 15.1053
-2.838, 15.2272
-2.702, 15.3395
-2.565, 15.4416
-2.426, 15.5337
-2.287, 15.6153
-2.147, 15.6868
-2.006, 15.7495
-1.864, 15.8032
-1.722, 15.8435
-1.579, 15.8631
-1.436, 15.8532
-1.293, 15.8073
-1.151, 15.7235
-1.01, 15.6056
-0.869, 15.464
-0.73, 15.3131
-0.592, 15.1689
-0.454, 15.0436
-0.317, 14.9384
-0.181, 14.8521
-0.045, 14.7838
0.091, 14.7316
0.227, 14.6937
0.362, 14.6672
0.497, 14.6493
0.631, 14.6376
0.766, 14.6298
0.9, 14.6247
1.035, 14.6219
1.17, 14.6215
1.305, 14.6241
1.44, 14.6302
1.576, 14.64
1.711, 14.6532
1.847, 14.6691
1.983, 14.6867
2.12, 14.7049
2.256, 14.7229
2.393, 14.7397
2.529, 14.7549
2.667, 14.7684
2.804, 14.7806
2.942, 14.7922
3.08, 14.8037
3.218, 14.8153
3.357, 14.8271
3.495, 14.8388
3.634, 14.85
3.773, 14.8599
3.912, 14.8681
4.052, 14.8756
4.191, 14.8825
4.331, 14.8887
4.47, 14.8946
4.61, 14.9004
4.75, 14.9062
4.89, 14.9123
5.03, 14.9185
5.17, 14.9245
5.309, 14.9298
5.449, 14.934
5.589, 14.9365
5.728, 14.937
5.868, 14.9356
6.007, 14.9324
6.147, 14.928
6.286, 14.923
6.425, 14.9182
6.564, 14.9141
6.703, 14.9111
6.842, 14.9096
6.98, 14.9097
7.119, 14.9115
7.257, 14.9129
7.395, 14.9122
7.533, 14.9106
7.671, 14.9084
7.809, 14.9056
7.946, 14.9021
8.071, 14.8982
8.187, 14.8946
8.302, 14.892
8.418, 14.8909
8.534, 14.8903
8.65, 14.8905
8.766, 14.8937
8.881, 14.9042
8.997, 14.9226
9.112, 14.9486
9.228, 14.9813
9.343, 15.0203
9.457, 15.0645
9.572, 15.1165
9.686, 15.1865
9.801, 15.2773
9.915, 15.3883
10.031, 15.5187
10.146, 15.6677
10.263, 15.8333
10.38, 16.0131
10.499, 16.2048
10.618, 16.406
10.738, 16.6142
10.86, 16.8271
10.982, 17.0425
11.106, 17.2585
11.231, 17.4736
11.358, 17.6863
11.485, 17.8957
11.614, 18.1012
11.744, 18.3025
11.875, 18.4996
12.008, 18.6927
12.141, 18.8818
12.276, 19.0678
12.412, 19.2513
12.549, 19.442
12.687, 19.6495
12.826, 19.8745
12.968, 20.1161
13.111, 20.3717
13.255, 20.6374
13.402, 20.9089
13.55, 21.1818
13.7, 21.4521
13.851, 21.7175
14.005, 21.9753
14.16, 22.2171
14.316, 22.4415
14.473, 22.6517
14.632, 22.8495
14.792, 23.0356
14.954, 23.2111
15.116, 23.3769
15.28, 23.5338
15.444, 23.6826
15.61, 23.8237
15.777, 23.9585
15.944, 24.0883
16.112, 24.2108
16.281, 24.3259
16.451, 24.4339
16.621, 24.5352
16.792, 24.6307
16.963, 24.7212
17.136, 24.8077
17.309, 24.8911
17.482, 24.9723
17.656, 25.0522
17.831, 25.1312
18.006, 25.2097
18.181, 25.2873
18.357, 25.3632
18.534, 25.4393
18.711, 25.5168
18.889, 25.5964
19.068, 25.6791
19.247, 25.7653
19.427, 25.8556
19.607, 25.9478
19.788, 26.0374
19.969, 26.1224
20.151, 26.2008
20.333, 26.2715
20.516, 26.3339
20.699, 26.3882
20.883, 26.4354
21.067, 26.4771
21.251, 26.5153
21.436, 26.561
21.621, 26.6227
21.806, 26.7017
21.992, 26.7982
22.179, 26.9115
22.367, 27.0396
22.556, 27.1797
22.746, 27.3299
22.936, 27.4883
23.128, 27.652
23.321, 27.8192
23.515, 27.9883
23.71, 28.1582
23.906, 28.3282
24.103, 28.4978
24.302, 28.6664
24.501, 28.8338
24.702, 28.9997
24.904, 29.1662
25.107, 29.3422
25.312, 29.5302
25.517, 29.7301
25.725, 29.9398
25.934, 30.1568
26.144, 30.378
26.356, 30.6
26.569, 30.8197
26.784, 31.0342
27, 31.2448
27.218, 31.4482
27.437, 31.6416
27.657, 31.8245
27.879, 31.9971
28.101, 32.16
28.325, 32.3136
28.55, 32.4589
28.776, 32.5967
29.003, 32.7276
29.23, 32.8524
29.459, 32.9718
29.688, 33.0865
29.918, 33.1969
30.149, 33.3038
30.381, 33.4079
30.613, 33.5098
30.846, 33.6102
31.08, 33.71
31.314, 33.8096
31.549, 33.9096
31.785, 34.0105
32.022, 34.1125
32.259, 34.2158
32.497, 34.3207
32.736, 34.4271
32.975, 34.5351
33.215, 34.6448
33.456, 34.7562
33.698, 34.8695
33.941, 34.9847
34.184, 35.1018
34.428, 35.2208
34.673, 35.3417
34.919, 35.4643
35.166, 35.5885
35.414, 35.7141
35.662, 35.8409
35.911, 35.9688
36.162, 36.0977
36.413, 36.2275
36.665, 36.3581
36.918, 36.4893
37.172, 36.621
37.426, 36.7531
37.682, 36.8855
37.939, 37.018
38.196, 37.1505
38.455, 37.2829
38.714, 37.415
38.974, 37.5468
39.235, 37.6782
39.498, 37.8092
39.761, 37.9398
40.025, 38.0701
40.289, 38.2001
40.555, 38.3297
40.822, 38.459
41.089, 38.588
41.358, 38.7166
41.627, 38.8448
41.897, 38.9725
42.168, 39.0997
42.44, 39.2265
42.713, 39.3529
42.987, 39.4788
43.261, 39.6043
43.537, 39.7295
43.813, 39.8544
44.09, 39.9789
44.368, 40.1031
44.647, 40.2269
44.927, 40.3504
45.208, 40.4734
45.489, 40.596
45.772, 40.7182
46.055, 40.8399
46.339, 40.9614
46.624, 41.0825
46.909, 41.2032
47.196, 41.3237
47.483, 41.4438
47.772, 41.5637
48.061, 41.6832
48.35, 41.8023
48.641, 41.9211
48.933, 42.0395
49.225, 42.1575
49.518, 42.2752
49.812, 42.3925
50.107, 42.5096
50.403, 42.6264
50.699, 42.7428
50.996, 42.859
51.294, 42.9749
51.593, 43.0904
51.893, 43.2057
52.193, 43.3206
52.494, 43.436
52.796, 43.5578
53.099, 43.6886
53.403, 43.8276
53.708, 43.973
54.014, 44.1227
54.321, 44.2744
54.629, 44.4262
54.939, 44.5764
55.249, 44.7235
55.56, 44.8681
55.872, 45.01
56.185, 45.1476
56.499, 45.2811
56.813, 45.4107
57.129, 45.5371
57.446, 45.6608
57.763, 45.7821
58.082, 45.9014
58.401, 46.0189
58.721, 46.1348
59.042, 46.2491
59.363, 46.3619
59.685, 46.4731
60.008, 46.583
60.332, 46.6917
60.657, 46.7993
60.982, 46.9061
61.308, 47.0122
61.635, 47.1178
61.963, 47.223
62.291, 47.3278
62.62, 47.4321
62.95, 47.5359
63.28, 47.6392
63.612, 47.7418
63.943, 47.8439
64.276, 47.9455
64.609, 48.0467
64.943, 48.1475
65.278, 48.2481
65.613, 48.3486
65.95, 48.4489
66.286, 48.5491
66.624, 48.649
66.962, 48.7487
67.301, 48.848
67.64, 48.9469
67.981, 49.0454
68.322, 49.1437
68.663, 49.2416
69.005, 49.3394
69.348, 49.4367
69.692, 49.5325
70.036, 49.6255
70.381, 49.7145
70.727, 49.798
71.073, 49.8756
71.419, 49.9487
71.766, 50.0172
72.114, 50.0808
72.462, 50.139
72.81, 50.1913
73.159, 50.2378
73.508, 50.2787
73.857, 50.3106
74.206, 50.3268
74.556, 50.3189
74.905, 50.2784
75.253, 50.1992
75.601, 50.0807
75.948, 49.929
76.293, 49.7565
76.637, 49.5798
76.98, 49.4157
77.322, 49.2729
77.664, 49.151
78.004, 49.0482
78.345, 48.9638
78.685, 48.8963
79.025, 48.844
79.364, 48.8055
79.703, 48.7788
80.042, 48.7618
80.381, 48.7525
80.719, 48.749
81.057, 48.7501
81.396, 48.7547
81.734, 48.7624
82.073, 48.773
82.412, 48.7867
82.751, 48.8032
83.09, 48.8224
83.429, 48.8436
83.769, 48.8663
84.108, 48.8895
84.448, 48.9123
84.787, 48.934
85.127, 48.9541
85.467, 48.9724
85.807, 48.9888
86.147, 49.0035
86.488, 49.017
86.828, 49.0294
87.169, 49.0408
87.51, 49.0511
87.85, 49.06
88.191, 49.0675
88.532, 49.0728
88.872, 49.0747
89.213, 49.0724
89.554, 49.0649
89.894, 49.0515
90.235, 49.0318
90.575, 49.0055
90.915, 48.9731
91.255, 48.9352
91.595, 48.8932
91.934, 48.8486
92.273, 48.8032
92.612, 48.7589
92.95, 48.7174
93.288, 48.6801
93.626, 48.6474
93.964, 48.619
94.302, 48.5946
94.639, 48.5739
94.977, 48.5566
95.314, 48.5422
95.651, 48.5302
95.988, 48.5201
96.325, 48.5113
96.662, 48.5037
96.998, 48.4969
97.335, 48.491
97.672, 48.4858
98.009, 48.4815
98.345, 48.478
98.682, 48.4751
99.019, 48.4727
99.355, 48.4706
99.692, 48.4687
100.028, 48.4668
100.365, 48.4647
100.701, 48.4624
101.038, 48.4599
101.374, 48.4573
101.711, 48.4547
102.047, 48.4521
102.384, 48.4497
102.72, 48.4475
103.057, 48.4455
103.393, 48.4435
103.73, 48.4413
104.066, 48.439
104.402, 48.4364
104.739, 48.4334
105.075, 48.4303
105.411, 48.4269
105.748, 48.4235
106.084, 48.42
106.42, 48.4167
106.756, 48.4135
107.093, 48.4103
107.429, 48.4071
107.765, 48.4038
108.101, 48.4004
108.437, 48.3967
108.773, 48.3929
109.109, 48.3889
109.445, 48.3849
109.781, 48.3809
110.117, 48.377
110.453, 48.3732
110.789, 48.3697
111.125, 48.3662
111.461, 48.3628
111.797, 48.3594
112.133, 48.356
112.468, 48.3525
112.804, 48.349
113.14, 48.3455
113.476, 48.3421
113.811, 48.3388
114.147, 48.3357
114.483, 48.3328
114.818, 48.3301
115.154, 48.3276
115.49, 48.3252
115.825, 48.3228
116.161, 48.3205
116.496, 48.3183
116.832, 48.316
117.167, 48.3139
117.503, 48.3118
117.838, 48.3099
118.174, 48.3082
118.509, 48.3067
118.845, 48.3054
119.18, 48.3042
119.516, 48.3031
119.851, 48.302
120.186, 48.301
120.522, 48.3
120.857, 48.2991
121.193, 48.2982
121.528, 48.2974
121.864, 48.2967
122.199, 48.2961
122.534, 48.2957
122.87, 48.2954
123.205, 48.2951
123.54, 48.2949
123.876, 48.2947
124.211, 48.2945
124.547, 48.2943
124.882, 48.294
125.217, 48.2938
125.553, 48.2937
125.888, 48.2936
126.223, 48.2935
126.559, 48.2935
126.894, 48.2936
127.23, 48.2937
127.565, 48.2937
127.9, 48.2938
128.236, 48.2938
128.571, 48.2937
128.906, 48.2936
129.242, 48.2935
129.577, 48.2935
129.913, 48.2934
130.248, 48.2934
130.583, 48.2934
130.919, 48.2934
131.254, 48.2933
131.589, 48.2933
131.925, 48.2932
132.26, 48.293
132.596, 48.2928
132.931, 48.2926
133.266, 48.2923
133.602, 48.2921
133.937, 48.2919
134.272, 48.2917
134.608, 48.2915
134.943, 48.2913
135.278, 48.291
135.614, 48.2908
135.949, 48.2905
136.284, 48.2901
136.62, 48.2898
136.955, 48.2894
137.291, 48.2891
137.626, 48.2887
137.961, 48.2884
138.297, 48.2881
138.632, 48.2878
138.967, 48.2875
139.303, 48.2871
139.638, 48.2868
139.973, 48.2865
140.309, 48.2861
140.644, 48.2858
140.979, 48.2854
141.314, 48.2851
141.65, 48.2848
141.985, 48.2845
142.32, 48.2842
142.656, 48.284
142.991, 48.2838
143.326, 48.2835
143.662, 48.2833
143.997, 48.2831
144.332, 48.2828
144.668, 48.2826
145.003, 48.2824
145.338, 48.2822
145.673, 48.282
146.009, 48.2819
146.344, 48.2818
146.679, 48.2816
147.015, 48.2816
147.35, 48.2815
147.685, 48.2814
148.02, 48.2813
148.356, 48.2812
148.691, 48.2811
149.026, 48.281
149.362, 48.281
149.697, 48.2809
150.032, 48.2809
150.367, 48.2809
150.703, 48.2809
151.038, 48.2809
151.373, 48.2809
151.709, 48.2809
152.044, 48.2809
152.379, 48.2809
152.714, 48.2809
153.05, 48.281
153.385, 48.281
153.72, 48.281
154.056, 48.281
154.391, 48.2811
154.726, 48.2811
155.061, 48.2812
155.397, 48.2812
155.732, 48.2812
156.067, 48.2812
156.403, 48.2813
156.738, 48.2813
157.073, 48.2813
157.408, 48.2813
157.744, 48.2813
158.079, 48.2813
158.414, 48.2814
158.75, 48.2814
159.085, 48.2814
159.42, 48.2814
159.756, 48.2814
160.091, 48.2814
160.426, 48.2814
160.761, 48.2814
161.097, 48.2814
161.432, 48.2814
161.767, 48.2814
162.103, 48.2814
162.438, 48.2813
162.773, 48.2813
163.108, 48.2813
163.444, 48.2813
163.779, 48.2813
164.114, 48.2812
164.45, 48.2812
164.785, 48.2812
165.12, 48.2811
165.455, 48.2811
165.791, 48.2811
166.126, 48.281
166.461, 48.281
166.797, 48.281
167.132, 48.2809
167.467, 48.2809
167.802, 48.2809
168.138, 48.2808
168.473, 48.2808
168.808, 48.2807
169.144, 48.2807
169.479, 48.2807
169.814, 48.2806
170.149, 48.2806
170.485, 48.2806
170.82, 48.2806
171.155, 48.2805
171.491, 48.2805
171.826, 48.2805
172.161, 48.2805
172.496, 48.2804
172.832, 48.2804
173.167, 48.2804
173.502, 48.2804
173.838, 48.2804
174.173, 48.2803
174.508, 48.2803
174.843, 48.2803
175.179, 48.2803
175.514, 48.2803
175.849, 48.2803
176.184, 48.2803
176.52, 48.2803
176.855, 48.2803
177.19, 48.2803
177.526, 48.2803
177.861, 48.2803
178.196, 48.2803
178.531, 48.2803
178.867, 48.2803
179.202, 48.2803
179.537, 48.2803
179.873, 48.2803
180.208, 48.2803
180.543, 48.2803
180.878, 48.2803
181.214, 48.2803
181.549, 48.2803
181.884, 48.2803
182.22, 48.2803
182.555, 48.2803
182.89, 48.2803
183.225, 48.2803
183.561, 48.2804
183.896, 48.2804
184.231, 48.2804
184.567, 48.2804
184.902, 48.2804
185.237, 48.2804
185.572, 48.2804
185.908, 48.2804
186.243, 48.2804
186.578, 48.2804
186.913, 48.2804
187.249, 48.2804
187.584, 48.2804
187.919, 48.2804
188.255, 48.2804
188.59, 48.2804
188.925, 48.2804
189.26, 48.2804
189.596, 48.2804
189.931, 48.2804
190.266, 48.2804
190.602, 48.2804
190.937, 48.2804
191.272, 48.2804
191.607, 48.2804
191.943, 48.2804
192.278, 48.2804
192.613, 48.2804
192.949, 48.2804
193.284, 48.2804
193.619, 48.2804
193.954, 48.2804
194.29, 48.2804
194.625, 48.2804
194.96, 48.2804
195.296, 48.2804
195.631, 48.2804
195.966, 48.2804
196.301, 48.2803
196.637, 48.2803
196.972, 48.2803
197.307, 48.2803
197.642, 48.2803
197.978, 48.2803
198.313, 48.2803
198.648, 48.2803
198.984, 48.2803
199.319, 48.2803
ENDTABLE

#EMBEDDED_NOTES
#This dataset for the speed of the Bus comes from a TruckSim run of the same intersection using the "Speed Control from Path Preview" controller to set the target speed.
#
#The output data was then copied into this dataset to create a realistic speed profile for the bus.
#END_EMBEDDED_NOTES

LOG_ENTRY Used Dataset: Control: Speed (Closed Loop) Using Target Speed; { Speed vs. Station } 3-Way Intersection: 30 mph Bus
#Library : Control: Speed (Closed Loop) Using Target Speed
#DataSet : 3-Way Intersection: 30 mph Bus
#Category: Speed vs. Station
#FileID  : SpdTime_1a6854b3-657e-4ef2-b122-0a150878ccdb
#Product : TruckSim 2020.1
#VehCode Target Speed

END
