PARSFILE
#FullDataName Control: Speed (Closed Loop) Using Target Speed`Exit Left onto Jackson`Speed vs. Station
SET_ISPEED_FOR_ID 0
set_description SPEED_TARGET_ID Exit Left onto Jackson
#CheckBox2 0    
#CheckBox3 0    
*SCALAR 0
#RingCtrl0 CONSTANT
#RingCtrl1 LINEAR
#RingCtrl2 ADD
SPEED_TARGET_COMBINE ADD
#RingCtrl3 1
#RadioCtrl0 0    
#RadioCtrl1 0    

SPEED_TARGET_CONSTANT 0
#DiagramOne1
SPEED_TARGET_S_TABLE LINEAR
0, 120
6.662981987, 119.9264832
13.32540512, 119.9100342
19.98758316, 119.9184723
26.64975548, 119.9203644
33.31188583, 119.9193497
39.97406006, 119.9192505
46.63623047, 119.9194031
53.29840088, 119.9194641
59.9605751, 119.9194946
66.62275696, 119.9195328
73.284935, 119.9195786
79.94712067, 119.9196167
86.60930634, 119.9196548
93.27149963, 119.9197006
99.93369293, 119.9197388
106.5958786, 119.9197769
113.2580719, 119.9198151
119.9202652, 119.9198532
126.5824585, 119.919899
133.2446594, 119.9199371
139.9068756, 119.9199753
146.5690765, 119.9200134
153.2312927, 119.9200516
159.8934937, 119.9200897
166.5557098, 119.9201202
173.2179108, 119.9201584
179.880127, 119.9201965
186.5423431, 119.9202347
193.2045593, 119.9202652
199.8667755, 119.9203033
206.5289917, 119.9203415
213.1912079, 119.920372
219.8534241, 119.9204102
226.5156555, 119.9204407
233.1778717, 119.9204788
239.8401031, 119.9205093
246.5023346, 119.9205399
253.164566, 119.920578
259.8267822, 119.9206085
266.4890442, 119.920639
273.1512756, 119.9206696
279.8135071, 119.9207001
286.4757385, 119.9207382
293.13797, 119.9207687
299.8002319, 119.9207993
306.4624634, 119.9208298
313.1247253, 119.9208603
319.7869568, 119.9208908
326.4492188, 119.9209137
333.1114502, 119.9209442
339.7737122, 119.9209747
346.4359741, 119.9210052
353.0982361, 119.9210358
359.7604675, 119.9210587
366.4227295, 119.9210892
373.0849915, 119.9211197
379.7472534, 119.9211426
386.4095459, 119.9211731
393.0718079, 119.921196
399.7340698, 119.9212265
406.3963318, 119.9212494
413.0586243, 119.9212799
419.7208862, 119.9213028
426.3831787, 119.9213257
433.0454407, 119.9213562
439.7077332, 119.9213791
446.3700256, 119.921402
453.0322876, 119.9214249
459.6945801, 119.9214478
466.3568726, 119.9214783
473.019165, 119.9215012
479.6814575, 119.921524
486.34375, 119.9215469
493.0060425, 119.9215698
499.668335, 119.9215927
506.330658, 119.9216156
512.992981, 119.9216385
519.6552734, 119.9216537
526.3175659, 119.9216766
532.9798584, 119.9216995
539.6421509, 119.9217224
546.3045044, 119.9217377
552.9667969, 119.9217606
559.6290894, 119.9217834
566.2914429, 119.9217987
572.9537354, 119.9218216
579.6160889, 119.9218445
586.2783813, 119.9218597
592.9407349, 119.9218826
599.6030273, 119.9218979
606.2653809, 119.9219208
612.9276733, 119.921936
619.5900269, 119.9219513
626.2523193, 119.9219742
632.9146729, 119.9219894
639.5769653, 119.9220047
646.2393188, 119.9220276
652.9016724, 119.9220428
659.5639648, 119.9220581
666.2263184, 119.9220734
672.8886719, 119.9220886
679.5509644, 119.9221039
686.2133179, 119.9221191
692.8756714, 119.9221344
699.5379639, 119.9221497
706.2003174, 119.9221573
712.8626709, 119.9221725
719.5250854, 119.9221802
726.187439, 119.9221878
732.8497925, 119.9221954
739.512146, 119.9222031
746.1744995, 119.9222107
752.836792, 119.922226
759.4990845, 119.9222412
766.1613159, 119.9222565
772.8235474, 119.9222717
779.4857788, 119.922287
786.1479492, 119.9223022
792.8101807, 119.9223251
799.4723511, 119.9223404
806.1345825, 119.9223557
812.7967529, 119.9223709
819.4589233, 119.9223862
826.1210938, 119.9224014
832.7833252, 119.9224091
839.4454956, 119.9224243
846.1077271, 119.9224319
852.7699585, 119.9224319
859.4321899, 119.9224396
866.0944214, 119.9224472
872.7567139, 119.9224548
879.4190063, 119.9224625
886.0813599, 119.9224777
892.7437134, 119.9224854
899.4060669, 119.9225006
906.0684204, 119.9225082
912.7307739, 119.9225159
919.3931274, 119.9225311
926.055481, 119.9225388
932.7178345, 119.9225464
939.380188, 119.922554
946.0425415, 119.9225235
952.7049561, 119.9224777
959.3673096, 119.9223938
966.0297241, 119.922287
972.6920776, 119.922142
979.3544312, 119.9220123
986.0168457, 119.9218521
992.678772, 119.922348
999.3413696, 119.92202
1006.003601, 119.9232483
1012.665405, 119.9233856
1019.327087, 119.9250107
1025.98877, 119.9264603
1032.650146, 119.9277191
1039.311035, 119.9284973
1045.971069, 119.928421
1052.630981, 119.9278259
1059.291016, 119.9265366
1065.951172, 119.9246292
1072.611816, 119.9221649
1079.273193, 119.9191589
1085.935547, 119.9156342
1092.598755, 119.8312683
1099.12085, 114.8192749
1105.347046, 109.2593002
1111.274292, 103.9632416
1116.90271, 98.62689209
1122.271851, 95.02328491
1127.502686, 93.23261261
1132.642334, 91.73573303
1137.700317, 90.27748871
1142.677246, 88.82009888
1147.57312, 87.35921478
1152.387695, 85.8939743
1157.120728, 84.4245224
1161.771973, 82.9509964
1166.341309, 81.47353363
1170.828491, 79.99245453
1175.233521, 78.50888824
1179.560791, 77.02480316
1183.805054, 75.54199219
1187.965942, 74.04681396
1192.040283, 72.47312927
1196.029541, 71.02039337
1199.937378, 69.56233978
1203.762451, 68.07447815
1207.503784, 66.57363129
1211.160645, 65.06765747
1214.733154, 63.56094742
1218.221313, 62.05384445
1221.625, 60.5302887
1224.9375, 58.79635239
1228.158813, 57.32645798
1231.302002, 55.92079926
1234.363525, 54.42877579
1237.341064, 52.91090393
1240.233398, 51.38378525
1243.039795, 49.86764526
1245.737305, 48.39253616
1248.329102, 47.03103256
1250.833618, 45.84613419
1253.262573, 44.87504578
1255.682007, 44.19927216
1258.07312, 43.72977448
1260.439087, 43.36564636
1262.784424, 42.97315598
1265.096313, 42.15780258
1267.371582, 41.53901291
1269.633057, 40.93070602
1271.857422, 40.04498291
1274.031616, 38.94841003
1276.143677, 37.65874481
1278.184814, 36.23884583
1280.148071, 34.72768402
1282.030029, 33.1656189
1283.827026, 31.56020546
1285.536255, 29.81855392
1287.137573, 27.73290443
1288.648438, 26.46817017
1290.09375, 25.26954079
1291.638672, 23.9636097
1293.230835, 22.7280426
1294.708984, 20.31290627
1296.041992, 18.43318939
1297.317749, 18.30716133
1298.558838, 18.04177475
1299.780029, 17.52306175
1300.963379, 17.09045601
1302.134033, 17.18240547
1303.335083, 17.82265854
1304.555054, 17.89213753
1305.807739, 18.8966732
1307.117432, 19.32812309
1308.450195, 20.10244179
1309.861816, 21.33821106
1311.308105, 22.04045105
1312.661499, 23.67776871
1313.999634, 24.18478966
1315.396484, 25.97134018
1316.897461, 27.69499779
1318.452759, 28.32389641
1320.078613, 30.13786316
1321.782104, 31.18961906
1323.559448, 32.81381989
1325.414917, 34.04374695
1327.345947, 35.53020096
1329.353149, 36.85352707
1331.436646, 38.30679703
1333.606201, 39.87634277
1335.845703, 41.03455734
1338.15918, 42.49315643
1340.557739, 43.86381912
1343.032593, 45.22372437
1345.58313, 46.58883286
1348.209351, 47.94680786
1350.911011, 49.30760193
1353.688354, 50.67024231
1356.541382, 52.0362587
1359.470703, 53.41036606
1362.47644, 54.79019547
1365.558838, 56.16985321
1368.717896, 57.5487709
1371.953613, 58.9296875
1375.266113, 60.31376648
1378.655518, 61.70047379
1382.121948, 63.08460236
1385.665161, 64.46322632
1389.284668, 65.83189392
1392.97998, 67.19028473
1396.75061, 68.54934692
1400.596924, 69.9107666
1404.518921, 71.27536774
1408.516846, 72.64428711
1412.590942, 74.01784515
1416.741455, 75.39513397
1420.968506, 76.77519226
1425.272339, 78.15740967
1429.652954, 79.54149628
1434.110474, 80.92631531
1438.64502, 82.31186676
1443.25647, 83.69804382
1447.944946, 85.08479309
1452.710449, 86.46994781
1457.552856, 87.85501862
1462.479004, 89.55220795
1467.49353, 90.8326416
1472.567871, 91.90100098
1477.70752, 93.11717224
1482.914795, 94.35181427
1488.191528, 95.61491394
1493.539185, 96.90804291
1498.959229, 98.21060181
1504.451294, 99.50398254
1510.015015, 100.7926483
1515.650146, 102.0777283
1521.356689, 103.3604965
1527.134399, 104.6414413
1532.983154, 105.9204407
1538.902954, 107.1966019
1544.893433, 108.4686966
1550.954468, 109.735672
1557.085693, 110.9967499
1563.286865, 112.2517471
1569.557495, 113.5008698
1575.897339, 114.7446899
1582.306152, 115.9840546
1588.783691, 117.2200089
1595.329834, 118.4529266
1601.941772, 119.5564194
1608.602417, 120.0545578
1615.266357, 119.8612289
1621.926758, 119.9047775
1628.586792, 119.9028091
1635.247192, 119.8987656
1641.907837, 119.9016418
1648.568604, 119.9058075
1655.229492, 119.9090576
1661.890503, 119.9119339
1668.551636, 119.9147415
1675.212891, 119.9175186
1681.874512, 119.9187927
1688.536743, 119.9190979
1695.198975, 119.9191895
1701.861084, 119.9190979
1708.523315, 119.9191437
1715.185547, 119.9191284
1721.847656, 119.9191284
1728.509888, 119.9191284
1735.171997, 119.9191284
1741.834229, 119.9191284
1748.496338, 119.9191284
1755.158569, 119.9191284
1761.820679, 119.9191284
1768.48291, 119.9191284
1775.14502, 119.9191284
1781.807251, 119.9191284
1788.46936, 119.9191284
1795.131592, 119.9191284
1801.793701, 119.9191284
1808.455933, 119.9191284
1815.118042, 119.9191284
1821.780273, 119.9191284
1828.442383, 119.9191284
1835.104614, 119.9191284
1841.766846, 119.9191284
1848.428955, 119.9191284
1855.091187, 119.9191284
1861.753296, 119.9191284
1868.415527, 119.9191284
1875.077637, 119.9191284
1881.739868, 119.9191284
1888.401978, 119.9191284
1895.064209, 119.9191284
1901.726318, 119.9191284
1908.38855, 119.9191284
1915.050659, 119.9191284
1921.712891, 119.9191284
1928.375, 119.9191284
1935.037231, 119.9191284
1941.699341, 119.9191284
1948.361572, 119.9191284
1955.023804, 119.9191284
1961.685913, 119.9191284
1968.348145, 119.9191284
1975.010254, 119.9191284
1981.672485, 119.9191284
1988.334595, 119.9191284
1994.996826, 119.9191284
ENDTABLE

#EMBEDDED_NOTES
#This target speed was taken from the output for the ego vehicle turning left onto Jackson Road (Path ID 2002).
#
#Since this Target Speed vs. Station dataset is intended to be used for traffic vehicles, the Closed Loop Speed Controller settings are not used.
#END_EMBEDDED_NOTES

LOG_ENTRY Used Dataset: Control: Speed (Closed Loop) Using Target Speed; { Speed vs. Station } Exit Left onto Jackson
#Library : Control: Speed (Closed Loop) Using Target Speed
#DataSet : Exit Left onto Jackson
#Category: Speed vs. Station
#FileID  : SpdTime_436e7ce2-3041-4a88-af48-eca983c09c91
#Product : TruckSim 2020.1
#VehCode Target Speed

END
