PARSFILE
#FullDataName Powertrain: Engine`7.5 kW  Engine`Mech. Sim. FSAE & Baja: Engines
#RingCtrl0 CARPET
#CheckBox0 0    
OPT_THROTTLE_DELAY 0

*3D_XLabel Throttle (-)
*3D_YLabel Engine speed (rpm)
*3D_ZLabel Engine torque (N-m)

#DiagramTwo0
*3D_DATA 20, 23 ! columns x rows
MENGINE_CARPET 2D_LINEAR
0, 0, 0.1, 0.15, 0.2, 0.25, 0.3, 0.35, 0.4, 0.45, 0.5, 0.55, 0.6, 0.65, 0.7, 0.75, 0.8, 0.85, 0.9, 0.95, 1
-10, 0, 0, 0, 0, 0, 0, 0, 0, 0, 0, 0, 0, 0, 0, 0, 0, 0, 0, 0, 0
0, 0, 0, 0, 0, 0, 0, 0, 0, 0, 0, 0, 0, 0, 0, 0, 0, 0, 0, 0, 0
600, -2, 2, 3, 4, 5, 6, 7, 8, 9, 10, 11, 12, 13, 14, 15, 16, 17, 18, 19, 20
800, -2.14, 2.14, 3.21, 4.28, 5.35, 6.42, 7.49, 8.56, 9.63, 10.7, 11.77, 12.84, 13.91, 14.98, 16.05, 17.12, 18.19, 19.26, 20.33, 21.4
1000, -2.2, 2.2, 3.3, 4.4, 5.5, 6.6, 7.7, 8.8, 9.9, 11, 12.1, 13.2, 14.3, 15.4, 16.5, 17.6, 18.7, 19.8, 20.9, 22
1200, -2.23485, 2.23485, 3.352275, 4.4697, 5.587125, 6.70455, 7.821975, 8.9394, 10.056825, 11.17425, 12.291675, 13.4091, 14.526525, 15.64395, 16.761375, 17.8788, 18.996225, 20.11365, 21.231075, 22.3485
1400, -2.2593, 2.2593, 3.38895, 4.5186, 5.64825, 6.7779, 7.90755, 9.0372, 10.16685, 11.2965, 12.42615, 13.5558, 14.68545, 15.8151, 16.94475, 18.0744, 19.20405, 20.3337, 21.46335, 22.593
1600, -2.29, 2.29, 3.435, 4.58, 5.725, 6.87, 8.015, 9.16, 10.305, 11.45, 12.595, 13.74, 14.885, 16.03, 17.175, 18.32, 19.465, 20.61, 21.755, 22.9
1800, -2.32, 2.32, 3.48, 4.64, 5.8, 6.96, 8.12, 9.28, 10.44, 11.6, 12.76, 13.92, 15.08, 16.24, 17.4, 18.56, 19.72, 20.88, 22.04, 23.2
2000, -2.3425, 2.3425, 3.51375, 4.685, 5.85625, 7.0275, 8.19875, 9.37, 10.54125, 11.7125, 12.88375, 14.055, 15.22625, 16.3975, 17.56875, 18.74, 19.91125, 21.0825, 22.25375, 23.425
2200, -2.362, 2.362, 3.543, 4.724, 5.905, 7.086, 8.267, 9.448, 10.629, 11.81, 12.991, 14.172, 15.353, 16.534, 17.715, 18.896, 20.077, 21.258, 22.439, 23.62
2400, -2.375, 2.375, 3.5625, 4.75, 5.9375, 7.125, 8.3125, 9.5, 10.6875, 11.875, 13.0625, 14.25, 15.4375, 16.625, 17.8125, 19, 20.1875, 21.375, 22.5625, 23.75
2600, -2.375, 2.375, 3.5625, 4.75, 5.9375, 7.125, 8.3125, 9.5, 10.6875, 11.875, 13.0625, 14.25, 15.4375, 16.625, 17.8125, 19, 20.1875, 21.375, 22.5625, 23.75
2800, -2.362, 2.362, 3.543, 4.724, 5.905, 7.086, 8.267, 9.448, 10.629, 11.81, 12.991, 14.172, 15.353, 16.534, 17.715, 18.896, 20.077, 21.258, 22.439, 23.62
3000, -2.34, 2.34, 3.51, 4.68, 5.85, 7.02, 8.19, 9.36, 10.53, 11.7, 12.87, 14.04, 15.21, 16.38, 17.55, 18.72, 19.89, 21.06, 22.23, 23.4
3200, -2.3, 2.3, 3.45, 4.6, 5.75, 6.9, 8.05, 9.2, 10.35, 11.5, 12.65, 13.8, 14.95, 16.1, 17.25, 18.4, 19.55, 20.7, 21.85, 23
3400, -2.255, 2.255, 3.3825, 4.51, 5.6375, 6.765, 7.8925, 9.02, 10.1475, 11.275, 12.4025, 13.53, 14.6575, 15.785, 16.9125, 18.04, 19.1675, 20.295, 21.4225, 22.55
3600, -2.209, 2.209, 3.3135, 4.418, 5.5225, 6.627, 7.7315, 8.836, 9.9405, 11.045, 12.1495, 13.254, 14.3585, 15.463, 16.5675, 17.672, 18.7765, 19.881, 20.9855, 22.09
3800, -2.15, 2.15, 3.225, 4.3, 5.375, 6.45, 7.525, 8.6, 9.675, 10.75, 11.825, 12.9, 13.975, 15.05, 16.125, 17.2, 18.275, 19.35, 20.425, 21.5
4000, -2, 2, 3, 4, 5, 6, 7, 8, 9, 10, 11, 12, 13, 14, 15, 16, 17, 18, 19, 20
4600, 0, 0, 0, 0, 0, 0, 0, 0, 0, 0, 0, 0, 0, 0, 0, 0, 0, 0, 0, 0
4800, -1.5, -1.5, -1.5, -1.5, -1.5, -1.5, -1.5, -1.5, -1.5, -1.5, -1.5, -1.5, -1.5, -1.5, -1.5, -1.5, -1.5, -1.5, -1.5, -1.5
5000, -1.5, -1.5, -1.5, -1.5, -1.5, -1.5, -1.5, -1.5, -1.5, -1.5, -1.5, -1.5, -1.5, -1.5, -1.5, -1.5, -1.5, -1.5, -1.5, -1.5
ENDTABLE

#RadioCtrl0 0    
#RadioCtrl1 0    

PARSFILE Generic\Group\GenGrp_efabcbad-be3a-48c3-a446-5dff753de8d2.par
#BlueLink1 Generic Data Group`Gasoline Engine (4 Cylinder)` Audio Sound Sets` , Miscellaneous`GenGrp_efabcbad-be3a-48c3-a446-5dff753de8d2

AV_ENG_IDLE 600
IENG 0.16

LOG_ENTRY Used Dataset: Powertrain: Engine; { Mech. Sim. FSAE & Baja: Engines } 7.5 kW  Engine
#Library : Powertrain: Engine
#DataSet : 7.5 kW  Engine
#Category: Mech. Sim. FSAE & Baja: Engines
#FileID  : Engine_9de6cb74-7576-448d-bb3d-22bcd1ff3db7
#Product : CarSim 2020.0
#VehCode 2D Table 

END
