PARSFILE
#FullDataName Powertrain: Engine`Mech. Sim. FSAE Engine`Mech. Sim. FSAE & Baja: Engines
#RingCtrl0 CARPET
#CheckBox0 0    
OPT_THROTTLE_DELAY 0

*3D_XLabel Throttle (-)
*3D_YLabel Engine speed (rpm)
*3D_ZLabel Engine torque (N-m)

#DiagramTwo0
*3D_DATA 11, 29 ! columns x rows
MENGINE_CARPET 2D_LINEAR
0, 0, 0.1, 0.2, 0.3, 0.4, 0.5, 0.6, 0.7, 0.8, 0.9, 1
0, 0, 0, 0, 0, 0, 0, 0, 0, 0, 0, 0
500, -0.012702375, 0.02540475, 0.0609714, 0.12702375, 0.1930761, 0.2642094, 0.304857, 0.368368875, 0.43188075, 0.4979331, 0.508095
1000, -0.125404725, 0.25080945, 0.60194268, 1.25404725, 1.90615182, 2.60841828, 3.0097134, 3.636737025, 4.26376065, 4.91586522, 5.016189
1500, -0.2381071, 0.4762142, 1.14291408, 2.381071, 3.61922792, 4.95262768, 5.7145704, 6.9051059, 8.0956414, 9.33379832, 9.524284
2000, -0.350809475, 0.70161895, 1.68388548, 3.50809475, 5.33230402, 7.29683708, 8.4194274, 10.17347478, 11.92752215, 13.75173142, 14.032379
2500, -0.463511825, 0.92702365, 2.22485676, 4.63511825, 7.04537974, 9.64104596, 11.1242838, 13.44184293, 15.75940205, 18.16966354, 18.540473
3000, -0.5762142, 1.1524284, 2.76582816, 5.762142, 8.75845584, 11.98525536, 13.8291408, 16.7102118, 19.5912828, 22.58759664, 23.048568
3500, -0.688916575, 1.37783315, 3.30679956, 6.88916575, 10.47153194, 14.32946476, 16.5339978, 19.97858068, 23.42316355, 27.00552974, 27.556663
4000, -0.801618925, 1.60323785, 3.84777084, 8.01618925, 12.18460766, 16.67367364, 19.2388542, 23.24694883, 27.25504345, 31.42346186, 32.064757
4500, -0.89313665, 1.7862733, 4.28705592, 8.9313665, 13.57567708, 18.57724232, 21.4352796, 25.90096285, 30.3666461, 35.01095668, 35.725466
5000, -0.971096175, 1.94219235, 4.66126164, 9.71096175, 14.76066186, 20.19880044, 23.3063082, 28.16178908, 33.01726995, 38.06697006, 38.843847
5500, -1.076172075, 2.15234415, 5.16562596, 10.76172075, 16.35781554, 22.38437916, 25.8281298, 31.20899018, 36.58985055, 42.18594534, 43.046883
6000, -1.12023615, 2.2404723, 5.37713352, 11.2023615, 17.02758948, 23.30091192, 26.8856676, 32.48684835, 38.0880291, 43.91325708, 44.809446
6500, -1.1225, 2.245, 5.388, 11.225, 17.062, 23.348, 26.94, 32.5525, 38.165, 44.002, 44.9
7000, -1.125, 2.25, 5.4, 11.25, 17.1, 23.4, 27, 32.625, 38.25, 44.1, 45
7500, -1.1475, 2.295, 5.508, 11.475, 17.442, 23.868, 27.54, 33.2775, 39.015, 44.982, 45.9
8000, -1.147352525, 2.29470505, 5.50729212, 11.47352525, 17.43975838, 23.86493252, 27.5364606, 33.27322323, 39.00998585, 44.97621898, 45.894101
8500, -1.12023615, 2.2404723, 5.37713352, 11.2023615, 17.02758948, 23.30091192, 26.8856676, 32.48684835, 38.0880291, 43.91325708, 44.809446
9000, -1.1168466, 2.2336932, 5.36086368, 11.168466, 16.97606832, 23.23040928, 26.8043184, 32.3885514, 37.9727844, 43.78038672, 44.673864
9500, -1.1117623, 2.2235246, 5.33645904, 11.117623, 16.89878696, 23.12465584, 26.6822952, 32.2411067, 37.7999182, 43.58108216, 44.470492
10000, -1.08973025, 2.1794605, 5.2307052, 10.8973025, 16.5638998, 22.6663892, 26.153526, 31.60217725, 37.0508285, 42.7174258, 43.58921
10500, -1.045666175, 2.09133235, 5.01919764, 10.45666175, 15.89412586, 21.74985644, 25.0959882, 30.32431908, 35.55264995, 40.99011406, 41.826647
11000, -0.947369375, 1.89473875, 4.547373, 9.47369375, 14.4000145, 19.705283, 22.736865, 27.47371188, 32.21055875, 37.1368795, 37.894775
11500, -0.8592412, 1.7184824, 4.12435776, 8.592412, 13.06046624, 17.87221696, 20.6217888, 24.9179948, 29.2142008, 33.68225504, 34.369648
12000, -0.747386225, 1.49477245, 3.58745388, 7.47386225, 11.36027062, 15.54563348, 17.9372694, 21.67420053, 25.41113165, 29.29754002, 29.895449
12500, -0.510118075, 1.02023615, 2.44856676, 5.10118075, 7.75379474, 10.61045596, 12.2428338, 14.79342418, 17.34401455, 19.99662854, 20.404723
13000, -0.238954475, 0.47790895, 1.14698148, 2.38954475, 3.63210802, 4.97025308, 5.7349074, 6.929679775, 8.12445215, 9.36701542, 9.558179
13500, -0.25, 0, 0, 0, 0, 0, 0, 0, 0, 0, 0
14000, 0, 0, 0, 0, 0, 0, 0, 0, 0, 0, 0
ENDTABLE

#RadioCtrl0 0    
#RadioCtrl1 0    

PARSFILE Generic\Group\GenGrp_efabcbad-be3a-48c3-a446-5dff753de8d2.par
#BlueLink1 Generic Data Group`Gasoline Engine (4 Cylinder)` Audio Sound Sets` , Miscellaneous`GenGrp_efabcbad-be3a-48c3-a446-5dff753de8d2

AV_ENG_IDLE 3000
IENG 0.05

LOG_ENTRY Used Dataset: Powertrain: Engine; { Mech. Sim. FSAE & Baja: Engines } Mech. Sim. FSAE Engine
#Library : Powertrain: Engine
#DataSet : Mech. Sim. FSAE Engine
#Category: Mech. Sim. FSAE & Baja: Engines
#FileID  : Engine_6b71f06e-b1c3-45ba-ab1a-18c3827d7af7
#Product : CarSim 2020.0
#VehCode 2D Table 

END
