PARSFILE
#FullDataName Suspension: Longitudinal Movement`Baja SAE Forward X Movement (Front)`Mech. Sim. Baja SAE: Forward X Movement
#CheckBox0 0    

#RingCtrl0 SPLINE
#RingCtrl1 CONSTANT
#RingCtrl2 ADD
SUSP_X_COMBINE ADD
*SCALAR2 0

#DiagramOne0
SUSP_X_TABLE SPLINE
-220.000015, -1.181532
-211.200027, -4.679578
-202.40004, -5.983739
-193.599976, -6.633505
-184.799942, -6.959715
-175.999924, -7.092035
-167.199951, -7.095112
-158.399994, -7.005642
-149.600006, -6.846706
-140.800034, -6.633451
-131.999985, -6.376508
-123.200005, -6.083623
-114.400047, -5.760536
-105.599983, -5.41163
-96.800034, -5.040322
-87.999985, -4.649357
-79.200005, -4.240944
-70.400063, -3.816907
-61.60004, -3.378683
-52.800026, -2.927597
-44.000065, -2.464637
-35.200069, -1.990704
-26.400074, -1.506682
-17.60009, -1.01314
-8.800072, -0.510766
-9.1e-05, -2.1e-05
8.799946, 0.518611
17.599901, 1.044632
26.399881, 1.577697
35.199898, 2.117411
43.999844, 2.663389
52.799881, 3.215249
61.599899, 3.772759
70.399864, 4.335363
79.199867, 4.902864
87.999878, 5.474712
96.799828, 6.050513
105.599831, 6.6298
114.399811, 7.211921
123.199806, 7.796346
131.999786, 8.382261
140.799789, 8.96878
149.599777, 9.554813
158.399765, 10.139119
167.199799, 10.720173
175.999741, 11.29602
184.799744, 11.864334
193.599747, 12.422123
202.39978, 12.965622
211.199768, 13.489978
219.999741, 13.988707
ENDTABLE
SUSP_X_JNC_OTHER_SIDE_CONSTANT 0
#RadioCtrl0 0    
#RadioCtrl1 0    

#DiagramOne0
SUSP_X_AXLE_TABLE SPLINE
-220.000015, -1.181532
-211.200027, -4.679578
-202.40004, -5.983739
-193.599976, -6.633505
-184.799942, -6.959715
-175.999924, -7.092035
-167.199951, -7.095112
-158.399994, -7.005642
-149.600006, -6.846706
-140.800034, -6.633451
-131.999985, -6.376508
-123.200005, -6.083623
-114.400047, -5.760536
-105.599983, -5.41163
-96.800034, -5.040322
-87.999985, -4.649357
-79.200005, -4.240944
-70.400063, -3.816907
-61.60004, -3.378683
-52.800026, -2.927597
-44.000065, -2.464637
-35.200069, -1.990704
-26.400074, -1.506682
-17.60009, -1.01314
-8.800072, -0.510766
-9.1e-05, -2.1e-05
8.799946, 0.518611
17.599901, 1.044632
26.399881, 1.577697
35.199898, 2.117411
43.999844, 2.663389
52.799881, 3.215249
61.599899, 3.772759
70.399864, 4.335363
79.199867, 4.902864
87.999878, 5.474712
96.799828, 6.050513
105.599831, 6.6298
114.399811, 7.211921
123.199806, 7.796346
131.999786, 8.382261
140.799789, 8.96878
149.599777, 9.554813
158.399765, 10.139119
167.199799, 10.720173
175.999741, 11.29602
184.799744, 11.864334
193.599747, 12.422123
202.39978, 12.965622
211.199768, 13.489978
219.999741, 13.988707
ENDTABLE

LOG_ENTRY Used Dataset: Suspension: Longitudinal Movement; { Mech. Sim. Baja SAE: Forward X Movement } Baja SAE Forward X Movement (Front)
#Library : Suspension: Longitudinal Movement
#DataSet : Baja SAE Forward X Movement (Front)
#Category: Mech. Sim. Baja SAE: Forward X Movement
#FileID  : SusX_31939419-0f70-45a3-8891-bd83d8dd7d2a
#Product : CarSim 2020.0
#VehCode Longitudinal Movement

END
