PARSFILE
#FullDataName Path: X-Y Coordinates`City Intersection: 1004`Scene Builder Tile Paths
#RingCtrl0 2
SET_IPATH_FOR_ID 1004
DEFINE_XY_TABLES 1
ITAB_XY = NTAB_XY
XY_TABLE_ID = ITAB_XY
SET_DESCRIPTION PATH_ID City Intersection: 1004
SET_DESCRIPTION XY_TABLE_ID City Intersection: 1004
IPATHSEG = 1
PATH_ID_DM = PATH_ID
SEGMENT_TYPE = 1
XY_SEGMENT_ID = XY_TABLE_ID

#CheckBox0 0    
OPT_PATH_LOOP 0
#CheckBox1 0    
#CheckBox2 0    
#CheckBox4 0    

#RadioCtrl0 1    

#DiagramOne0
SEGMENT_XY_TABLE
146.3420, 300.0000, 0.0000
146.3420, 200.0000, 100.0000
146.3420, 196.4177, 103.5823
146.3520, 195.6376, 104.3625
146.3812, 194.8820, 105.1186
146.4282, 194.1489, 105.8532
146.4920, 193.4362, 106.5688
146.5712, 192.7420, 107.2675
146.6645, 192.0641, 107.9518
146.7708, 191.4005, 108.6238
146.9220, 190.5776, 109.4605
147.0895, 189.7701, 110.2852
147.2706, 188.9740, 111.1016
147.4629, 188.1850, 111.9137
147.6639, 187.3990, 112.7250
147.8709, 186.6118, 113.5390
148.0816, 185.8193, 114.3590
148.3080, 184.9612, 115.2465
148.5325, 184.0871, 116.1490
148.7521, 183.1921, 117.0705
148.9636, 182.2708, 118.0158
149.1640, 181.3184, 118.9890
149.3501, 180.3297, 119.9951
149.5190, 179.2996, 121.0389
149.6365, 178.4655, 121.8813
149.7402, 177.6007, 122.7523
149.8285, 176.7030, 123.6543
149.9002, 175.7699, 124.5902
149.9536, 174.7990, 125.5625
149.9874, 173.7879, 126.5742
150.0000, 172.7342, 127.6280
150.0000, 157.5652, 142.7970
150.0138, 157.0030, 143.3593
150.0547, 156.4476, 143.9162
150.1222, 155.8999, 144.4681
150.2155, 155.3605, 145.0155
150.3340, 154.8300, 145.5591
150.4772, 154.3091, 146.0993
150.6442, 153.7985, 146.6365
150.8593, 153.2388, 147.2361
151.1029, 152.6938, 147.8331
151.3739, 152.1646, 148.4276
151.6715, 151.6520, 149.0204
151.9948, 151.1570, 149.6116
152.3429, 150.6806, 150.2016
152.7149, 150.2237, 150.7908
153.1453, 149.7503, 151.4306
153.6016, 149.3023, 152.0701
154.0827, 148.8808, 152.7097
154.5875, 148.4873, 153.3497
155.1147, 148.1228, 153.9907
155.6633, 147.7885, 154.6331
156.2320, 147.4858, 155.2774
156.8762, 147.1919, 155.9854
157.5417, 146.9389, 156.6974
158.2269, 146.7283, 157.4142
158.9302, 146.5617, 158.1370
159.6502, 146.4407, 158.8671
160.3852, 146.3669, 159.6058
161.1339, 146.3420, 160.3549
200.0000, 146.3420, 199.2210
300.0000, 146.3420, 299.2210
ENDTABLE

LOG_ENTRY Used Dataset: Path: X-Y Coordinates; { Scene Builder Tile Paths } City Intersection: 1004
#Library : Path: X-Y Coordinates
#DataSet : City Intersection: 1004
#Category: Scene Builder Tile Paths
#FileID  : PathXY_13bb87bd-3d56-46da-b032-d1e5bf7d464f
#Product : TruckSim 2020.1
#VehCode X-Y Coordinates of Path

END
