PARSFILE
#FullDataName Path: X-Y Coordinates`Mcity Outside Loop`Mcity
#RingCtrl0 1
SET_IPATH_FOR_ID 0
DEFINE_XY_TABLES 1
ITAB_XY = NTAB_XY
XY_TABLE_ID = ITAB_XY
SET_DESCRIPTION PATH_ID Mcity Outside Loop
SET_DESCRIPTION XY_TABLE_ID Mcity Outside Loop
IPATHSEG = 1
PATH_ID_DM = PATH_ID
SEGMENT_TYPE = 1
XY_SEGMENT_ID = XY_TABLE_ID

#CheckBox0 1    
OPT_PATH_LOOP 1
#CheckBox1 0    
#CheckBox4 0    

#RadioCtrl0 0    

SPATH_START 0
#DiagramOne0
SEGMENT_XY_TABLE
-77.3978, 71.3458, 0.0000
-79.1100, 71.0006, 1.7467
-80.7147, 70.8225, 3.3612
-82.4088, 70.7027, 5.0595
-84.6308, 70.5525, 7.2866
-86.1075, 70.3159, 8.7821
-88.0161, 69.8108, 10.7564
-90.0145, 69.0260, 12.9034
-91.3848, 68.3051, 14.4518
-93.1619, 66.9436, 16.6905
-94.0910, 65.7167, 18.2295
-94.9066, 64.5485, 19.6542
-95.4834, 63.7150, 20.6678
-96.1574, 62.7467, 21.8476
-96.8586, 61.7559, 23.0614
-97.6679, 60.6491, 24.4326
-98.6081, 59.4483, 25.9577
-99.9754, 58.1342, 27.8541
-101.8976, 57.1952, 29.9934
-103.8512, 56.2117, 32.1805
-105.0818, 55.5823, 33.5628
-106.5790, 54.8046, 35.2499
-108.0030, 54.0472, 36.8628
-109.0912, 53.4471, 38.1055
-110.2989, 52.6972, 39.5271
-111.9643, 51.3002, 41.7008
-113.7526, 49.6333, 44.1455
-115.4401, 47.8631, 46.5912
-117.0011, 45.9932, 49.0270
-118.3111, 44.1651, 51.2760
-119.5333, 42.0968, 53.6784
-120.5858, 39.7197, 56.2781
-121.2575, 37.4777, 58.6186
-121.9207, 34.8088, 61.3687
-122.3194, 32.7795, 63.4367
-122.7733, 30.2574, 65.9994
-123.1402, 27.8072, 68.4769
-123.4157, 25.2767, 71.0223
-123.5901, 22.7467, 73.5583
-123.6870, 20.4353, 75.8718
-123.7276, 18.0713, 78.2361
-123.7330, 15.3461, 80.9613
-123.7188, 12.4512, 83.8563
-123.6986, 10.0424, 86.2651
-123.6751, 7.7706, 88.5371
-123.6475, 5.3974, 90.9104
-123.6162, 2.8842, 93.4238
-123.5861, 0.5446, 95.7636
-123.5559, -1.7950, 98.1034
-123.5217, -4.5479, 100.8565
-123.4922, -7.1622, 103.4710
-123.4683, -9.8474, 106.1563
-123.4583, -12.4971, 108.8060
-123.4806, -14.6644, 110.9734
-123.6165, -17.1472, 113.4599
-123.8020, -19.5188, 115.8388
-123.9937, -21.6911, 118.0195
-124.1943, -23.8130, 120.1509
-124.5049, -26.9126, 123.2660
-124.9046, -30.6682, 127.0428
-125.4689, -35.5924, 131.9993
-126.0271, -39.7849, 136.2288
-126.5748, -44.0142, 140.4934
-127.1579, -49.0685, 145.5812
-127.6780, -53.7219, 150.2636
-128.2369, -58.8020, 155.3743
-128.7635, -63.6377, 160.2386
-129.2950, -68.5490, 165.1786
-129.7972, -73.2106, 169.8672
-130.3018, -77.9085, 174.5921
-130.8489, -83.0127, 179.7255
-131.3058, -87.2801, 184.0173
-131.7395, -91.3334, 188.0937
-132.0664, -94.1532, 190.9324
-132.3049, -96.2755, 193.0681
-132.5708, -98.7932, 195.5998
-132.7962, -101.1733, 197.9905
-132.9783, -103.4463, 200.2708
-133.0631, -105.6132, 202.4394
-133.1212, -107.9548, 204.7817
-133.1743, -110.5351, 207.3625
-133.2239, -113.2525, 210.0804
-133.2639, -115.6286, 212.4568
-133.3074, -118.3814, 215.2100
-133.3511, -121.3057, 218.1346
-133.4085, -125.3653, 222.1946
-133.4710, -130.0473, 226.8770
-133.5313, -134.8282, 231.6583
-133.5884, -139.5795, 236.4100
-133.6440, -144.4650, 241.2958
-133.6932, -149.0766, 245.9076
-133.7354, -153.8936, 250.7248
-133.8258, -157.9205, 254.7527
-133.8223, -161.1575, 257.9897
-133.7660, -163.3239, 260.1569
-133.6964, -164.8714, 261.7059
-133.6189, -166.1467, 262.9836
-133.5284, -167.3431, 264.1834
-133.4242, -168.4926, 265.3376
-133.2956, -169.6946, 266.5465
-133.1463, -170.8889, 267.7501
-132.9878, -171.9912, 268.8637
-132.8204, -173.0192, 269.9052
-132.5728, -174.3503, 271.2592
-132.2961, -175.6369, 272.5752
-132.0201, -176.7622, 273.7338
-131.6936, -177.9353, 274.9515
-131.3082, -179.1470, 276.2231
-130.9066, -180.2522, 277.3990
-130.4638, -181.3210, 278.5558
-129.8771, -182.5424, 279.9109
-129.3437, -183.4964, 281.0038
-128.6495, -184.6444, 282.3454
-127.9341, -185.8050, 283.7088
-127.3687, -186.7024, 284.7695
-126.6633, -187.7921, 286.0675
-125.9991, -188.7829, 287.2604
-125.1991, -189.9241, 288.6541
-124.3817, -191.0245, 290.0248
-123.6334, -191.9693, 291.2301
-122.8853, -192.8515, 292.3868
-121.8794, -193.9386, 293.8678
-120.8347, -194.9512, 295.3227
-119.9928, -195.6864, 296.4405
-118.7033, -196.6867, 298.0725
-117.3283, -197.6082, 299.7277
-115.9079, -198.4307, 301.3691
-114.6889, -199.0509, 302.7368
-113.2744, -199.6906, 304.2892
-111.9215, -200.2372, 305.7483
-110.8068, -200.6391, 306.9333
-109.5946, -201.0220, 308.2045
-108.6237, -201.2925, 309.2124
-107.5452, -201.5589, 310.3233
-106.1662, -201.8523, 311.7332
-105.1075, -202.0447, 312.8092
-103.8179, -202.2439, 314.1141
-102.7576, -202.3806, 315.1832
-101.5952, -202.5045, 316.3522
-100.3463, -202.6090, 317.6054
-99.2129, -202.6795, 318.7410
-97.9090, -202.7334, 320.0460
-96.4293, -202.7605, 321.5260
-95.1908, -202.7564, 322.7645
-94.1940, -202.7353, 323.7615
-92.7802, -202.6783, 325.1765
-91.5391, -202.6008, 326.4200
-89.2435, -202.3785, 328.7263
-87.8195, -202.1831, 330.1637
-85.6191, -201.8680, 332.3865
-83.3649, -201.5413, 334.6643
-80.7735, -201.1637, 337.2830
-78.6023, -200.8463, 339.4773
-76.2375, -200.5001, 341.8673
-74.0762, -200.1834, 344.0517
-72.0729, -199.8897, 346.0764
-69.9579, -199.5794, 348.2140
-67.4847, -199.2165, 350.7137
-62.7836, -198.5269, 355.4651
-58.1724, -197.8509, 360.1256
-53.6511, -197.1889, 364.6951
-49.2638, -196.5477, 369.1290
-44.1712, -195.8053, 374.2755
-39.5161, -195.1294, 378.9794
-34.9070, -194.4637, 383.6363
-30.6677, -193.8562, 387.9189
-25.7958, -193.1681, 392.8392
-19.5547, -192.3535, 399.1332
-15.5536, -191.6818, 403.1903
-11.8060, -190.7357, 407.0555
-9.8112, -190.1421, 409.1367
-6.7627, -189.1045, 412.3570
-4.1551, -188.0594, 415.1662
-1.9497, -187.0081, 417.6094
0.5928, -185.4431, 420.5949
2.5170, -183.9780, 423.0134
4.5450, -182.3184, 425.6339
6.4272, -180.5981, 428.1838
8.3212, -178.5927, 430.9422
10.0685, -176.3602, 433.7772
11.4842, -174.1125, 436.4336
12.5946, -171.8801, 438.9269
13.5378, -169.3835, 441.5957
14.2696, -166.8500, 444.2328
14.9177, -163.9539, 447.2005
15.3393, -161.3959, 449.7931
15.6256, -158.9571, 452.2486
15.8335, -156.2040, 455.0095
15.9711, -146.7055, 464.5090
15.9711, -137.1355, 474.0790
15.9711, -127.9770, 483.2375
15.9711, -118.3413, 492.8732
15.9711, -108.7053, 502.5092
15.9712, -98.9163, 512.2982
16.0186, -89.6296, 521.5851
16.0647, -80.5802, 530.6346
16.1159, -70.5518, 540.6631
16.1666, -60.6238, 550.5912
16.2173, -50.6962, 560.5190
16.2632, -41.6859, 569.5294
16.5818, -32.3092, 578.9115
16.9331, -22.6618, 588.5653
17.2734, -14.4918, 596.7424
17.8387, -3.8954, 607.3538
18.2634, 1.7675, 613.0326
19.0967, 8.2917, 619.6098
20.7782, 14.8480, 626.3783
23.0382, 22.6319, 634.4837
24.7282, 28.1623, 640.2665
25.4223, 30.3774, 642.5878
26.2205, 32.8862, 645.2206
26.9160, 35.0378, 647.4818
27.6270, 37.2036, 649.7613
28.4074, 39.5388, 652.2234
29.2482, 42.0013, 654.8255
29.9898, 44.1217, 657.0719
30.8091, 46.3988, 659.4919
31.6544, 48.6623, 661.9081
33.1366, 52.3385, 665.8718
34.3014, 54.9579, 668.7385
35.4172, 57.3684, 671.3948
36.4451, 59.5333, 673.7913
37.4594, 61.6315, 676.1218
38.4843, 63.7223, 678.4503
39.5867, 65.9452, 680.9315
40.4144, 67.5995, 682.7813
41.5509, 69.8542, 685.3063
42.7140, 72.1447, 687.8752
43.8127, 74.2956, 690.2904
44.8264, 76.2703, 692.5101
45.9941, 78.5356, 695.0587
47.1048, 80.6821, 697.4755
48.0568, 82.5166, 699.5423
49.2917, 84.8901, 702.2179
50.3690, 86.9559, 704.5477
51.3571, 88.8475, 706.6818
52.4146, 90.8691, 708.9633
53.6691, 93.2643, 711.6671
54.7496, 95.3256, 713.9945
55.7394, 97.2128, 716.1255
56.7716, 99.1805, 718.3475
57.9378, 101.8202, 721.2333
58.9186, 103.8790, 723.5138
60.0479, 106.1382, 726.0395
61.2389, 108.4396, 728.6308
62.4622, 110.7521, 731.2470
63.5649, 112.8145, 733.5857
64.8775, 115.2650, 736.3656
66.7407, 118.7813, 740.3450
69.3657, 123.9416, 746.1346
70.8285, 127.0124, 749.5360
72.1822, 130.0628, 752.8733
73.1626, 132.4608, 755.4639
74.4440, 135.9827, 759.2117
75.4251, 139.2125, 762.5872
76.3853, 143.5044, 766.9852
76.9129, 149.0060, 772.5121
76.5910, 153.1262, 776.6448
75.4811, 157.4480, 781.1069
74.0439, 160.8884, 784.8354
72.1849, 164.2010, 788.6340
69.2038, 168.2809, 793.6870
65.6933, 172.0219, 798.8171
62.7573, 174.5829, 802.7131
59.3685, 177.0622, 806.9120
55.0402, 179.6286, 811.9440
51.2532, 181.3994, 816.1246
47.3979, 182.7879, 820.2223
43.6799, 183.7472, 824.0620
39.4282, 184.3885, 828.3618
35.0016, 184.8345, 832.8108
28.3636, 185.5236, 839.4845
22.1966, 186.2148, 845.6901
17.0687, 186.8580, 850.8582
14.7363, 187.1670, 853.2110
11.3299, 187.5832, 856.6427
8.1588, 187.9047, 859.8301
4.6825, 188.1487, 863.3149
1.0384, 188.2277, 866.9599
-2.1333, 188.0711, 870.1355
-5.8495, 187.4087, 873.9102
-8.2864, 186.5647, 876.4891
-10.5357, 185.5574, 878.9537
-12.5569, 184.4606, 881.2533
-14.5427, 183.1835, 883.6143
-16.3621, 181.8035, 885.8979
-18.1177, 180.2253, 888.2586
-19.6226, 178.6062, 890.4690
-21.1909, 176.5179, 893.0807
-22.4078, 174.4079, 895.5164
-23.2618, 172.4052, 897.6936
-24.0248, 169.9582, 900.2568
-24.5697, 167.6485, 902.6299
-24.9600, 165.4643, 904.8487
-25.2621, 163.1606, 907.1721
-25.4744, 160.7603, 909.5818
-25.5882, 158.5589, 911.7861
-25.6316, 156.4221, 913.9234
-25.6133, 154.2548, 916.0908
-25.5329, 151.8960, 918.4509
-25.5028, 149.7116, 920.6355
-25.4900, 147.0277, 923.3195
-25.4847, 144.8448, 925.5024
-25.4816, 142.4601, 927.8871
-25.4803, 140.2212, 930.1260
-25.4801, 137.9828, 932.3644
-25.4807, 135.4522, 934.8950
-25.4820, 132.9704, 937.3768
-25.4840, 130.2451, 940.1021
-25.4859, 128.0066, 942.3406
-25.4882, 125.5732, 944.7740
-25.5139, 122.9533, 947.3940
-25.5942, 121.0213, 949.3277
-25.8849, 118.7799, 951.5878
-26.4400, 116.3568, 954.0737
-27.1612, 114.1654, 956.3807
-28.2587, 111.6376, 959.1365
-29.5036, 109.3537, 961.7377
-30.9539, 107.1347, 964.3886
-32.6484, 104.9237, 967.1742
-33.8748, 103.4928, 969.0588
-35.3437, 101.9156, 971.2140
-36.9394, 100.3529, 973.4475
-38.6499, 98.8322, 975.7362
-40.1882, 97.5859, 977.7160
-42.0165, 96.2378, 979.9876
-44.0752, 94.8738, 982.4572
-46.5134, 93.4447, 985.2833
-48.7379, 92.2966, 987.7866
-50.9346, 91.2922, 990.2021
-53.1239, 90.4680, 992.5414
-55.3037, 89.5454, 994.9084
-57.3527, 88.4595, 997.2273
-59.3238, 87.1456, 999.5962
-61.1717, 85.6870, 1001.9504
-63.4454, 83.6153, 1005.0264
-66.4231, 80.5096, 1009.3290
-67.9835, 78.7506, 1011.6803
-69.7070, 76.7587, 1014.3144
-71.4367, 74.7910, 1016.9342
-72.9601, 73.5279, 1018.9132
-74.8756, 72.4501, 1021.1111
-77.3978, 71.3458, 1023.8644
ENDTABLE

LOG_ENTRY Used Dataset: Path: X-Y Coordinates; { Mcity } Mcity Outside Loop
#Library : Path: X-Y Coordinates
#DataSet : Mcity Outside Loop
#Category: Mcity
#FileID  : PathXY_985a2608-a995-4b6a-ad2a-12f9c7f8d8e9
#Product : TruckSim 2020.1
#VehCode X-Y Coordinates of Path

END
