PARSFILE
#FullDataName Path: X-Y Coordinates`Target Distance Check`Testing and Diagnostic Paths
#RingCtrl0 1
SET_IPATH_FOR_ID 0
DEFINE_XY_TABLES 1
ITAB_XY = NTAB_XY
XY_TABLE_ID = ITAB_XY
SET_DESCRIPTION PATH_ID Target Distance Check
SET_DESCRIPTION XY_TABLE_ID Target Distance Check
IPATHSEG = 1
PATH_ID_DM = PATH_ID
SEGMENT_TYPE = 1
XY_SEGMENT_ID = XY_TABLE_ID

#CheckBox0 0    
OPT_PATH_LOOP 0
#CheckBox1 0    
#CheckBox2 0    
#CheckBox4 0    

#RadioCtrl0 0    

SPATH_START 0
#DiagramOne0
SEGMENT_XY_TABLE
0.0000, 0.0000, 0.0000
18.0000, 0.0000, 18.0000
19.0000, 0.0000, 19.0000
20.0000, 0.0000, 20.0000
22.0000, 0.0358, 22.0003
24.0000, 0.1428, 24.0032
26.0000, 0.3201, 26.0110
28.0000, 0.5661, 28.0261
30.0000, 0.8786, 30.0504
32.0000, 1.2548, 32.0854
34.0000, 1.6913, 34.1325
36.0000, 2.1842, 36.1924
38.0000, 2.7290, 38.2652
40.0000, 3.3208, 40.3510
42.0000, 3.9543, 42.4489
44.0000, 4.6237, 44.5579
46.0000, 5.3228, 46.6766
48.0000, 6.0453, 48.8031
50.0000, 6.7845, 50.9353
52.0000, 7.5335, 53.0710
54.0000, 8.2854, 55.2077
56.0000, 9.0331, 57.3428
58.0000, 9.7695, 59.4741
60.0000, 10.4876, 61.5991
62.0000, 11.1803, 63.7157
64.0000, 11.8410, 65.8220
66.0000, 12.4629, 67.9164
68.0000, 13.0397, 69.9980
70.0000, 13.5654, 72.0659
72.0000, 14.0344, 74.1202
74.0000, 14.4413, 76.1611
76.0000, 14.7815, 78.1899
78.0000, 15.0505, 80.2079
80.0000, 15.2446, 82.2173
82.0000, 15.3606, 84.2206
84.0000, 15.3958, 86.2209
86.0000, 15.3483, 88.2215
88.0000, 15.2166, 90.2258
90.0000, 15.0000, 92.2375
92.0000, 14.6984, 94.2601
94.0000, 14.3124, 96.2970
96.0000, 13.8432, 98.3513
98.0000, 13.2926, 100.4257
100.0000, 12.6631, 102.5225
102.0000, 11.9578, 104.6432
104.0000, 11.1803, 106.7890
106.0000, 10.3350, 108.9603
108.0000, 9.4265, 111.1570
110.0000, 8.4601, 113.3782
112.0000, 7.4415, 115.6227
114.0000, 6.3769, 117.8884
116.0000, 5.2726, 120.1730
118.0000, 4.1355, 122.4736
120.0000, 2.9725, 124.7872
122.0000, 1.7910, 127.1101
124.0000, 0.5982, 129.4388
126.0000, -0.5982, 131.7693
128.0000, -1.7910, 134.0980
130.0000, -2.9725, 136.4209
132.0000, -4.1355, 138.7345
134.0000, -5.2726, 141.0351
136.0000, -6.3769, 143.3198
138.0000, -7.4415, 145.5855
140.0000, -8.4601, 147.8299
142.0000, -9.4265, 150.0511
144.0000, -10.3350, 152.2478
146.0000, -11.1803, 154.4191
148.0000, -11.9578, 156.5649
150.0000, -12.6631, 158.6856
152.0000, -13.2926, 160.7824
154.0000, -13.8432, 162.8568
156.0000, -14.3124, 164.9111
158.0000, -14.6984, 166.9480
160.0000, -15.0000, 168.9706
162.0000, -15.2166, 170.9823
164.0000, -15.3483, 172.9866
166.0000, -15.3958, 174.9872
168.0000, -15.3606, 176.9875
170.0000, -15.2446, 178.9909
172.0000, -15.0505, 181.0003
174.0000, -14.7815, 183.0183
176.0000, -14.4413, 185.0470
178.0000, -14.0344, 187.0880
180.0000, -13.5654, 189.1422
182.0000, -13.0397, 191.2102
184.0000, -12.4629, 193.2917
186.0000, -11.8410, 195.3861
188.0000, -11.1803, 197.4924
190.0000, -10.4876, 199.6090
192.0000, -9.7695, 201.7340
194.0000, -9.0331, 203.8653
196.0000, -8.2854, 206.0005
198.0000, -7.5335, 208.1371
200.0000, -6.7845, 210.2728
202.0000, -6.0453, 212.4050
204.0000, -5.3228, 214.5315
206.0000, -4.6237, 216.6502
208.0000, -3.9543, 218.7592
210.0000, -3.3208, 220.8572
212.0000, -2.7290, 222.9429
214.0000, -2.1842, 225.0158
216.0000, -1.6913, 227.0756
218.0000, -1.2548, 229.1227
220.0000, -0.8786, 231.1578
222.0000, -0.5661, 233.1820
224.0000, -0.3201, 235.1971
226.0000, -0.1428, 237.2049
228.0000, -0.0358, 239.2078
230.0000, 0.0000, 241.2081
231.0000, 0.0000, 242.2081
232.0000, 0.0000, 243.2081
240.0000, 0.0000, 251.2081
ENDTABLE

LOG_ENTRY Used Dataset: Path: X-Y Coordinates; { Testing and Diagnostic Paths } Target Distance Check
#Library : Path: X-Y Coordinates
#DataSet : Target Distance Check
#Category: Testing and Diagnostic Paths
#FileID  : PathXY_9a6b87b4-8e9b-4f31-9c28-06cae64b30de
#Product : TruckSim 2020.1
#VehCode X-Y Coordinates of Path

END
