PARSFILE
#FullDataName Path: X-Y Coordinates`Main Loop Path w/Curb Hop`Mcity
#RingCtrl0 1
SET_IPATH_FOR_ID 0
DEFINE_XY_TABLES 1
ITAB_XY = NTAB_XY
XY_TABLE_ID = ITAB_XY
SET_DESCRIPTION PATH_ID Main Loop Path w/Curb Hop
SET_DESCRIPTION XY_TABLE_ID Main Loop Path w/Curb Hop
IPATHSEG = 1
PATH_ID_DM = PATH_ID
SEGMENT_TYPE = 1
XY_SEGMENT_ID = XY_TABLE_ID

#CheckBox0 1    
OPT_PATH_LOOP 1
#CheckBox1 0    
#CheckBox4 0    

#RadioCtrl0 1    

#DiagramOne0
SEGMENT_XY_TABLE
-49.4352, 81.9290, 0.0000
-49.6909, 83.1500, 1.2475
-49.7774, 103.3013, 21.3990
-49.8946, 112.7599, 30.8583
-50.1170, 120.8272, 38.9287
-50.2489, 123.1401, 41.2453
-50.2518, 127.1718, 45.2770
-50.1170, 134.7196, 52.8260
-50.1720, 144.5327, 62.6393
-50.4579, 155.7709, 73.8811
-50.1522, 166.8682, 84.9826
-49.7520, 178.0398, 96.1614
-49.5336, 180.1303, 98.2633
-49.2250, 182.0734, 100.2307
-48.5826, 184.2104, 102.4622
-47.7415, 186.1270, 104.5552
-46.6812, 187.8917, 106.6140
-45.2738, 189.6357, 108.8550
-44.1501, 191.0993, 110.7002
-43.1519, 193.1112, 112.9462
-42.6835, 195.1723, 115.0598
-42.4467, 197.5362, 117.4355
-42.5568, 199.8107, 119.7127
-43.1097, 201.8990, 121.8730
-44.5154, 204.2094, 124.5774
-45.8400, 205.6452, 126.5309
-47.6831, 207.0675, 128.8589
-49.4794, 207.9399, 130.8559
-52.1303, 208.4879, 133.5628
-54.6892, 208.5114, 136.1218
-56.8172, 208.2001, 138.2725
-59.1851, 207.4088, 140.7691
-61.1848, 206.0395, 143.1927
-62.9835, 204.0479, 145.8763
-64.5192, 201.4634, 148.8826
-65.2050, 199.1335, 151.3114
-65.3093, 197.5358, 152.9125
-65.1337, 195.7133, 154.7434
-64.4760, 193.5671, 156.9881
-63.7546, 192.1323, 158.5941
-62.5308, 190.3275, 160.7747
-61.2699, 188.7371, 162.8043
-59.9216, 187.0241, 164.9842
-58.6671, 185.0531, 167.3206
-57.9632, 183.4483, 169.0730
-57.4563, 181.8031, 170.7945
-57.1449, 180.1727, 172.4544
-57.0161, 178.4013, 174.2305
-56.9087, 162.7238, 189.9083
-57.0696, 148.7871, 203.8460
-57.1233, 137.1900, 215.4432
-57.1769, 120.5997, 232.0336
-57.0695, 98.3182, 254.3153
-57.0158, 81.7279, 270.9057
-56.2807, 56.0710, 296.5731
-56.1177, 51.4367, 301.2103
-56.1185, 49.2427, 303.4043
-56.1883, 46.7870, 305.8610
-56.3716, 43.9259, 308.7280
-56.5379, 42.2206, 310.4414
-57.0622, 39.8404, 312.8786
-58.7017, 36.2541, 316.8219
-61.8650, 30.9257, 323.0185
-64.1355, 27.5089, 327.1209
-66.0604, 25.1717, 330.1488
-69.8852, 20.7289, 336.0112
-71.3412, 18.7534, 338.4652
-72.5048, 16.7021, 340.8236
-73.6505, 13.9302, 343.8229
-74.3296, 11.4146, 346.4286
-74.6159, 9.3661, 348.4970
-74.7022, 7.5948, 350.2704
-74.3609, 3.8574, 354.0233
-73.4621, 0.5698, 357.4316
-71.9899, -2.5853, 360.9133
-69.7998, -5.6878, 364.7109
-66.7030, -8.6307, 368.9830
-62.7872, -11.0009, 373.5603
-58.2943, -12.4678, 378.2866
-54.2364, -12.8710, 382.3644
-50.2329, -12.4787, 386.3871
-46.4243, -11.3240, 390.3669
-43.0865, -9.5644, 394.1401
-40.7299, -7.7745, 397.0994
-38.7465, -5.7735, 399.9168
-36.8527, -3.2028, 403.1098
-35.4950, -0.6328, 406.0164
-34.6395, 1.6823, 408.4845
-33.9702, 4.7282, 411.6030
-33.7705, 7.5948, 414.4766
-34.2201, 9.2734, 416.2144
-35.6804, 16.2467, 423.3389
-38.4260, 29.3576, 436.7342
-41.2095, 42.6494, 450.3143
-43.0791, 51.5772, 459.4358
-44.8335, 59.9548, 467.9951
-46.4027, 67.4481, 475.6510
-47.7121, 73.7008, 482.0393
-48.6356, 78.1107, 486.5449
-49.2326, 80.9615, 489.4575
-49.4352, 81.9290, 490.4460
ENDTABLE

#EMBEDDED_NOTES
#This path was copied form the Mcity: Main Loop Path, with adjustments that cause a vehicle to leave the road by traversing over a curb.
#
#END_EMBEDDED_NOTES

LOG_ENTRY Used Dataset: Path: X-Y Coordinates; { Mcity } Main Loop Path w/Curb Hop
#Library : Path: X-Y Coordinates
#DataSet : Main Loop Path w/Curb Hop
#Category: Mcity
#FileID  : PathXY_182546d5-ec8b-4cf0-a90d-64e5705548c9
#Product : TruckSim 2020.1
#VehCode X-Y Coordinates of Path

END
