PARSFILE
#FullDataName Path: X-Y Coordinates`Mcity: State Street Loop (ID 1001)`Mcity
#RingCtrl0 2
SET_IPATH_FOR_ID 1001
SET_ITAB_XY_FOR_ID 1001
SET_DESCRIPTION PATH_ID Mcity: State Street Loop (ID 1001)
SET_DESCRIPTION XY_TABLE_ID Mcity: State Street Loop (ID 1001)
IPATHSEG = 1
PATH_ID_DM = PATH_ID
SEGMENT_TYPE = 1
XY_SEGMENT_ID = XY_TABLE_ID

#CheckBox0 1    
OPT_PATH_LOOP 1
#CheckBox1 0    
#CheckBox4 0    

#RadioCtrl0 1    

SPATH_START -40
#DiagramOne0
SEGMENT_XY_TABLE
-77.3800, -102.3700, -40.0000
-78.8900, -95.9900, -33.4437
-79.9100, -89.7300, -27.1012
-80.0900, -88.5200, -25.8779
-80.2000, -87.2900, -24.6430
-80.2700, -86.0700, -23.4210
-80.3200, -84.8400, -22.1899
-80.3500, -83.6100, -20.9596
-80.3800, -82.3800, -19.7292
-80.4400, -81.1500, -18.4977
-81.0500, -67.3100, -4.6443
-81.0800, -59.0100, 3.6557
-80.8300, -49.2100, 13.4589
-80.8900, -32.5900, 30.0790
-80.9300, -22.3500, 40.3191
-81.0200, -6.0400, 56.6294
-81.0800, 4.8300, 67.4995
-80.9000, 14.9900, 77.6611
-80.5900, 24.9700, 87.6459
-80.4000, 34.0100, 96.6879
-80.2400, 42.3600, 105.0395
-80.2200, 42.9600, 105.6398
-80.1400, 43.5600, 106.2451
-80.0000, 44.1400, 106.8418
-79.8100, 44.7100, 107.4426
-79.5700, 45.2800, 108.0611
-79.2900, 45.8400, 108.6872
-78.9700, 46.3900, 109.3235
-78.7100, 46.8100, 109.8174
-78.4300, 47.2300, 110.3222
-78.1300, 47.6400, 110.8303
-77.8200, 48.0600, 111.3523
-77.5100, 48.4700, 111.8663
-77.1800, 48.8900, 112.4004
-76.8500, 49.3100, 112.9345
-76.4200, 49.8500, 113.6248
-76.0000, 50.3900, 114.3089
-75.5700, 50.9400, 115.0071
-75.1600, 51.5000, 115.7011
-74.7500, 52.0600, 116.3952
-74.3700, 52.6400, 117.0886
-74.0100, 53.2200, 117.7712
-73.6500, 53.8800, 118.5230
-73.3300, 54.5400, 119.2565
-73.0500, 55.2300, 120.0011
-72.8200, 55.9400, 120.7475
-72.6500, 56.6700, 121.4970
-72.5500, 57.4200, 122.2536
-72.5100, 58.2000, 123.0347
-72.5300, 58.9600, 123.7949
-72.6100, 59.7100, 124.5492
-72.7200, 60.4400, 125.2874
-72.8800, 61.1600, 126.0250
-73.0900, 61.8600, 126.7558
-73.3300, 62.5500, 127.4864
-73.6200, 63.2100, 128.2073
-73.9000, 63.7800, 128.8423
-74.2000, 64.3200, 129.4601
-74.5400, 64.8500, 130.0897
-74.9000, 65.3600, 130.7140
-75.2900, 65.8500, 131.3403
-75.7000, 66.3100, 131.9565
-76.1400, 66.7600, 132.5858
-76.6700, 67.2500, 133.3076
-77.2400, 67.7100, 134.0401
-77.8400, 68.1300, 134.7725
-78.4600, 68.5200, 135.5049
-79.1000, 68.8700, 136.2344
-79.7700, 69.1800, 136.9726
-80.4600, 69.4500, 137.7136
-81.0000, 69.6300, 138.2828
-81.5500, 69.7800, 138.8529
-82.1100, 69.9000, 139.4256
-82.6800, 70.0000, 140.0043
-83.2600, 70.0700, 140.5885
-83.8500, 70.1200, 141.1806
-84.4500, 70.1300, 141.7807
-85.1600, 70.1100, 142.4910
-85.8700, 70.0500, 143.2035
-86.5600, 69.9400, 143.9022
-87.2400, 69.8000, 144.5965
-87.9000, 69.6200, 145.2806
-88.5500, 69.4000, 145.9668
-89.1900, 69.1500, 146.6539
-89.7400, 68.8900, 147.2623
-90.2800, 68.6100, 147.8705
-90.8000, 68.3000, 148.4759
-91.3000, 67.9600, 149.0806
-91.7900, 67.6000, 149.6886
-92.2500, 67.2200, 150.2853
-92.7000, 66.8100, 150.8940
-93.2300, 66.2700, 151.6507
-93.7300, 65.6900, 152.4164
-94.1900, 65.0900, 153.1725
-94.6100, 64.4500, 153.9380
-94.9900, 63.7900, 154.6996
-95.3300, 63.1000, 155.4688
-95.6200, 62.3900, 156.2357
-95.8200, 61.8200, 156.8398
-95.9900, 61.2500, 157.4346
-96.1300, 60.6600, 158.0410
-96.2400, 60.0500, 158.6608
-96.3100, 59.4400, 159.2748
-96.3600, 58.8200, 159.8969
-96.3800, 58.2000, 160.5172
-96.3600, 57.6800, 161.0376
-96.3100, 57.1700, 161.5500
-96.2300, 56.6700, 162.0564
-96.1200, 56.1900, 162.5488
-95.9900, 55.7100, 163.0461
-95.8300, 55.2400, 163.5426
-95.6400, 54.7800, 164.0403
-95.3500, 54.1600, 164.7248
-95.0200, 53.5400, 165.4271
-94.6600, 52.9500, 166.1183
-94.2700, 52.3600, 166.8255
-93.8600, 51.7900, 167.5277
-93.4300, 51.2200, 168.2417
-92.9900, 50.6600, 168.9538
-90.0100, 46.9700, 173.6969
-89.5600, 46.3200, 174.4875
-89.1500, 45.6800, 175.2475
-88.8000, 45.0300, 175.9858
-88.5100, 44.3700, 176.7067
-88.2900, 43.7000, 177.4119
-88.1400, 43.0200, 178.1082
-88.0800, 42.3200, 178.8108
-88.0300, 34.2500, 186.8809
-87.9300, 25.6700, 195.4615
-87.9300, 19.2000, 201.9315
-87.9900, 11.8300, 209.3018
-88.0500, 4.6300, 216.5020
-88.2100, -6.2700, 227.4032
-88.1400, -22.8900, 244.0233
-88.1000, -32.9400, 254.0734
-88.0100, -49.3300, 270.4637
-87.9500, -60.3100, 281.4438
-87.8500, -67.2100, 288.3445
-87.5300, -80.4500, 301.5884
-86.8800, -91.2600, 312.4179
-86.8900, -92.0400, 313.1980
-86.9200, -92.8200, 313.9786
-86.9900, -93.6000, 314.7617
-87.0800, -94.3800, 315.5469
-87.1900, -95.1600, 316.3346
-87.3100, -95.9400, 317.1238
-87.4500, -96.7100, 317.9064
-87.6000, -97.4100, 318.6223
-87.7800, -98.1100, 319.3451
-88.0000, -98.8000, 320.0693
-88.2400, -99.4900, 320.7998
-88.4900, -100.1800, 321.5337
-88.7600, -100.8700, 322.2747
-89.0300, -101.5600, 323.0156
-89.4100, -102.4500, 323.9833
-89.8300, -103.3600, 324.9856
-90.2700, -104.2700, 325.9964
-90.7600, -105.1900, 327.0387
-91.2800, -106.1300, 328.1130
-91.8300, -107.0700, 329.2021
-92.4200, -108.0200, 330.3204
-92.9200, -108.8000, 331.2469
-93.4400, -109.5800, 332.1843
-93.9900, -110.3700, 333.1469
-94.5500, -111.1700, 334.1234
-95.1400, -111.9700, 335.1175
-95.7500, -112.7800, 336.1315
-96.3700, -113.6000, 337.1595
-100.3800, -118.9300, 343.8295
-100.8000, -119.5400, 344.5701
-101.2000, -120.1500, 345.2995
-101.6000, -120.7600, 346.0290
-101.9900, -121.3800, 346.7615
-102.3600, -122.0000, 347.4835
-102.7100, -122.6200, 348.1954
-103.0600, -123.2400, 348.9074
-103.3800, -123.8700, 349.6140
-103.6900, -124.4900, 350.3072
-103.9700, -125.1200, 350.9966
-104.2400, -125.7600, 351.6912
-104.4800, -126.3900, 352.3654
-104.7100, -127.0300, 353.0455
-104.9000, -127.6700, 353.7131
-105.0600, -128.2500, 354.3148
-105.1900, -128.8300, 354.9091
-105.3000, -129.4100, 355.4995
-105.3900, -130.0000, 356.0963
-105.4600, -130.5800, 356.6805
-105.5000, -131.1700, 357.2719
-105.5100, -131.7600, 357.8620
-105.5000, -132.4300, 358.5320
-105.4700, -133.1000, 359.2027
-105.4100, -133.7600, 359.8654
-105.3400, -134.4100, 360.5192
-105.2400, -135.0600, 361.1768
-105.1300, -135.7000, 361.8262
-104.9900, -136.3300, 362.4716
-104.8600, -136.8700, 363.0270
-104.7100, -137.4000, 363.5778
-104.5500, -137.9200, 364.1219
-104.3800, -138.4400, 364.6690
-104.1900, -138.9500, 365.2132
-103.9900, -139.4500, 365.7517
-103.7800, -139.9500, 366.2940
-103.4900, -140.5800, 366.9876
-103.1800, -141.2000, 367.6808
-102.8400, -141.8000, 368.3704
-102.4900, -142.4000, 369.0650
-102.1200, -142.9800, 369.7530
-101.7300, -143.5400, 370.4354
-101.3200, -144.0900, 371.1214
-100.8500, -144.6800, 371.8757
-100.3600, -145.2500, 372.6274
-99.8500, -145.7900, 373.3702
-99.3300, -146.3200, 374.1127
-98.7800, -146.8300, 374.8627
-98.2100, -147.3200, 375.6144
-97.6300, -147.7900, 376.3609
-96.8800, -148.3500, 377.2969
-96.0900, -148.8700, 378.2427
-95.2800, -149.3600, 379.1894
-94.4500, -149.8100, 380.1335
-93.6000, -150.2200, 381.0772
-92.7200, -150.6000, 382.0358
-91.8300, -150.9300, 382.9850
-90.9300, -151.2100, 383.9275
-90.0200, -151.4500, 384.8687
-89.0900, -151.6600, 385.8221
-88.1500, -151.8100, 386.7740
-87.2000, -151.9300, 387.7315
-86.2300, -152.0000, 388.7040
-85.2500, -152.0200, 389.6842
-83.9900, -151.9800, 390.9449
-82.7600, -151.8700, 392.1798
-81.5400, -151.6800, 393.4145
-80.3500, -151.4200, 394.6326
-79.1900, -151.1000, 395.8359
-78.0600, -150.7100, 397.0313
-76.9600, -150.2500, 398.2236
-76.2500, -149.9200, 399.0065
-75.5600, -149.5600, 399.7848
-74.8900, -149.1700, 400.5601
-74.2300, -148.7600, 401.3370
-73.5900, -148.3300, 402.1081
-72.9600, -147.8700, 402.8881
-72.3600, -147.3900, 403.6565
-71.6600, -146.7900, 404.5785
-70.9900, -146.1500, 405.5050
-70.3500, -145.4900, 406.4244
-69.7500, -144.8000, 407.3388
-69.1700, -144.0800, 408.2633
-68.6200, -143.3400, 409.1853
-68.1100, -142.5700, 410.1089
-67.7900, -142.0500, 410.7195
-67.4900, -141.5200, 411.3285
-67.2000, -140.9800, 411.9414
-66.9300, -140.4300, 412.5541
-66.6800, -139.8700, 413.1674
-66.4400, -139.3000, 413.7859
-66.2200, -138.7200, 414.4062
-65.9000, -137.7800, 415.3992
-65.6200, -136.8200, 416.3992
-65.4000, -135.8400, 417.4036
-65.2200, -134.8400, 418.4196
-65.0900, -133.8300, 419.4380
-65.0100, -132.8000, 420.4711
-64.9900, -131.7600, 421.5112
-65.0100, -130.7300, 422.5414
-65.0900, -129.7100, 423.5646
-65.2300, -128.7200, 424.5644
-65.4000, -127.7400, 425.5591
-65.6300, -126.7900, 426.5365
-65.8900, -125.8400, 427.5214
-66.1900, -124.9100, 428.4986
-66.6000, -123.8300, 429.6538
-67.0400, -122.7600, 430.8108
-67.5300, -121.7100, 431.9695
-68.0500, -120.6700, 433.1322
-68.6000, -119.6400, 434.2999
-69.1700, -118.6200, 435.4683
-69.7600, -117.6000, 436.6467
-74.5000, -109.5800, 445.9627
-75.0100, -108.6000, 447.0675
-75.4900, -107.6000, 448.1767
-75.9400, -106.5900, 449.2824
-76.3600, -105.5700, 450.3855
-76.7400, -104.5200, 451.5021
-77.0800, -103.4600, 452.6153
-77.3800, -102.3700, 453.7459
ENDTABLE

LOG_ENTRY Used Dataset: Path: X-Y Coordinates; { Mcity } Mcity: State Street Loop (ID 1001)
#Library : Path: X-Y Coordinates
#DataSet : Mcity: State Street Loop (ID 1001)
#Category: Mcity
#FileID  : PathXY_cf46f864-789a-4d2d-9247-9d04144c50c9
#Product : TruckSim 2020.1
#VehCode X-Y Coordinates of Path

END
