PARSFILE
#FullDataName Path: X-Y Coordinates`Parking Lot: Eastern Curb Path`Parking Lot
#RingCtrl0 1
SET_IPATH_FOR_ID 0
DEFINE_XY_TABLES 1
ITAB_XY = NTAB_XY
XY_TABLE_ID = ITAB_XY
SET_DESCRIPTION PATH_ID Parking Lot: Eastern Curb Path
SET_DESCRIPTION XY_TABLE_ID Parking Lot: Eastern Curb Path
IPATHSEG = 1
PATH_ID_DM = PATH_ID
SEGMENT_TYPE = 1
XY_SEGMENT_ID = XY_TABLE_ID

#CheckBox0 1    
OPT_PATH_LOOP 1
#CheckBox1 0    
#CheckBox4 0    

#RadioCtrl0 0    

SPATH_START 0
#DiagramOne0
SEGMENT_XY_TABLE
-24.0000, 36.4000, 0.0000
-24.0000, 30.6500, 5.7500
-23.9657, 30.4778, 5.9256
-23.8682, 30.3318, 6.1011
-23.7222, 30.2343, 6.2767
-23.5500, 30.2000, 6.4523
-23.4500, 30.2000, 6.5523
-23.2778, 30.2343, 6.7279
-23.1318, 30.3318, 6.9034
-23.0343, 30.4778, 7.0790
-23.0000, 30.6500, 7.2546
-23.0000, 35.6500, 12.2546
-22.9429, 35.9370, 12.5472
-22.7803, 36.1803, 12.8398
-22.5370, 36.3429, 13.1325
-22.2500, 36.4000, 13.4251
-7.1500, 36.4000, 28.5251
-6.8630, 36.3429, 28.8177
-6.6197, 36.1803, 29.1104
-6.4571, 35.9370, 29.4030
-6.4000, 35.6500, 29.6956
-6.4000, 30.9500, 34.3956
-6.3429, 30.6630, 34.6882
-6.1803, 30.4197, 34.9809
-5.9370, 30.2571, 35.2735
-5.6500, 30.2000, 35.5661
-0.7500, 30.2000, 40.4661
-0.4630, 30.1429, 40.7588
-0.2197, 29.9803, 41.0514
-0.0571, 29.7370, 41.3440
0.0000, 29.4500, 41.6366
0.0000, 6.9500, 64.1366
-0.0571, 6.6630, 64.4293
-0.2197, 6.4197, 64.7219
-0.4630, 6.2571, 65.0145
-0.7500, 6.2000, 65.3072
-5.6500, 6.2000, 70.2072
-5.9370, 6.1429, 70.4998
-6.1803, 5.9803, 70.7924
-6.3429, 5.7370, 71.0850
-6.4000, 5.4500, 71.3777
-6.4000, 0.7500, 76.0777
-6.4571, 0.4630, 76.3703
-6.6197, 0.2197, 76.6629
-6.8630, 0.0571, 76.9556
-7.1500, 0.0000, 77.2482
-22.2500, 0.0000, 92.3482
-22.5370, 0.0571, 92.6408
-22.7803, 0.2197, 92.9334
-22.9429, 0.4630, 93.2261
-23.0000, 0.7500, 93.5187
-23.0000, 5.7500, 98.5187
-23.0343, 5.9222, 98.6943
-23.1318, 6.0682, 98.8698
-23.2778, 6.1657, 99.0454
-23.4500, 6.2000, 99.2210
-23.5500, 6.2000, 99.3210
-23.7222, 6.1657, 99.4966
-23.8682, 6.0682, 99.6721
-23.9657, 5.9222, 99.8477
-24.0000, 5.7500, 100.0233
-24.0000, 0.0000, 105.7733
-24.0000, -0.2500, 106.0233
-23.9429, -0.5370, 106.3159
-23.7803, -0.7803, 106.6085
-23.5370, -0.9429, 106.9012
-23.2500, -1.0000, 107.1938
0.2500, -1.0000, 130.6938
0.5370, -0.9429, 130.9864
0.7803, -0.7803, 131.2791
0.9429, -0.5370, 131.5717
1.0000, -0.2500, 131.8643
0.9429, 0.0370, 132.1569
1.0000, 36.6500, 168.7700
0.9429, 36.9370, 169.0626
0.7803, 37.1803, 169.3552
0.5370, 37.3429, 169.6479
0.2500, 37.4000, 169.9405
-23.2500, 37.4000, 193.4405
-23.5370, 37.3429, 193.7331
-23.7803, 37.1803, 194.0258
-23.9429, 36.9370, 194.3184
-24.0000, 36.6500, 194.6110
-24.0000, 36.4000, 194.8610
ENDTABLE

#EMBEDDED_NOTES
#This path defines the curbing for the border of the western edge of the parking lot
#END_EMBEDDED_NOTES

LOG_ENTRY Used Dataset: Path: X-Y Coordinates; { Parking Lot } Parking Lot: Eastern Curb Path
#Library : Path: X-Y Coordinates
#DataSet : Parking Lot: Eastern Curb Path
#Category: Parking Lot
#FileID  : PathXY_d2b497e1-8e3c-4bc3-a7a1-695be07b0410
#Product : TruckSim 2020.1
#VehCode X-Y Coordinates of Path

END
