PARSFILE
#FullDataName Path: X-Y Coordinates`Main Loop Path`Mcity
#RingCtrl0 1
SET_IPATH_FOR_ID 0
DEFINE_XY_TABLES 1
ITAB_XY = NTAB_XY
XY_TABLE_ID = ITAB_XY
SET_DESCRIPTION PATH_ID Main Loop Path
SET_DESCRIPTION XY_TABLE_ID Main Loop Path
IPATHSEG = 1
PATH_ID_DM = PATH_ID
SEGMENT_TYPE = 1
XY_SEGMENT_ID = XY_TABLE_ID

#CheckBox0 1    
OPT_PATH_LOOP 1
#CheckBox1 0    
#CheckBox4 0    

#RadioCtrl0 0    

#DiagramOne0
SEGMENT_XY_TABLE
-49.4352, 58.1841, 0.0000
-49.6909, 83.1561, 24.9733
-49.7774, 103.3013, 45.1187
-49.8946, 112.7599, 54.5780
-50.1170, 120.8272, 62.6484
-50.2489, 123.1401, 64.9650
-50.2518, 127.1718, 68.9967
-50.1170, 134.7196, 76.5457
-50.1720, 144.5327, 86.3590
-50.4579, 155.7709, 97.6008
-50.1522, 166.8682, 108.7023
-49.7520, 178.0398, 119.8811
-49.5336, 180.1303, 121.9830
-49.2250, 182.0734, 123.9504
-48.5826, 184.2104, 126.1819
-47.7415, 186.1270, 128.2749
-46.6812, 187.8917, 130.3337
-45.2738, 189.6357, 132.5747
-44.1501, 191.0993, 134.4200
-43.1519, 193.1112, 136.6659
-42.6835, 195.1723, 138.7795
-42.4467, 197.5362, 141.1553
-42.5568, 199.8107, 143.4324
-43.1097, 201.8990, 145.5927
-44.5154, 204.2094, 148.2971
-45.8400, 205.6452, 150.2506
-47.6831, 207.0675, 152.5787
-49.4794, 207.9399, 154.5756
-52.1303, 208.4879, 157.2826
-54.6892, 208.5114, 159.8416
-56.8172, 208.2001, 161.9922
-59.1851, 207.4088, 164.4888
-61.1848, 206.0395, 166.9124
-62.9835, 204.0479, 169.5960
-64.5192, 201.4634, 172.6024
-65.2050, 199.1335, 175.0311
-65.3093, 197.5358, 176.6322
-65.1337, 195.7133, 178.4631
-64.4760, 193.5671, 180.7079
-63.7546, 192.1323, 182.3138
-62.5308, 190.3275, 184.4944
-61.2699, 188.7371, 186.5240
-59.9216, 187.0241, 188.7040
-58.6671, 185.0531, 191.0403
-57.9632, 183.4483, 192.7927
-57.4563, 181.8031, 194.5142
-57.1449, 180.1727, 196.1741
-57.0161, 178.4013, 197.9502
-56.9087, 162.7238, 213.6281
-57.0696, 148.7871, 227.5657
-57.1233, 137.1900, 239.1629
-57.1769, 120.5997, 255.7533
-57.0695, 98.3182, 278.0351
-57.0158, 81.7279, 294.6254
-56.2807, 56.0710, 320.2929
-56.1177, 51.4367, 324.9300
-56.1185, 49.2427, 327.1240
-56.1883, 46.7870, 329.5807
-56.3716, 43.9259, 332.4477
-56.5379, 42.2206, 334.1611
-57.0622, 39.8404, 336.5983
-58.7017, 36.2541, 340.5416
-61.8650, 30.9257, 346.7383
-64.1355, 27.5089, 350.8407
-66.0604, 25.1717, 353.8685
-69.8852, 20.7289, 359.7309
-71.3412, 18.7534, 362.1850
-72.5048, 16.7021, 364.5433
-73.6505, 13.9302, 367.5427
-74.3296, 11.4146, 370.1483
-74.6159, 9.3661, 372.2167
-74.7022, 7.5948, 373.9901
-74.3609, 3.8574, 377.7431
-73.4621, 0.5698, 381.1513
-71.9899, -2.5853, 384.6330
-69.7998, -5.6878, 388.4306
-66.7030, -8.6307, 392.7027
-62.7872, -11.0009, 397.2800
-58.2943, -12.4678, 402.0063
-54.2364, -12.8710, 406.0842
-50.2329, -12.4787, 410.1068
-46.4243, -11.3240, 414.0866
-43.0865, -9.5644, 417.8598
-40.7299, -7.7745, 420.8191
-38.7465, -5.7735, 423.6365
-36.8527, -3.2028, 426.8295
-35.4950, -0.6328, 429.7361
-34.6395, 1.6823, 432.2042
-33.9702, 4.7282, 435.3228
-33.7705, 7.5948, 438.1963
-34.2201, 11.9506, 442.5753
-35.6804, 16.2467, 447.1128
-38.4260, 21.0565, 452.6510
-41.2095, 25.4130, 457.8209
-43.0791, 28.8166, 461.7041
-44.8335, 33.0412, 466.2785
-46.4027, 37.7858, 471.2759
-47.7121, 42.5043, 476.1727
-48.6356, 47.1885, 480.9471
-49.2326, 52.8587, 486.6486
-49.4352, 58.1841, 491.9779
ENDTABLE

#EMBEDDED_NOTES
#This path was copied form the Mcity: Outside Loop Dataset.  The path data from the parsfile data were copied and pasted into the X-Y path coordinate table here.  The station values were calcualted automatically.
#END_EMBEDDED_NOTES

LOG_ENTRY Used Dataset: Path: X-Y Coordinates; { Mcity } Main Loop Path
#Library : Path: X-Y Coordinates
#DataSet : Main Loop Path
#Category: Mcity
#FileID  : PathXY_015f63f5-0f49-4037-8480-824238110897
#Product : TruckSim 2020.1
#VehCode X-Y Coordinates of Path

END
