PARSFILE
#FullDataName Path: X-Y Coordinates`Alt 3 Road from FHWA`Public Road Section
#RingCtrl0 1
SET_IPATH_FOR_ID 0
DEFINE_XY_TABLES 1
ITAB_XY = NTAB_XY
XY_TABLE_ID = ITAB_XY
SET_DESCRIPTION PATH_ID Alt 3 Road from FHWA
SET_DESCRIPTION XY_TABLE_ID Alt 3 Road from FHWA
IPATHSEG = 1
PATH_ID_DM = PATH_ID
SEGMENT_TYPE = 1
XY_SEGMENT_ID = XY_TABLE_ID

#CheckBox0 0    
OPT_PATH_LOOP 0
#CheckBox1 0    
#CheckBox2 0    
#CheckBox4 0    

#RadioCtrl0 0    

SPATH_START 0
#DiagramOne0
SEGMENT_XY_TABLE
0.0000, 0.0000, 0.0000
4.3520, -2.4620, 5.0001
8.7040, -4.9240, 10.0003
13.0550, -7.3860, 14.9995
17.4070, -9.8480, 19.9997
21.7590, -12.3110, 25.0003
26.1110, -14.7730, 30.0004
30.4620, -17.2350, 34.9997
34.8140, -19.6970, 39.9998
39.1660, -22.1590, 45.0000
43.5180, -24.6210, 50.0001
47.8700, -27.0830, 55.0002
52.2210, -29.5450, 59.9995
56.5730, -32.0080, 65.0001
60.9250, -34.4700, 70.0003
65.2770, -36.9320, 75.0004
69.6280, -39.3940, 79.9997
73.9800, -41.8560, 84.9998
78.3320, -44.3180, 89.9999
82.6840, -46.7800, 95.0001
87.0360, -49.2420, 100.0002
91.3870, -51.7040, 104.9995
95.7390, -54.1670, 110.0001
100.0910, -56.6290, 115.0002
104.4430, -59.0910, 120.0004
108.7940, -61.5530, 124.9996
113.1460, -64.0150, 129.9998
117.4980, -66.4770, 134.9999
121.8500, -68.9390, 140.0000
126.2020, -71.4010, 145.0002
130.5530, -73.8640, 149.9999
134.9050, -76.3260, 155.0001
139.2570, -78.7880, 160.0002
143.6090, -81.2500, 165.0003
147.9600, -83.7120, 169.9996
152.3120, -86.1740, 174.9997
156.6640, -88.6360, 179.9999
161.0160, -91.0980, 185.0000
165.3680, -93.5610, 190.0006
169.7190, -96.0230, 194.9999
174.0710, -98.4850, 200.0000
178.4230, -100.9470, 205.0002
182.7750, -103.4090, 210.0003
187.1260, -105.8710, 214.9996
191.4780, -108.3330, 219.9997
195.8300, -110.7950, 224.9998
200.1820, -113.2570, 230.0000
204.5340, -115.7200, 235.0006
208.8850, -118.1820, 239.9999
213.2370, -120.6440, 245.0000
217.5890, -123.1060, 250.0001
221.9410, -125.5680, 255.0003
226.2920, -128.0300, 259.9995
230.6440, -130.4920, 264.9997
234.9960, -132.9540, 269.9998
239.3480, -135.4170, 275.0004
243.7000, -137.8790, 280.0006
248.0570, -140.3300, 284.9996
252.4780, -142.6670, 290.0003
256.9710, -144.8590, 294.9995
261.5330, -146.9060, 299.9997
266.1580, -148.8040, 304.9990
270.8420, -150.5520, 309.9986
275.5810, -152.1480, 314.9991
280.3680, -153.5910, 319.9988
285.1990, -154.8780, 324.9983
290.0690, -156.0090, 329.9979
294.9730, -156.9820, 334.9975
299.9060, -157.7970, 339.9974
304.8630, -158.4520, 344.9975
309.8380, -158.9460, 349.9970
314.8270, -159.2800, 354.9971
319.8240, -159.4530, 359.9971
324.8230, -159.4650, 364.9961
329.8210, -159.3160, 369.9964
334.8110, -159.0050, 374.9960
339.7890, -158.5340, 379.9963
344.7480, -157.9020, 384.9954
349.6850, -157.1110, 389.9954
354.5940, -156.1600, 394.9956
359.4690, -155.0530, 399.9947
364.3090, -153.7950, 404.9955
369.1390, -152.5010, 409.9959
373.9680, -151.2070, 414.9952
378.7980, -149.9130, 419.9956
383.6270, -148.6190, 424.9949
388.4570, -147.3240, 429.9955
393.2870, -146.0300, 434.9959
398.1160, -144.7360, 439.9952
402.9460, -143.4420, 444.9956
407.7760, -142.1480, 449.9959
412.6050, -140.8540, 454.9953
417.4350, -139.5600, 459.9956
422.2640, -138.2660, 464.9950
427.0940, -136.9710, 469.9956
431.9240, -135.6770, 474.9959
436.7530, -134.3830, 479.9953
441.5830, -133.0890, 484.9956
446.4130, -131.7950, 489.9959
451.2420, -130.5010, 494.9953
456.0720, -129.2070, 499.9956
460.9010, -127.9130, 504.9950
465.7310, -126.6180, 509.9956
470.5610, -125.3240, 514.9959
475.3900, -124.0300, 519.9953
480.2200, -122.7360, 524.9956
485.0490, -121.4420, 529.9950
489.8790, -120.1480, 534.9953
494.7090, -118.8540, 539.9957
499.5380, -117.5600, 544.9950
504.3860, -116.3330, 549.9959
509.2710, -115.2680, 554.9956
514.1880, -114.3660, 559.9947
519.1330, -113.6290, 564.9943
524.1000, -113.0570, 569.9941
529.0840, -112.6510, 574.9947
534.0780, -112.4110, 579.9944
539.0770, -112.3380, 584.9939
544.0760, -112.4310, 589.9938
549.0690, -112.6910, 594.9936
554.0500, -113.1180, 599.9928
559.0150, -113.7090, 604.9929
563.9570, -114.4670, 609.9927
568.8710, -115.3880, 614.9923
573.7520, -116.4730, 619.9924
578.5940, -117.7190, 624.9921
583.3910, -119.1270, 629.9915
588.1390, -120.6930, 634.9911
592.8330, -122.4170, 639.9917
597.4660, -124.2960, 644.9912
602.0340, -126.3290, 649.9912
606.5310, -128.5130, 654.9905
610.9540, -130.8450, 659.9906
615.2960, -133.3240, 664.9904
619.5530, -135.9460, 669.9901
623.7200, -138.7080, 674.9894
627.7930, -141.6080, 679.9893
631.7670, -144.6420, 684.9891
635.6380, -147.8060, 689.9886
639.4020, -151.0980, 694.9891
643.0530, -154.5130, 699.9883
646.5880, -158.0490, 704.9883
650.0040, -161.7000, 709.9882
653.2960, -165.4630, 714.9879
656.4610, -169.3330, 719.9873
659.4960, -173.3070, 724.9877
662.3960, -177.3790, 729.9868
665.2400, -181.4910, 734.9865
668.0840, -185.6040, 739.9870
670.9280, -189.7160, 744.9867
673.7720, -193.8290, 749.9872
676.6160, -197.9410, 754.9869
679.4590, -202.0530, 759.9860
682.3030, -206.1660, 764.9866
685.1470, -210.2780, 769.9862
687.9910, -214.3910, 774.9868
690.8350, -218.5030, 779.9864
693.6790, -222.6160, 784.9869
696.5230, -226.7280, 789.9866
699.3670, -230.8400, 794.9863
702.2110, -234.9530, 799.9868
705.0550, -239.0650, 804.9865
707.8990, -243.1780, 809.9870
710.7430, -247.2900, 814.9867
713.6470, -251.3600, 819.9865
716.7100, -255.3120, 824.9866
719.9280, -259.1380, 829.9859
723.2970, -262.8320, 834.9855
726.8110, -266.3880, 839.9849
730.4640, -269.8020, 844.9848
734.2510, -273.0660, 849.9843
738.1660, -276.1760, 854.9843
742.2010, -279.1280, 859.9838
746.3520, -281.9150, 864.9836
750.6100, -284.5350, 869.9831
754.9700, -286.9820, 874.9829
759.4250, -289.2520, 879.9829
763.9660, -291.3430, 884.9822
768.5880, -293.2510, 889.9825
773.2820, -294.9720, 894.9821
778.0410, -296.5040, 899.9816
782.8570, -297.8440, 904.9805
787.7240, -298.9910, 909.9808
792.6320, -299.9420, 914.9801
797.5750, -300.6970, 919.9805
802.5430, -301.2530, 924.9795
807.5300, -301.6100, 929.9792
812.5270, -301.7670, 934.9787
817.5270, -301.7240, 939.9789
822.5210, -301.4810, 944.9788
827.5010, -301.0390, 949.9784
832.4590, -300.3980, 954.9776
837.3880, -299.5590, 959.9775
842.2790, -298.5240, 964.9768
847.1250, -297.2940, 969.9765
851.9180, -295.8710, 974.9763
856.6500, -294.2580, 979.9756
861.3140, -292.4570, 984.9753
865.9050, -290.4750, 989.9758
870.4730, -288.4420, 994.9758
875.0410, -286.4080, 999.9762
ENDTABLE

LOG_ENTRY Used Dataset: Path: X-Y Coordinates; { Public Road Section } Alt 3 Road from FHWA
#Library : Path: X-Y Coordinates
#DataSet : Alt 3 Road from FHWA
#Category: Public Road Section
#FileID  : PathXY_ff4458e7-8a36-423f-9726-28d38c3fe5b6
#Product : TruckSim 2020.1
#VehCode X-Y Coordinates of Path

END
