PARSFILE
#FullDataName Path: X-Y Coordinates`Handling Course Race Line`Handling Course
#RingCtrl0 1
SET_IPATH_FOR_ID 0
DEFINE_XY_TABLES 1
ITAB_XY = NTAB_XY
XY_TABLE_ID = ITAB_XY
SET_DESCRIPTION PATH_ID Handling Course Race Line
SET_DESCRIPTION XY_TABLE_ID Handling Course Race Line
IPATHSEG = 1
PATH_ID_DM = PATH_ID
SEGMENT_TYPE = 1
XY_SEGMENT_ID = XY_TABLE_ID

#CheckBox0 1    
OPT_PATH_LOOP 1
#CheckBox1 0    
#CheckBox4 0    

#RadioCtrl0 0    

SPATH_START 0
#DiagramOne0
SEGMENT_XY_TABLE
-3.7171, -6.0474, 0.0000
4.7175, -54.9519, 49.6265
5.3415, -59.9128, 54.6265
5.9048, -64.8809, 59.6265
6.3677, -69.8593, 64.6263
6.6705, -74.8498, 69.6260
6.7885, -79.8481, 74.6257
6.6869, -84.8466, 79.6252
6.3377, -89.8338, 84.6246
5.7165, -94.7944, 89.6240
4.8012, -99.7091, 94.6232
3.5597, -104.5514, 99.6221
1.9776, -109.2934, 104.6211
0.0723, -113.9151, 109.6201
-2.1242, -118.4059, 114.6193
-4.5948, -122.7520, 119.6185
-7.3252, -126.9398, 124.6178
-10.2729, -130.9777, 129.6172
-13.4571, -134.8317, 134.6164
-16.8673, -138.4872, 139.6156
-20.5162, -141.9040, 144.6145
-24.4026, -145.0480, 149.6134
-28.5077, -147.9005, 154.6123
-32.8255, -150.4186, 159.6107
-37.3534, -152.5351, 164.6088
-42.0674, -154.1954, 169.6067
-46.9283, -155.3564, 174.6043
-51.8858, -155.9883, 179.6019
-56.8822, -156.1156, 184.5999
-61.8698, -155.7861, 189.5984
-66.8138, -155.0498, 194.5969
-71.6739, -153.8823, 199.5953
-76.4149, -152.2989, 204.5937
-81.0008, -150.3104, 209.5922
-85.4029, -147.9426, 214.5907
-89.5871, -145.2082, 219.5891
-93.5207, -142.1242, 224.5875
-97.2275, -138.7698, 229.5868
-100.6595, -135.1360, 234.5851
-103.8221, -131.2641, 239.5845
-106.6877, -127.1684, 244.5831
-109.2385, -122.8696, 249.5817
-111.4232, -118.3738, 254.5802
-113.2674, -113.7272, 259.5794
-114.8589, -108.9881, 264.5786
-116.1282, -104.1530, 269.5776
-117.0665, -99.2427, 274.5767
-117.7360, -94.2883, 279.5761
-118.1812, -89.3085, 284.5758
-118.4143, -84.3143, 289.5754
-118.4674, -79.3148, 294.5752
-118.3739, -74.3158, 299.5751
-118.1731, -69.3199, 304.5750
-117.8959, -64.3276, 309.5750
-117.5571, -59.3392, 314.5749
-117.2155, -54.3509, 319.5749
-116.8900, -49.3615, 324.5749
-116.5838, -44.3709, 329.5749
-116.3858, -39.3749, 334.5748
-116.2572, -34.3766, 339.5748
-116.1953, -29.3771, 344.5746
-116.1830, -24.3771, 349.5747
-116.2230, -19.3774, 354.5745
-116.4225, -14.3816, 359.5743
-116.7573, -9.3930, 364.5741
-117.1886, -4.4117, 369.5741
-117.6818, 0.5639, 374.5740
-118.1732, 5.5397, 379.5740
-118.5769, 10.5232, 384.5739
-118.8075, 15.5175, 389.5735
-118.8697, 20.5169, 394.5733
-118.7439, 25.5149, 399.5729
-118.3790, 30.5010, 404.5723
-117.6819, 35.4508, 409.5709
-116.5529, 40.3197, 414.5690
-114.9210, 45.0429, 419.5662
-112.8316, 49.5841, 424.5650
-110.3734, 53.9364, 429.5635
-107.5947, 58.0919, 434.5625
-104.5316, 62.0427, 439.5616
-101.2489, 65.8134, 444.5610
-97.8080, 69.4409, 449.5609
-94.2824, 72.9863, 454.5609
-90.7477, 76.5226, 459.5608
-87.2330, 80.0788, 464.5608
-83.7340, 83.6505, 469.5608
-80.2508, 87.2376, 474.5608
-76.7856, 90.8421, 479.5608
-73.4290, 94.5467, 484.5599
-70.3576, 98.4906, 489.5587
-67.6844, 102.7128, 494.5560
-65.5431, 107.2269, 499.5522
-64.1272, 112.0143, 504.5446
-63.8057, 116.9913, 509.5319
-64.6221, 121.9161, 514.5240
-66.3564, 126.5981, 519.5168
-68.8613, 130.9195, 524.5117
-72.0047, 134.8027, 529.5078
-75.5821, 138.2926, 534.5055
-79.5072, 141.3865, 539.5033
-83.7108, 144.0906, 544.5016
-88.0965, 146.4900, 549.5007
-92.6126, 148.6349, 554.5003
-97.2134, 150.5919, 559.5000
-101.8661, 152.4224, 564.4999
-106.5304, 154.2235, 569.4998
-111.1478, 156.1409, 574.4995
-115.6848, 158.2410, 579.4990
-120.0817, 160.6195, 584.4980
-124.2778, 163.3356, 589.4964
-128.2358, 166.3877, 594.4945
-131.8947, 169.7923, 599.4924
-135.1530, 173.5807, 604.4893
-137.9828, 177.7008, 609.4876
-140.4207, 182.0644, 614.4860
-142.5084, 186.6061, 619.4846
-144.2431, 191.2942, 624.4833
-145.6597, 196.0885, 629.4825
-146.8532, 200.9438, 634.4823
-147.9008, 205.8327, 639.4822
-148.8346, 210.7446, 644.4821
-149.6628, 215.6754, 649.4820
-150.3928, 220.6217, 654.4818
-150.9972, 225.5849, 659.4817
-151.4460, 230.5644, 664.4814
-151.6576, 235.5591, 669.4806
-151.5624, 240.5574, 674.4798
-151.1743, 245.5416, 679.4791
-150.5056, 250.4960, 684.4784
-149.5253, 255.3980, 689.4775
-148.2202, 260.2235, 694.4763
-146.4952, 264.9144, 699.4743
-144.2801, 269.3929, 704.4707
-141.4186, 273.4858, 709.4647
-137.9766, 277.1071, 714.4608
-134.0767, 280.2309, 719.4576
-129.8576, 282.9094, 724.4551
-125.4293, 285.2287, 729.4540
-120.8596, 287.2568, 734.4535
-116.1870, 289.0355, 739.4532
-111.4658, 290.6800, 744.4526
-106.6856, 292.1445, 749.4521
-101.8419, 293.3840, 754.4519
-96.9329, 294.3271, 759.4507
-91.9674, 294.9013, 764.4493
-86.9714, 295.0448, 769.4473
-81.9749, 294.8703, 774.4469
-76.9959, 294.4178, 779.4464
-72.0468, 293.7116, 784.4456
-67.1415, 292.7463, 789.4450
-62.2979, 291.5082, 794.4443
-57.5270, 290.0139, 799.4438
-52.8315, 288.2967, 804.4434
-48.2062, 286.3983, 809.4432
-43.6319, 284.3796, 814.4431
-39.0712, 282.3303, 819.4431
-34.4988, 280.3070, 824.4431
-29.9058, 278.3312, 829.4431
-25.2510, 276.5064, 834.4428
-20.5561, 274.7866, 839.4427
-15.8220, 273.1783, 844.4426
-11.0636, 271.6434, 849.4424
-6.2459, 270.3079, 854.4418
-1.3643, 269.2285, 859.4413
3.5601, 268.3642, 864.4410
8.5147, 267.6942, 869.4407
13.4891, 267.1905, 874.4405
18.4764, 266.8361, 879.4404
23.4713, 266.6133, 884.4402
28.4698, 266.4974, 889.4401
33.4697, 266.4671, 894.4401
38.4695, 266.5067, 899.4400
43.4684, 266.6104, 904.4400
48.4661, 266.7604, 909.4400
53.4629, 266.9407, 914.4400
58.4591, 267.1347, 919.4400
63.4552, 267.3322, 924.4400
68.4516, 267.5225, 929.4400
73.4487, 267.6911, 934.4399
78.4466, 267.8372, 939.4400
83.4453, 267.9479, 944.4399
88.4451, 267.9905, 949.4399
93.4445, 267.9239, 954.4397
98.4396, 267.7093, 959.4394
103.4221, 267.2963, 964.4390
108.3777, 266.6365, 969.4384
113.2797, 265.6568, 974.4373
118.1031, 264.3433, 979.4363
122.8251, 262.7025, 984.4353
127.4188, 260.7310, 989.4342
131.8691, 258.4535, 994.4334
136.1973, 255.9510, 999.4330
140.4095, 253.2577, 1004.4326
144.5332, 250.4306, 1009.4324
148.5454, 247.4473, 1014.4322
152.4481, 244.3225, 1019.4317
156.2137, 241.0334, 1024.4315
159.8518, 237.6040, 1029.4311
163.3419, 234.0242, 1034.4307
166.6870, 230.3084, 1039.4304
169.8855, 226.4657, 1044.4301
172.9138, 222.4877, 1049.4296
175.7459, 218.3677, 1054.4291
178.3732, 214.1143, 1059.4285
180.7943, 209.7401, 1064.4281
183.0182, 205.2623, 1069.4277
185.0329, 200.6867, 1074.4272
186.8392, 196.0248, 1079.4268
188.4280, 191.2845, 1084.4263
189.7948, 186.4753, 1089.4259
190.9445, 181.6098, 1094.4254
191.8642, 176.6956, 1099.4250
192.5577, 171.7443, 1104.4246
193.0529, 166.7692, 1109.4243
193.3765, 161.7799, 1114.4241
193.5749, 156.7839, 1119.4240
193.6965, 151.7854, 1124.4240
193.8016, 146.7865, 1129.4240
202.6786, -108.0420, 1384.4070
202.8117, -113.0401, 1389.4069
202.7999, -118.0398, 1394.4066
202.5296, -123.0315, 1399.4056
201.8897, -127.9888, 1404.4041
200.8039, -132.8674, 1409.4020
199.1890, -137.5966, 1414.3994
197.0371, -142.1065, 1419.3964
194.3747, -146.3348, 1424.3930
191.1620, -150.1600, 1429.3884
187.3811, -153.4233, 1434.3828
183.1621, -156.0993, 1439.3789
178.6205, -158.1820, 1444.3753
173.8686, -159.7306, 1449.3732
168.9927, -160.8294, 1454.3713
164.0535, -161.6051, 1459.3711
159.1010, -162.2925, 1464.3711
154.1399, -162.9145, 1469.3710
149.1747, -163.5031, 1474.3710
144.2078, -164.0769, 1479.3709
139.2395, -164.6390, 1484.3709
134.2699, -165.1897, 1489.3709
129.2987, -165.7254, 1494.3709
124.3249, -166.2358, 1499.3708
119.3486, -166.7219, 1504.3708
114.3706, -167.1903, 1509.3708
109.3907, -167.6381, 1514.3708
104.4089, -168.0643, 1519.3708
99.4250, -168.4642, 1524.3707
94.4313, -168.6830, 1529.3692
89.4399, -168.4275, 1534.3671
84.4994, -167.6743, 1539.3647
79.6655, -166.4051, 1544.3625
74.9972, -164.6215, 1549.3599
70.5548, -162.3326, 1554.3573
66.4003, -159.5557, 1559.3544
62.5845, -156.3286, 1564.3518
59.1064, -152.7387, 1569.3503
55.9352, -148.8747, 1574.3490
53.1014, -144.7574, 1579.3472
50.6737, -140.3882, 1584.3456
48.6136, -135.8338, 1589.3443
46.9398, -131.1238, 1594.3428
45.6638, -126.2909, 1599.3413
44.8073, -121.3664, 1604.3398
44.3848, -116.3859, 1609.3382
44.4189, -111.3880, 1614.3362
44.9318, -106.4162, 1619.3344
45.9067, -101.5141, 1624.3325
47.3569, -96.7310, 1629.3306
49.2759, -92.1163, 1634.3284
51.6419, -87.7139, 1639.3263
54.4138, -83.5549, 1644.3244
57.5700, -79.6796, 1649.3223
61.1217, -76.1643, 1654.3195
65.0379, -73.0595, 1659.3171
69.2474, -70.3647, 1664.3153
73.6167, -67.9341, 1669.3152
77.9959, -65.5211, 1674.3152
82.3533, -63.0690, 1679.3152
86.6977, -60.5938, 1684.3152
91.0291, -58.0961, 1689.3152
95.3469, -55.5749, 1694.3151
99.6558, -53.0384, 1699.3152
103.9484, -50.4748, 1704.3150
108.0726, -47.6516, 1709.3130
111.8575, -44.3887, 1714.3102
115.2221, -40.6943, 1719.3071
118.0938, -36.6059, 1724.3032
120.3621, -32.1554, 1729.2985
121.8871, -27.3987, 1734.2936
122.7298, -22.4738, 1739.2901
122.9405, -17.4816, 1744.2868
122.5303, -12.5014, 1749.2838
121.6339, -7.5835, 1754.2828
120.5843, -2.6949, 1759.2828
119.7117, 2.2275, 1764.2819
119.2202, 7.2018, 1769.2804
119.1693, 12.1999, 1774.2788
119.5236, 17.1862, 1779.2777
120.2065, 22.1385, 1784.2768
121.2027, 27.0373, 1789.2759
122.4191, 31.8868, 1794.2756
123.7986, 36.6925, 1799.2754
125.3367, 41.4498, 1804.2752
127.0128, 46.1603, 1809.2750
128.8247, 50.8202, 1814.2747
130.7791, 55.4222, 1819.2745
132.8639, 59.9667, 1824.2744
135.0781, 64.4495, 1829.2742
137.4185, 68.8677, 1834.2740
139.8735, 73.2234, 1839.2740
142.3862, 77.5461, 1844.2739
144.9130, 81.8607, 1849.2739
147.4342, 86.1784, 1854.2738
149.9527, 90.4978, 1859.2739
152.4682, 94.8190, 1864.2739
154.9794, 99.1426, 1869.2739
157.4129, 103.5102, 1874.2737
159.6646, 107.9738, 1879.2730
161.6540, 112.5602, 1884.2723
163.3614, 117.2587, 1889.2714
164.7564, 122.0592, 1894.2705
165.8316, 126.9412, 1899.2695
166.5541, 131.8875, 1904.2683
166.8875, 136.8751, 1909.2670
166.8010, 141.8726, 1914.2653
166.2802, 146.8439, 1919.2638
165.3299, 151.7511, 1924.2622
163.9412, 156.5524, 1929.2602
162.0864, 161.1934, 1934.2582
159.7940, 165.6347, 1939.2562
157.1048, 169.8482, 1944.2547
154.0817, 173.8288, 1949.2532
150.7388, 177.5454, 1954.2520
147.1418, 181.0172, 1959.2511
143.3674, 184.2957, 1964.2506
139.4172, 187.3593, 1969.2496
135.2797, 190.1651, 1974.2487
130.9321, 192.6312, 1979.2471
126.3727, 194.6786, 1984.2451
121.6472, 196.3078, 1989.2435
116.7935, 197.5009, 1994.2417
111.8496, 198.2353, 1999.2399
106.8599, 198.5305, 2004.2383
101.8633, 198.3930, 2009.2368
96.8913, 197.8747, 2014.2357
91.9618, 197.0422, 2019.2350
87.0878, 195.9295, 2024.2344
82.2645, 194.6132, 2029.2341
77.5023, 193.0910, 2034.2337
72.8147, 191.3524, 2039.2333
68.2055, 189.4157, 2044.2328
63.6889, 187.2719, 2049.2324
59.2699, 184.9333, 2054.2321
54.9569, 182.4047, 2059.2316
50.7555, 179.6946, 2064.2313
46.6622, 176.8238, 2069.2309
42.6708, 173.8127, 2074.2307
38.7698, 170.6853, 2079.2306
34.9597, 167.4479, 2084.2303
31.2485, 164.0975, 2089.2302
27.6333, 160.6437, 2094.2300
24.1137, 157.0925, 2099.2299
20.7044, 153.4355, 2104.2296
17.4212, 149.6647, 2109.2294
14.2732, 145.7804, 2114.2292
11.2460, 141.8013, 2119.2289
8.3555, 137.7218, 2124.2286
5.6110, 133.5427, 2129.2283
3.0208, 129.2662, 2134.2281
0.5857, 124.8996, 2139.2278
-1.6944, 120.4500, 2144.2276
-3.8327, 115.9305, 2149.2274
-5.8423, 111.3524, 2154.2271
-7.7010, 106.7109, 2159.2270
-9.4393, 102.0230, 2164.2268
-10.9471, 97.2568, 2169.2258
-12.2464, 92.4291, 2174.2253
-13.3119, 87.5443, 2179.2249
-14.1553, 82.6164, 2184.2245
-14.7416, 77.6515, 2189.2239
-15.0471, 72.6616, 2194.2231
-15.0675, 67.6623, 2199.2225
-14.8300, 62.6684, 2204.2220
-14.3691, 57.6900, 2209.2217
-13.7313, 52.7311, 2214.2214
-12.9803, 47.7879, 2219.2214
-12.1517, 42.8570, 2224.2214
-3.7171, -6.0474, 2273.8478
ENDTABLE

#EMBEDDED_NOTES
#This is a race line obtained by someone driving very slowly and carefully with a desktop driving simulator.
#END_EMBEDDED_NOTES

LOG_ENTRY Used Dataset: Path: X-Y Coordinates; { Handling Course } Handling Course Race Line
#Library : Path: X-Y Coordinates
#DataSet : Handling Course Race Line
#Category: Handling Course
#FileID  : PathXY_31d2e7da-3af1-4380-81ee-25eb4f63d8c6
#Product : TruckSim 2020.1
#VehCode X-Y Coordinates of Path

END
