PARSFILE
#FullDataName Path: X-Y Coordinates`Handling Course`Handling Course
#RingCtrl0 1
SET_IPATH_FOR_ID 0
DEFINE_XY_TABLES 1
ITAB_XY = NTAB_XY
XY_TABLE_ID = ITAB_XY
SET_DESCRIPTION PATH_ID Handling Course
SET_DESCRIPTION XY_TABLE_ID Handling Course
IPATHSEG = 1
PATH_ID_DM = PATH_ID
SEGMENT_TYPE = 1
XY_SEGMENT_ID = XY_TABLE_ID

#CheckBox0 1    
OPT_PATH_LOOP 1
#CheckBox1 0    
#CheckBox4 0    

#RadioCtrl0 0    

SPATH_START 0
#DiagramOne0
SEGMENT_XY_TABLE
0.0000, 0.0000, 0.0000
8.8500, -60.0126, 60.6616
9.5251, -64.6151, 65.3134
10.2247, -69.2276, 69.9786
10.8244, -73.8541, 74.6438
11.1633, -78.5060, 79.3081
11.2008, -83.1705, 83.9727
10.9947, -87.8308, 88.6376
10.5634, -92.4759, 93.3027
9.9327, -97.0981, 97.9677
9.0664, -101.6815, 102.6322
7.8502, -106.1843, 107.2964
6.2622, -110.5694, 111.9602
4.3272, -114.8135, 116.6246
2.1533, -118.9409, 121.2895
-0.1357, -123.0061, 125.9548
-2.4700, -127.0456, 130.6203
-4.9405, -131.0027, 135.2853
-7.5312, -134.8823, 139.9503
-10.2788, -138.6523, 144.6153
-13.2380, -142.2581, 149.2800
-16.4765, -145.6131, 153.9430
-20.0327, -148.6301, 158.6066
-23.8704, -151.2789, 163.2696
-27.9751, -153.4907, 167.9323
-32.2918, -155.2545, 172.5954
-36.7354, -156.6729, 177.2599
-41.2587, -157.8126, 181.9246
-45.8451, -158.6631, 186.5892
-50.4764, -159.2199, 191.2538
-55.1316, -159.5220, 195.9188
-59.7947, -159.6590, 200.5839
-64.4589, -159.5821, 205.2488
-69.1108, -159.2402, 209.9132
-73.7291, -158.5896, 214.5771
-78.2603, -157.4902, 219.2398
-82.6532, -155.9252, 223.9031
-86.8770, -153.9483, 228.5667
-90.9152, -151.6153, 233.2304
-94.7488, -148.9592, 237.8942
-98.3748, -146.0254, 242.5584
-101.8245, -142.8854, 247.2232
-105.0519, -139.5181, 251.8874
-108.0724, -135.9635, 256.5520
-110.8885, -132.2449, 261.2166
-113.4454, -128.3440, 265.8808
-115.7570, -124.2923, 270.5455
-117.8240, -120.1110, 275.2098
-119.5542, -115.7801, 279.8736
-120.9181, -111.3201, 284.5374
-121.9105, -106.7634, 289.2010
-122.4939, -102.1364, 293.8646
-122.7365, -97.4780, 298.5293
-122.8252, -92.8136, 303.1946
-122.7443, -88.1496, 307.8593
-122.4903, -83.4912, 312.5246
-122.1560, -78.8378, 317.1900
-121.7430, -74.1907, 321.8554
-121.2591, -69.5505, 326.5207
-120.7285, -64.9153, 331.1862
-120.1758, -60.2828, 335.8516
-119.5790, -55.6557, 340.5170
-118.9375, -51.0346, 345.1824
-118.3057, -46.4122, 349.8478
-117.7277, -41.7828, 354.5131
-117.2655, -37.1404, 359.1785
-116.9502, -32.4859, 363.8437
-116.8319, -27.8224, 368.5087
-116.9280, -23.1584, 373.1736
-117.2359, -18.5035, 377.8387
-117.6994, -13.8615, 382.5038
-118.2956, -9.2344, 387.1692
-118.9667, -4.6175, 391.8346
-119.6911, -0.0087, 396.5000
-120.4310, 4.5976, 401.1653
-121.1799, 9.2026, 405.8308
-121.9566, 13.8029, 410.4962
-122.7200, 18.4054, 415.1616
-123.4280, 23.0165, 419.8267
-123.9573, 27.6512, 424.4916
-124.1080, 32.3107, 429.1535
-123.6944, 36.9546, 433.8158
-122.7190, 41.5134, 438.4777
-121.1915, 45.9179, 443.1396
-119.1422, 50.1057, 447.8019
-116.6605, 54.0531, 452.4646
-113.7891, 57.7276, 457.1280
-110.6883, 61.2131, 461.7931
-107.5343, 64.6509, 466.4586
-104.3497, 68.0603, 471.1239
-101.1089, 71.4164, 475.7894
-97.8512, 74.7561, 480.4548
-94.5760, 78.0787, 485.1203
-91.2847, 81.3853, 489.7857
-87.9857, 84.6843, 494.4512
-84.6788, 87.9753, 499.1166
-81.4092, 91.3032, 503.7819
-78.1414, 94.6331, 508.4474
-74.8716, 97.9609, 513.1128
-71.6753, 101.3586, 517.7776
-68.8142, 105.0377, 522.4383
-66.5882, 109.1292, 527.0961
-65.2942, 113.5971, 531.7476
-65.1287, 118.2471, 536.4006
-65.9494, 122.8305, 541.0569
-67.6555, 127.1634, 545.7136
-70.0925, 131.1352, 550.3734
-73.0843, 134.7092, 555.0344
-76.5013, 137.8814, 559.6968
-80.2480, 140.6578, 564.3601
-84.2403, 143.0688, 569.0240
-88.3650, 145.2484, 573.6891
-92.5757, 147.2562, 578.3540
-96.8699, 149.0788, 583.0190
-101.2392, 150.7136, 587.6841
-105.6756, 152.1561, 592.3492
-110.1592, 153.4454, 597.0144
-114.6630, 154.6628, 601.6799
-119.1520, 155.9333, 606.3452
-123.5756, 157.4124, 611.0095
-127.8551, 159.2641, 615.6725
-131.8881, 161.6015, 620.3339
-135.5102, 164.5327, 624.9934
-138.6499, 167.9775, 629.6544
-141.2382, 171.8531, 634.3148
-143.2094, 176.0763, 638.9754
-144.5965, 180.5277, 643.6379
-145.6042, 185.0823, 648.3026
-146.4593, 189.6686, 652.9680
-147.2567, 194.2653, 657.6333
-148.0193, 198.8680, 662.2988
-148.7308, 203.4788, 666.9641
-149.4369, 208.0905, 671.6296
-150.1423, 212.7023, 676.2950
-150.8568, 217.3128, 680.9605
-151.5747, 221.9226, 685.6259
-152.2332, 226.5414, 690.2914
-152.8343, 231.1679, 694.9568
-153.3803, 235.8012, 699.6222
-153.8455, 240.4433, 704.2875
-154.2038, 245.0948, 708.9528
-154.4178, 249.7551, 713.6180
-154.3453, 254.4185, 718.2820
-153.9024, 259.0616, 722.9461
-153.0213, 263.6404, 727.6089
-151.5368, 268.0585, 732.2698
-149.3871, 272.1941, 736.9307
-146.7280, 276.0244, 741.5936
-143.6199, 279.4995, 746.2558
-140.1398, 282.6040, 750.9194
-136.4563, 285.4662, 755.5842
-132.5932, 288.0799, 760.2484
-128.5381, 290.3849, 764.9128
-124.3292, 292.3959, 769.5775
-120.0181, 294.1787, 774.2427
-115.6516, 295.8214, 778.9080
-111.2373, 297.3306, 783.5731
-106.7523, 298.6135, 788.2380
-102.2105, 299.6782, 792.9029
-97.6197, 300.5055, 797.5677
-92.9917, 301.0903, 802.2325
-88.3357, 301.3724, 806.8970
-83.6712, 301.3504, 811.5616
-79.0178, 301.0298, 816.2260
-74.3977, 300.3873, 820.8905
-69.8185, 299.4981, 825.5553
-65.2943, 298.3615, 830.2201
-60.8554, 296.9280, 834.8847
-56.5002, 295.2563, 839.5497
-52.2353, 293.3658, 844.2148
-48.0532, 291.2987, 848.8799
-43.9423, 289.0931, 853.5451
-39.8918, 286.7783, 858.2104
-35.8857, 284.3872, 862.8758
-31.8961, 281.9688, 867.5412
-27.9019, 279.5579, 872.2066
-23.8142, 277.3105, 876.8714
-19.5914, 275.3294, 881.5358
-15.2356, 273.6617, 886.1999
-10.7676, 272.3226, 890.8643
-6.2127, 271.3180, 895.5286
-1.6072, 270.5777, 900.1933
3.0359, 270.1312, 904.8578
7.6968, 269.9294, 909.5230
12.3614, 269.8401, 914.1885
17.0262, 269.7686, 918.8538
96.3369, 269.5587, 998.1648
101.0020, 269.5040, 1002.8302
105.6654, 269.3750, 1007.4954
110.3216, 269.0880, 1012.1605
114.9621, 268.6081, 1016.8257
119.5705, 267.8890, 1021.4899
124.0939, 266.7539, 1026.1535
128.4987, 265.2213, 1030.8173
132.7914, 263.3957, 1035.4821
137.0125, 261.4092, 1040.1473
141.1851, 259.3233, 1044.8122
145.2361, 257.0109, 1049.4767
149.1408, 254.4588, 1054.1415
152.9434, 251.7559, 1058.8068
156.6711, 248.9513, 1063.4718
160.2571, 245.9678, 1068.1366
163.6875, 242.8067, 1072.8014
166.9615, 239.4837, 1077.4663
170.1290, 236.0585, 1082.1316
173.1371, 232.4933, 1086.7963
175.9362, 228.7621, 1091.4607
178.4984, 224.8640, 1096.1255
180.8741, 220.8492, 1100.7905
183.1121, 216.7558, 1105.4558
185.2048, 212.5865, 1110.1208
187.1244, 208.3347, 1114.7858
188.8540, 204.0024, 1119.4506
190.3127, 199.5718, 1124.1152
191.4564, 195.0501, 1128.7793
192.2242, 190.4495, 1133.4435
192.9000, 185.8227, 1138.1194
193.5000, 181.1990, 1142.7819
194.0300, 176.5746, 1147.4365
194.4050, 171.9308, 1152.0955
194.6500, 167.2712, 1156.7615
194.8500, 162.6074, 1161.4296
195.0500, 157.9425, 1166.0988
195.2000, 153.2773, 1170.7664
204.1252, -107.7962, 1431.9924
204.3272, -112.4573, 1436.6579
204.4966, -117.1197, 1441.3233
204.6690, -121.7819, 1445.9887
204.8180, -126.4448, 1450.6540
204.8004, -131.1098, 1455.3190
204.4705, -135.7616, 1459.9825
203.6377, -140.3488, 1464.6447
202.1617, -144.7686, 1469.3045
200.0112, -148.9037, 1473.9653
197.2703, -152.6722, 1478.6252
193.9285, -155.9184, 1483.2841
190.0990, -158.5767, 1487.9458
185.9590, -160.7206, 1492.6080
181.6275, -162.4512, 1497.2724
177.1717, -163.4000, 1501.8281
170.0000, -164.0000, 1509.0248
165.0000, -164.4180, 1514.0423
155.0000, -165.2550, 1524.0773
130.0000, -167.3470, 1549.1646
115.0000, -168.6020, 1564.2170
105.0000, -169.4390, 1574.2520
93.5169, -170.4000, 1585.7753
88.8629, -170.5101, 1590.4306
84.2037, -170.3394, 1595.0929
79.6027, -169.5891, 1599.7547
75.1379, -168.2474, 1604.4167
70.8696, -166.3715, 1609.0790
66.8209, -164.0571, 1613.7426
62.9966, -161.3871, 1618.4067
59.3646, -158.4608, 1623.0709
55.9442, -155.2892, 1627.7354
52.7165, -151.9214, 1632.4002
49.7030, -148.3612, 1637.0646
46.9996, -144.5614, 1641.7279
44.6514, -140.5318, 1646.3918
42.6479, -136.3204, 1651.0555
41.0172, -131.9512, 1655.7191
39.7988, -127.4498, 1660.3824
38.9868, -122.8573, 1665.0462
38.5415, -118.2146, 1669.7102
38.4232, -113.5518, 1674.3745
38.6583, -108.8937, 1679.0385
39.2751, -104.2705, 1683.7027
40.2767, -99.7158, 1688.3662
41.6825, -95.2691, 1693.0298
43.4906, -90.9703, 1697.6934
45.6266, -86.8232, 1702.3583
47.8857, -82.7414, 1707.0235
50.3325, -78.7707, 1711.6876
53.2272, -75.1184, 1716.3479
56.6779, -71.9874, 1721.0073
60.5086, -69.3274, 1725.6710
64.4763, -66.8734, 1730.3363
68.5010, -64.5139, 1735.0016
72.5439, -62.1856, 1739.6670
76.5772, -59.8407, 1744.3325
80.5976, -57.4736, 1748.9979
84.6315, -55.1298, 1753.6633
88.6843, -52.8190, 1758.3286
92.7485, -50.5279, 1762.9941
96.8032, -48.2203, 1767.6595
100.8488, -45.8967, 1772.3249
104.8749, -43.5397, 1776.9902
108.8511, -41.0996, 1781.6554
112.6661, -38.4182, 1786.3184
116.0428, -35.2096, 1790.9765
118.7677, -31.4321, 1795.6342
120.7060, -27.1996, 1800.2894
121.7561, -22.6622, 1804.9468
121.9223, -18.0092, 1809.6027
121.1527, -13.4160, 1814.2600
119.7662, -8.9626, 1818.9242
118.2651, -4.5454, 1823.5895
116.8500, -0.0998, 1828.2549
115.5033, 4.3670, 1832.9203
114.3089, 8.8761, 1837.5849
113.4978, 13.4670, 1842.2469
113.3099, 18.1239, 1846.9076
113.8738, 22.7488, 1851.5667
115.1052, 27.2443, 1856.2278
116.8045, 31.5882, 1860.8923
118.6310, 35.8812, 1865.5577
141.6169, 81.2010, 1916.3734
143.7408, 85.3549, 1921.0388
145.8479, 89.5174, 1925.7042
147.9335, 93.6906, 1930.3695
150.0192, 97.8638, 1935.0349
152.0869, 102.0460, 1939.7003
154.1348, 106.2380, 1944.3658
156.1155, 110.4619, 1949.0311
157.9649, 114.7447, 1953.6961
159.6353, 119.1005, 1958.3612
161.0865, 123.5335, 1963.0257
162.2445, 128.0518, 1967.6900
163.0622, 132.6436, 1972.3541
163.4756, 137.2888, 1977.0176
163.5144, 141.9528, 1981.6818
163.1972, 146.6059, 1986.3457
162.4630, 151.2108, 1991.0088
161.2630, 155.7168, 1995.6718
159.6483, 160.0918, 2000.3353
157.6398, 164.3003, 2004.9985
155.2658, 168.3150, 2009.6626
152.5890, 172.1348, 2014.3269
149.6623, 175.7669, 2018.9914
146.5255, 179.2194, 2023.6561
143.2144, 182.5052, 2028.3209
139.7154, 185.5899, 2032.9855
135.9974, 188.4049, 2037.6489
132.0240, 190.8453, 2042.3119
127.8112, 192.8436, 2046.9746
123.4188, 194.4092, 2051.6377
118.8932, 195.5321, 2056.3005
114.2718, 196.1480, 2060.9628
109.6100, 196.1829, 2065.6247
104.9604, 195.8082, 2070.2894
100.3264, 195.2677, 2074.9548
95.7048, 194.6306, 2079.6201
91.0998, 193.8500, 2084.2908
86.5182, 193.0032, 2088.9500
81.9792, 191.9272, 2093.6148
77.4945, 190.6437, 2098.2795
73.0920, 189.1022, 2102.9441
68.8006, 187.2746, 2107.6085
64.6393, 185.1674, 2112.2729
60.6052, 182.8254, 2116.9375
56.7171, 180.2482, 2121.6022
52.9868, 177.4477, 2126.2667
49.4351, 174.4236, 2130.9315
46.0004, 171.2662, 2135.5969
42.6051, 168.0665, 2140.2623
39.2349, 164.8405, 2144.9277
35.9966, 161.4833, 2149.5921
13.2987, 138.0831, 2182.1922
10.2817, 134.5247, 2186.8575
7.3894, 130.8644, 2191.5226
4.6234, 127.1078, 2196.1876
2.0424, 123.2219, 2200.8526
-0.3974, 119.2455, 2205.5178
-2.7124, 115.1952, 2210.1830
-4.8621, 111.0551, 2214.8479
-6.8041, 106.8139, 2219.5126
-8.5075, 102.4711, 2224.1775
-9.9409, 98.0320, 2228.8423
-11.0961, 93.5130, 2233.5066
-11.8871, 88.9172, 2238.1700
-12.1395, 84.2621, 2242.8320
-11.7983, 79.6122, 2247.4944
-11.1000, 75.0077, 2252.1515
-10.4000, 70.4223, 2256.7900
-9.7000, 65.8345, 2261.4309
0.0000, 0.0000, 2327.9762
ENDTABLE

LOG_ENTRY Used Dataset: Path: X-Y Coordinates; { Handling Course } Handling Course
#Library : Path: X-Y Coordinates
#DataSet : Handling Course
#Category: Handling Course
#FileID  : PathXY_a3313409-e843-4fc1-b1d9-5cf400059820
#Product : TruckSim 2020.1
#VehCode X-Y Coordinates of Path

END
