PARSFILE
#FullDataName Tire: Lateral Force`255/75 R16`Touring Tires
#CheckBox0 0    

#RingCtrl0 CARPET_FROM_ZERO
#RadioCtrl0 0    
#RadioCtrl1 0    

*3D_XLabel Vertical load (N)
*3D_YLabel Abs. slip angle [Alpha] (deg)
*3D_ZLabel Abs. lateral tire force Fy (N)

#DiagramTwo0
*3D_DATA 8, 51 ! columns x rows
FY_TIRE_CARPET 2D_FROM_ZERO
0, 2819.41, 5638.82, 8458.24, 11277.65, 14097.06, 16916.47, 19735.88, 22555.3
0.5, 306.2, 600.88, 882.3, 1149.48, 1401.78, 1638.74, 1860.01, 2065.37
1, 605.83, 1189, 1746.07, 2275.1, 2774.82, 3244.29, 3682.86, 4090.04
1.5, 892.78, 1752.48, 2574.01, 3354.57, 4092.23, 4785.63, 5433.75, 6035.88
2, 1161.8, 2281.06, 3351.23, 4368.63, 5330.76, 6235.81, 7082.44, 7869.65
2.5, 1408.82, 2766.79, 4066.08, 5302.21, 6472.14, 7573.62, 8604.98, 9564.94
3, 1631.13, 3204.39, 4710.78, 6145.16, 7503.95, 8784.53, 9984.87, 11103.43
3.5, 1827.46, 3591.29, 5281.5, 6892.37, 8419.86, 9860.96, 11213.35, 12475.2
4, 1997.83, 3927.42, 5778.04, 7543.42, 9219.14, 10801.85, 12288.92, 13678.27
4.5, 2143.28, 4214.8, 6203.19, 8101.76, 9905.76, 11611.53, 13216.18, 14717.36
5, 2265.63, 4456.89, 6561.91, 8573.68, 10487.15, 12298.4, 14004.3, 15602.28
5.5, 2367.15, 4658.08, 6860.54, 8967.25, 10972.93, 12873.45, 14665.46, 16346.2
6, 2450.32, 4823.16, 7106.01, 9291.39, 11373.81, 13348.99, 15213.38, 16964.05
6.5, 2517.61, 4956.95, 7305.33, 9555.12, 11700.69, 13737.6, 15662.17, 17471.29
7, 2571.36, 5064.02, 7465.19, 9767.1, 11964.03, 14051.42, 16025.47, 17882.95
7.5, 2613.7, 5148.56, 7591.68, 9935.26, 12173.47, 14301.67, 16315.97, 18213.03
8, 2646.53, 5214.25, 7690.26, 10066.67, 12337.64, 14498.42, 16545.06, 18474.15
8.5, 2671.48, 5264.33, 7765.64, 10167.52, 12464.06, 14650.49, 16722.78, 18677.46
9, 2689.94, 5301.54, 7821.89, 10243.09, 12559.22, 14765.48, 16857.78, 18832.62
9.5, 2703.09, 5328.18, 7862.41, 10297.87, 12628.63, 14849.86, 16957.46, 18947.88
10, 2711.91, 5346.21, 7890.07, 10335.61, 12676.9, 14909.09, 17028.06, 19030.22
10.5, 2717.21, 5357.22, 7907.26, 10359.46, 12707.9, 14947.72, 17074.79, 19085.51
11, 2719.66, 5362.55, 7915.95, 10372.01, 12724.83, 14969.54, 17102.02, 19118.65
11.5, 2719.82, 5363.29, 7917.76, 10375.41, 12730.34, 14977.71, 17113.38, 19133.71
12, 2718.14, 5360.35, 7914.04, 10371.43, 12726.63, 14974.81, 17111.84, 19134.07
12.5, 2714.98, 5354.46, 7905.89, 10361.53, 12715.5, 14963, 17099.89, 19122.53
13, 2710.66, 5346.22, 7894.2, 10346.89, 12698.43, 14944.03, 17079.56, 19101.4
13.5, 2705.42, 5336.13, 7879.72, 10328.49, 12676.64, 14919.36, 17052.55, 19072.58
14, 2699.47, 5324.6, 7863.04, 10307.15, 12651.12, 14890.18, 17020.22, 19037.64
14.5, 2692.97, 5311.96, 7844.68, 10283.53, 12622.71, 14857.47, 16983.73, 18997.87
15, 2686.05, 5298.47, 7825.03, 10258.15, 12592.06, 14822.04, 16944, 18954.35
15.5, 2678.82, 5284.36, 7804.42, 10231.46, 12559.74, 14784.54, 16901.81, 18907.95
16, 2671.39, 5269.8, 7783.12, 10203.82, 12526.19, 14745.53, 16857.79, 18859.39
16.5, 2663.81, 5254.95, 7761.36, 10175.53, 12491.79, 14705.44, 16812.45, 18809.27
17, 2656.15, 5239.92, 7739.31, 10146.83, 12456.83, 14664.64, 16766.24, 18758.07
17.5, 2648.45, 5224.82, 7717.11, 10117.91, 12421.57, 14623.42, 16719.48, 18706.2
18, 2640.76, 5209.71, 7694.9, 10088.94, 12386.19, 14582.03, 16672.46, 18653.97
18.5, 2633.11, 5194.66, 7672.76, 10060.03, 12350.87, 14540.66, 16625.43, 18601.65
19, 2625.51, 5179.72, 7650.77, 10031.3, 12315.73, 14499.47, 16578.55, 18549.47
19.5, 2618, 5164.94, 7628.98, 10002.82, 12280.89, 14458.59, 16531.99, 18497.6
20, 2610.59, 5150.33, 7607.46, 9974.67, 12246.41, 14418.12, 16485.87, 18446.16
20.5, 2603.28, 5135.93, 7586.23, 9946.89, 12212.37, 14378.14, 16440.27, 18395.29
21, 2596.09, 5121.76, 7565.32, 9919.51, 12178.83, 14338.72, 16395.28, 18345.07
21.5, 2589.02, 5107.83, 7544.76, 9892.59, 12145.8, 14299.89, 16350.96, 18295.56
22, 2582.08, 5094.15, 7524.57, 9866.12, 12113.34, 14261.7, 16307.34, 18246.82
22.5, 2575.28, 5080.72, 7504.74, 9840.14, 12081.45, 14224.18, 16264.47, 18198.88
23, 2568.6, 5067.56, 7485.29, 9814.64, 12050.15, 14187.34, 16222.36, 18151.78
23.5, 2562.07, 5054.66, 7466.23, 9789.64, 12019.45, 14151.19, 16181.02, 18105.54
24, 2555.66, 5042.02, 7447.55, 9765.14, 11989.35, 14115.74, 16140.48, 18060.16
24.5, 2549.39, 5029.64, 7429.26, 9741.13, 11959.86, 14080.99, 16100.72, 18015.65
25, 2543.26, 5017.52, 7411.34, 9717.62, 11930.96, 14046.94, 16061.75, 17972.01
26, 2543.26, 5017.52, 7411.34, 9717.62, 11930.96, 14046.94, 16061.75, 17972.01
ENDTABLE

MU_REF_Y 1.0


LOG_ENTRY Used Dataset: Tire: Lateral Force; { Touring Tires } 255/75 R16
#Library : Tire: Lateral Force
#DataSet : 255/75 R16
#Category: Touring Tires
#FileID  : TireFy_b6059069-1150-41f6-b04d-cec9c1554035
#Product : TruckSim 2020.1
#VehCode Tire: Fy

END
