PARSFILE
#FullDataName Tire: Lateral Force`MF-Tyre / MF-Swift Fy vs. Gamma`MF-Tyre / MF-Swift Example
#CheckBox0 0    

#RingCtrl0 CARPET_FROM_ZERO
#RadioCtrl0 0    
#RadioCtrl1 0    

*3D_XLabel Vertical load (N)
*3D_YLabel Abs. slip angle [Alpha] (deg)
*3D_ZLabel Abs. lateral tire force Fy (N)

#DiagramTwo0
*3D_DATA 5, 80 ! columns x rows
FY_TIRE_CARPET 2D_FROM_ZERO
0, 2000, 8000, 20000, 40000, 60000
0.5, 126.038, 501.299, 1215.1, 2193.11, 2832.05
1, 250.14, 994.743, 2411.08, 4354.43, 5629.12
1.5, 370.495, 1472.99, 3570.03, 6453.96, 8357.72
2, 485.522, 1929.64, 4676.32, 8465.01, 10987.3
2.5, 593.951, 2359.57, 5717.37, 10365.4, 13491.4
3, 694.858, 2759.06, 6683.99, 12138.3, 15848.4
3.5, 787.669, 3125.83, 7570.47, 13772, 18041.8
4, 872.135, 3458.92, 8374.29, 15260.4, 20060.7
4.5, 948.284, 3758.47, 9095.66, 16601.6, 21899.1
5, 1016.37, 4025.54, 9736.98, 17797.8, 23555.7
5.5, 1076.79, 4261.79, 10302.2, 18854.4, 25033.2
6, 1130.06, 4469.34, 10796.5, 19778.8, 26337.4
6.5, 1176.76, 4650.52, 11225.5, 20580.1, 27476.9
7, 1217.49, 4807.77, 11595, 21267.9, 28461.6
7.5, 1252.84, 4943.49, 11911.1, 21852.6, 29302.9
8, 1283.38, 5059.98, 12179.4, 22344.1, 30012.7
8.5, 1309.64, 5159.41, 12405.2, 22752.3, 30603
9, 1332.12, 5243.75, 12593.5, 23086.3, 31085.7
9.5, 1351.27, 5314.82, 12748.8, 23354.7, 31472.1
10, 1367.49, 5374.24, 12875.1, 23565.5, 31773
10.5, 1381.13, 5423.44, 12976.2, 23725.7, 31998.4
11, 1392.52, 5463.7, 13055.1, 23841.8, 32157.5
11.5, 1401.93, 5496.16, 13114.8, 23919.6, 32258.8
12, 1409.62, 5521.8, 13157.8, 23964.1, 32309.9
12.5, 1415.79, 5541.5, 13186.2, 23980, 32317.5
13, 1420.65, 5556.01, 13202.1, 23971.2, 32287.8
13.5, 1424.35, 5566, 13207.1, 23941.3, 32226.2
14, 1427.03, 5572.06, 13202.6, 23893.3, 32137.4
14.5, 1428.84, 5574.7, 13190.1, 23829.9, 32025.8
15, 1429.87, 5574.35, 13170.5, 23753.6, 31894.8
15.5, 1430.23, 5571.41, 13145, 23666.4, 31747.9
16, 1430, 5566.23, 13114.4, 23570.1, 31587.9
16.5, 1429.25, 5559.1, 13079.4, 23466.2, 31417.1
17, 1428.06, 5550.28, 13040.7, 23356.2, 31237.7
17.5, 1426.47, 5540.01, 12998.9, 23241.3, 31051.6
18, 1424.55, 5528.49, 12954.5, 23122.4, 30860.4
18.5, 1422.33, 5515.89, 12907.9, 23000.4, 30665.4
19, 1419.85, 5502.38, 12859.6, 22876.2, 30467.9
19.5, 1417.15, 5488.08, 12809.8, 22750.4, 30268.8
20, 1414.26, 5473.14, 12758.8, 22623.6, 30069.1
20.5, 1411.21, 5457.64, 12707, 22496.3, 29869.4
21, 1408.02, 5441.69, 12654.6, 22368.9, 29670.4
21.5, 1404.72, 5425.37, 12601.7, 22241.8, 29472.7
22, 1401.31, 5408.75, 12548.5, 22115.3, 29276.7
22.5, 1397.83, 5391.9, 12495.2, 21989.6, 29082.7
23, 1394.28, 5374.88, 12441.9, 21865.1, 28891.2
23.5, 1390.67, 5357.74, 12388.7, 21741.8, 28702.2
24, 1387.03, 5340.52, 12335.8, 21620, 28516.2
24.5, 1383.35, 5323.27, 12283.2, 21499.7, 28333.1
25, 1379.65, 5306.01, 12230.9, 21381.2, 28153.2
25.5, 1375.94, 5288.79, 12179.1, 21264.4, 27976.6
26, 1372.22, 5271.62, 12127.9, 21149.5, 27803.3
26.5, 1368.51, 5254.53, 12077.1, 21036.5, 27633.4
27, 1364.8, 5237.55, 12027, 20925.5, 27466.9
27.5, 1361.1, 5220.69, 11977.5, 20816.4, 27303.9
28, 1357.42, 5203.96, 11928.7, 20709.4, 27144.3
28.5, 1353.77, 5187.39, 11880.5, 20604.4, 26988.1
29, 1350.13, 5170.98, 11833.1, 20501.4, 26835.4
29.5, 1346.52, 5154.74, 11786.3, 20400.4, 26686
30, 1342.95, 5138.69, 11740.3, 20301.5, 26540
30.5, 1339.4, 5122.83, 11695.1, 20204.6, 26397.4
31, 1335.9, 5107.16, 11650.5, 20109.6, 26257.9
31.5, 1332.42, 5091.7, 11606.8, 20016.7, 26121.7
32, 1328.99, 5076.45, 11563.7, 19925.7, 25988.7
32.5, 1325.6, 5061.41, 11521.4, 19836.6, 25858.7
33, 1322.24, 5046.59, 11479.9, 19749.4, 25731.8
33.5, 1318.93, 5031.98, 11439.1, 19664.1, 25607.9
34, 1315.66, 5017.59, 11399.1, 19580.7, 25486.9
34.5, 1312.44, 5003.42, 11359.8, 19499, 25368.7
35, 1309.26, 4989.48, 11321.2, 19419.2, 25253.4
35.5, 1306.12, 4975.75, 11283.3, 19341, 25140.8
36, 1303.03, 4962.24, 11246.2, 19264.6, 25030.8
36.5, 1299.99, 4948.96, 11209.8, 19189.9, 24923.5
37, 1296.99, 4935.89, 11174, 19116.8, 24818.8
37.5, 1294.03, 4923.05, 11139, 19045.4, 24716.5
38, 1291.12, 4910.42, 11104.6, 18975.5, 24616.6
38.5, 1288.26, 4898, 11070.9, 18907.2, 24519.2
39, 1285.44, 4885.8, 11037.9, 18840.4, 24424
39.5, 1282.66, 4873.82, 11005.5, 18775, 24331.1
40, 1282.66, 4873.82, 11005.5, 18775, 24331.1
ENDTABLE

MU_REF_Y 1.0


LOG_ENTRY Used Dataset: Tire: Lateral Force; { MF-Tyre / MF-Swift Example } MF-Tyre / MF-Swift Fy vs. Gamma
#Library : Tire: Lateral Force
#DataSet : MF-Tyre / MF-Swift Fy vs. Gamma
#Category: MF-Tyre / MF-Swift Example
#FileID  : TireFy_9083a49a-9ba7-46d8-8561-c93dec20e9dd
#Product : TruckSim 2020.1
#VehCode Tire: Fy

END
