PARSFILE
#FullDataName Tire: Lateral Force`235/80 R16 - Trailer`Trailer and Light Truck Tires
#CheckBox0 0    

#RingCtrl0 CARPET_FROM_ZERO
#RadioCtrl0 0    
#RadioCtrl1 0    

*3D_XLabel Vertical load (N)
*3D_YLabel Abs. slip angle [Alpha] (deg)
*3D_ZLabel Abs. lateral tire force Fy (N)

#DiagramTwo0
*3D_DATA 8, 51 ! columns x rows
FY_TIRE_CARPET 2D_FROM_ZERO
0, 3922.66, 7845.32, 11767.98, 15690.64, 19613.3, 23535.96, 27458.62, 31381.28
0.5, 436.67, 839.74, 1204.79, 1529.9, 1814.22, 2057.59, 2260.35, 2423.2
1, 858.37, 1651.6, 2371.01, 3012.71, 3574.92, 4057.17, 4459.95, 4784.5
1.5, 1252.28, 2411.59, 3465.25, 4407.43, 5235.22, 5947.62, 6544.97, 7028.69
2, 1609.22, 3102.28, 4462.99, 5683.53, 6759.74, 7689.81, 8473.61, 9112.35
2.5, 1924.12, 3713.86, 5349.96, 6822.74, 8126.71, 9258.99, 10218.67, 11006.43
3, 2195.69, 4243.44, 6121.47, 7818.4, 9327.36, 10644.32, 11767.36, 12696.32
3.5, 2425.49, 4693.54, 6780.37, 8673.13, 10363.62, 11846.61, 13119.1, 14179.86
4, 2616.92, 5070.2, 7334.57, 9395.93, 11244.89, 12875.09, 14282.37, 15464.42
4.5, 2774.29, 5381.32, 7794.76, 9999.48, 11985.11, 13744.2, 15271.53, 16563.7
5, 2902.16, 5635.39, 8172.63, 10497.97, 12600.19, 14470.94, 16104.02, 17494.97
5.5, 3004.95, 5840.7, 8479.74, 10905.6, 13106.37, 15072.95, 16798.25, 18276.9
6, 3086.65, 6004.83, 8726.8, 11235.69, 13519.06, 15567.17, 17372.23, 18928.04
6.5, 3150.77, 6134.5, 8923.36, 11500.22, 13852.26, 15969.23, 17842.74, 19465.88
7, 3200.34, 6235.49, 9077.7, 11709.69, 14118.34, 16293.02, 18224.86, 19906.36
7.5, 3237.88, 6312.7, 9196.89, 11873.09, 14328, 16550.69, 18531.89, 20263.64
8, 3265.5, 6370.25, 9286.89, 11998.08, 14490.38, 16752.66, 18775.36, 20550.11
8.5, 3284.95, 6411.55, 9352.69, 12091.07, 14613.21, 16907.83, 18965.13, 20776.45
9, 3297.7, 6439.45, 9398.43, 12157.44, 14703, 17023.72, 19109.64, 20951.85
9.5, 3304.92, 6456.27, 9427.56, 12201.68, 14765.2, 17106.66, 19216, 21084.12
10, 3307.61, 6463.98, 9442.93, 12227.53, 14804.37, 17161.99, 19290.24, 21179.89
10.5, 3306.56, 6464.16, 9446.94, 12238.11, 14824.33, 17194.18, 19337.44, 21244.8
11, 3302.47, 6458.16, 9441.54, 12235.99, 14828.27, 17206.98, 19361.89, 21283.62
11.5, 3295.87, 6447.06, 9428.37, 12223.36, 14818.87, 17203.55, 19367.2, 21300.39
12, 3287.22, 6431.79, 9408.81, 12202, 14798.35, 17186.55, 19356.42, 21298.53
12.5, 3276.91, 6413.1, 9383.98, 12173.44, 14768.59, 17158.2, 19332.13, 21280.93
13, 3265.25, 6391.63, 9354.83, 12138.94, 14731.17, 17120.39, 19296.5, 21250.07
13.5, 3252.51, 6367.9, 9322.16, 12099.56, 14687.43, 17074.71, 19251.37, 21208.03
14, 3238.9, 6342.36, 9286.64, 12056.2, 14638.46, 17022.5, 19198.33, 21156.59
14.5, 3224.61, 6315.37, 9248.83, 12009.59, 14585.23, 16964.9, 19138.68, 21097.28
15, 3209.78, 6287.24, 9209.19, 11960.38, 14528.52, 16902.86, 19073.57, 21031.39
15.5, 3194.56, 6258.24, 9168.11, 11909.1, 14469.02, 16837.22, 19003.94, 20960.02
16, 3179.04, 6228.58, 9125.94, 11856.19, 14407.28, 16768.65, 18930.64, 20884.12
16.5, 3163.31, 6198.44, 9082.94, 11802.04, 14343.8, 16697.77, 18854.34, 20804.49
17, 3147.45, 6167.98, 9039.37, 11746.97, 14278.99, 16625.05, 18775.66, 20721.84
17.5, 3131.52, 6137.33, 8995.4, 11691.25, 14213.19, 16550.94, 18695.1, 20636.75
18, 3115.58, 6106.59, 8951.21, 11635.11, 14146.7, 16475.81, 18613.1, 20549.74
18.5, 3099.66, 6075.85, 8906.94, 11578.75, 14079.77, 16399.94, 18530.02, 20461.24
19, 3083.81, 6045.19, 8862.72, 11522.31, 14012.61, 16323.63, 18446.19, 20371.63
19.5, 3068.05, 6014.67, 8818.62, 11465.96, 13945.4, 16247.07, 18361.89, 20281.23
20, 3052.41, 5984.34, 8774.74, 11409.79, 13878.3, 16170.48, 18277.33, 20190.32
20.5, 3036.91, 5954.25, 8731.15, 11353.9, 13811.42, 16094, 18192.73, 20099.14
21, 3021.56, 5924.44, 8687.91, 11298.38, 13744.88, 16017.78, 18108.25, 20007.89
21.5, 3006.38, 5894.92, 8645.05, 11243.29, 13678.77, 15941.93, 18024.03, 19916.74
22, 2991.38, 5865.72, 8602.62, 11188.69, 13613.16, 15866.55, 17940.19, 19825.84
22.5, 2976.56, 5836.86, 8560.64, 11134.63, 13548.11, 15791.72, 17856.84, 19735.32
23, 2961.94, 5808.36, 8519.15, 11081.13, 13483.68, 15717.5, 17774.07, 19645.28
23.5, 2947.51, 5780.23, 8478.16, 11028.23, 13419.9, 15643.96, 17691.94, 19555.82
24, 2933.29, 5752.47, 8437.68, 10975.94, 13356.81, 15571.13, 17610.52, 19467
24.5, 2919.27, 5725.09, 8397.73, 10924.3, 13294.43, 15499.06, 17529.84, 19378.9
25, 2905.45, 5698.09, 8358.31, 10873.31, 13232.79, 15427.77, 17449.97, 19291.57
25.5, 2905.45, 5698.09, 8358.31, 10873.31, 13232.79, 15427.77, 17449.97, 19291.57
ENDTABLE

MU_REF_Y 1.0


LOG_ENTRY Used Dataset: Tire: Lateral Force; { Trailer and Light Truck Tires } 235/80 R16 - Trailer
#Library : Tire: Lateral Force
#DataSet : 235/80 R16 - Trailer
#Category: Trailer and Light Truck Tires
#FileID  : TireFy_79fe4fdf-dc79-4d33-a39f-3c6b9048b07c
#Product : TruckSim 2020.1
#VehCode Tire: Fy

END
