PARSFILE
#FullDataName Tire: Lateral Force`265/75 R16`Trailer and Light Truck Tires
#CheckBox0 0    

#RingCtrl0 CARPET_FROM_ZERO
#RadioCtrl0 0    
#RadioCtrl1 0    

*3D_XLabel Vertical load (N)
*3D_YLabel Abs. slip angle [Alpha] (deg)
*3D_ZLabel Abs. lateral tire force Fy (N)

#DiagramTwo0
*3D_DATA 8, 51 ! columns x rows
FY_TIRE_CARPET 2D_FROM_ZERO
0, 2819.41, 5638.82, 8458.24, 11277.65, 14097.06, 16916.47, 19735.88, 22555.3
0.5, 329.58, 633.8, 909.33, 1154.7, 1369.28, 1552.96, 1705.99, 1828.89
1, 648.04, 1246.9, 1790, 2274.43, 2698.83, 3062.86, 3366.88, 3611.83
1.5, 945.81, 1821.35, 2617.08, 3328.56, 3953.62, 4491.51, 4942.48, 5307.63
2, 1215.89, 2343.97, 3371.97, 4293.99, 5106.92, 5809.37, 6401.27, 6883.54
2.5, 1454.34, 2807.04, 4043.54, 5156.52, 6141.82, 6997.3, 7722.26, 8317.22
3, 1659.96, 3208.03, 4627.74, 5910.47, 7051.03, 8046.37, 8895.04, 9596.91
3.5, 1833.72, 3548.45, 5126.18, 6557.19, 7835.24, 8956.38, 9918.31, 10720.1
4, 1978.06, 3832.57, 5544.42, 7102.92, 8500.93, 9733.58, 10797.72, 11691.54
4.5, 2096.12, 4066.18, 5890.26, 7556.89, 9058.15, 10388.36, 11543.5, 12520.93
5, 2191.36, 4255.65, 6172.44, 7929.66, 9518.74, 10933.28, 12168.49, 13220.91
5.5, 2267.11, 4407.27, 6399.73, 8231.98, 9894.93, 11381.59, 12686.5, 13805.43
6, 2326.48, 4526.89, 6580.35, 8474.05, 10198.51, 11746.24, 13111.19, 14288.52
6.5, 2372.2, 4619.73, 6721.71, 8665.16, 10440.3, 12039.24, 13455.47, 14683.59
7, 2406.62, 4690.32, 6830.31, 8813.51, 10629.93, 12271.41, 13731.04, 15002.96
7.5, 2431.75, 4742.52, 6911.69, 8926.16, 10775.81, 12452.25, 13948.28, 15257.68
8, 2449.26, 4779.59, 6970.57, 9009.16, 10885.14, 12589.98, 14116.27, 15457.46
8.5, 2460.54, 4804.23, 7010.91, 9067.59, 10964.04, 12691.63, 14242.79, 15610.74
9, 2466.74, 4818.71, 7036, 9105.72, 11017.68, 12763.18, 14334.52, 15724.78
9.5, 2468.82, 4824.88, 7048.58, 9127.13, 11050.39, 12809.64, 14397.12, 15805.77
10, 2467.54, 4824.29, 7050.91, 9134.78, 11065.79, 12835.26, 14435.38, 15859
10.5, 2463.55, 4818.2, 7044.88, 9131.13, 11066.91, 12843.59, 14453.33, 15888.94
11, 2457.38, 4807.65, 7032.05, 9118.23, 11056.28, 12837.6, 14454.37, 15899.37
11.5, 2449.45, 4793.52, 7013.68, 9097.78, 11036, 12819.78, 14441.37, 15893.5
12, 2440.13, 4776.5, 6990.86, 9071.2, 11007.82, 12792.23, 14416.71, 15874.03
12.5, 2429.71, 4757.19, 6964.46, 9039.66, 10973.21, 12756.69, 14382.43, 15843.24
13, 2418.42, 4736.06, 6935.2, 9004.14, 10933.38, 12714.62, 14340.23, 15803.06
13.5, 2406.46, 4713.53, 6903.71, 8965.44, 10889.36, 12667.24, 14291.54, 15755.13
14, 2394, 4689.91, 6870.46, 8924.25, 10842, 12615.6, 14237.56, 15700.82
14.5, 2381.18, 4665.49, 6835.89, 8881.12, 10792.02, 12560.55, 14179.31, 15641.29
15, 2368.09, 4640.49, 6800.34, 8836.52, 10739.99, 12502.81, 14117.64, 15577.54
15.5, 2354.84, 4615.09, 6764.08, 8790.84, 10686.43, 12442.99, 14053.28, 15510.4
16, 2341.5, 4589.44, 6727.37, 8744.41, 10631.75, 12381.61, 13986.82, 15440.58
16.5, 2328.13, 4563.69, 6690.39, 8697.5, 10576.3, 12319.09, 13918.79, 15368.66
17, 2314.78, 4537.92, 6653.31, 8650.33, 10520.36, 12255.79, 13849.62, 15295.17
17.5, 2301.5, 4512.23, 6616.26, 8603.08, 10464.17, 12192.01, 13779.66, 15220.53
18, 2288.3, 4486.68, 6579.35, 8555.92, 10407.94, 12128, 13709.23, 15145.11
18.5, 2275.23, 4461.33, 6542.67, 8508.96, 10351.84, 12063.98, 13638.59, 15069.2
19, 2262.31, 4436.23, 6506.29, 8462.3, 10296, 12000.11, 13567.94, 14993.07
19.5, 2249.54, 4411.41, 6470.28, 8416.05, 10240.54, 11936.55, 13497.46, 14916.94
20, 2236.94, 4386.91, 6434.68, 8370.25, 10185.54, 11873.42, 13427.32, 14840.99
20.5, 2224.53, 4362.74, 6399.52, 8324.97, 10131.08, 11810.8, 13357.63, 14765.37
21, 2212.32, 4338.92, 6364.84, 8280.26, 10077.23, 11748.79, 13288.49, 14690.22
21.5, 2200.29, 4315.46, 6330.66, 8236.14, 10024.04, 11687.45, 13220, 14615.63
22, 2188.47, 4292.38, 6296.99, 8192.64, 9971.53, 11626.82, 13152.21, 14541.7
22.5, 2176.85, 4269.68, 6263.85, 8149.78, 9919.75, 11566.97, 13085.19, 14468.5
23, 2165.43, 4247.36, 6231.25, 8107.58, 9868.7, 11507.9, 13018.98, 14396.08
23.5, 2154.22, 4225.42, 6199.18, 8066.04, 9818.42, 11449.65, 12953.62, 14324.5
24, 2143.21, 4203.87, 6167.65, 8025.17, 9768.9, 11392.24, 12889.12, 14253.78
24.5, 2132.4, 4182.7, 6136.65, 7984.96, 9720.15, 11335.67, 12825.51, 14183.97
25, 2121.78, 4161.9, 6106.2, 7945.43, 9672.17, 11279.95, 12762.8, 14115.07
26, 2121.78, 4161.9, 6106.2, 7945.43, 9672.17, 11279.95, 12762.8, 14115.07
ENDTABLE

MU_REF_Y 1.0


#EMBEDDED_NOTES
#265/75 R16
#
#Lateral Force vs. Slip Angle
#
#The corresponding vehicle is the Large European Van with independent front and rear suspensions (I_I).
#END_EMBEDDED_NOTES

LOG_ENTRY Used Dataset: Tire: Lateral Force; { Trailer and Light Truck Tires } 265/75 R16
#Library : Tire: Lateral Force
#DataSet : 265/75 R16
#Category: Trailer and Light Truck Tires
#FileID  : TireFy_e3c7f9b8-f23b-4346-bca3-172666aada08
#Product : TruckSim 2020.1
#VehCode Tire: Fy

END
