PARSFILE
#FullDataName Tire: Lateral Force`215/70 R15`Touring Tires
#CheckBox0 0    

#RingCtrl0 CARPET_FROM_ZERO
#RadioCtrl0 0    
#RadioCtrl1 0    

*3D_XLabel Vertical load (N)
*3D_YLabel Abs. slip angle [Alpha] (deg)
*3D_ZLabel Abs. lateral tire force Fy (N)

#DiagramTwo0
*3D_DATA 8, 51 ! columns x rows
FY_TIRE_CARPET 2D_FROM_ZERO
0, 1961.33, 3922.66, 5883.99, 7845.32, 9806.65, 11767.98, 13729.31, 15690.64
0.5, 250.31, 481.36, 690.6, 876.93, 1039.87, 1179.33, 1295.5, 1388.8
1, 493.11, 948.72, 1361.83, 1730.22, 2052.89, 2329.57, 2560.56, 2746.58
1.5, 721.68, 1389.53, 1996.27, 2538.54, 3014.7, 3424.2, 3767.3, 4044.84
2, 930.76, 1793.91, 2580.06, 3284.7, 3905.51, 4441.47, 4892.59, 5259.66
2.5, 1116.96, 2155.31, 3103.81, 3956.89, 4711.4, 5365.76, 5919.54, 6373.24
3, 1278.74, 2470.61, 3562.87, 4548.9, 5424.74, 6188.12, 6838.03, 7374.47
3.5, 1416.23, 2739.82, 3956.83, 5059.72, 6043.73, 6905.85, 7644.41, 8258.78
4, 1530.8, 2965.3, 4288.62, 5492.47, 6571.34, 7521.51, 8340.58, 9027.25
4.5, 1624.63, 3150.95, 4563.44, 5853.16, 7013.97, 8041.48, 8932.61, 9685.35
5, 1700.3, 3301.52, 4787.69, 6149.42, 7380.04, 8474.58, 9429.31, 10241.58
5.5, 1760.46, 3421.92, 4968.2, 6389.56, 7678.91, 8830.8, 9840.96, 10706.13
6, 1807.61, 3516.91, 5111.61, 6581.75, 7919.94, 9120.35, 10178.25, 11089.87
6.5, 1844.03, 3590.79, 5224.03, 6733.63, 8112, 9353.01, 10451.59, 11403.54
7, 1871.69, 3647.37, 5310.86, 6852.01, 8263.08, 9537.73, 10670.63, 11657.23
7.5, 1892.25, 3689.86, 5376.76, 6942.81, 8380.2, 9682.45, 10844.04, 11860.14
8, 1907.12, 3720.97, 5425.66, 7011.08, 8469.39, 9794.05, 10979.39, 12020.4
8.5, 1917.43, 3742.93, 5460.81, 7061.02, 8535.74, 9878.38, 11083.2, 12145.04
9, 1924.1, 3757.57, 5484.89, 7096.13, 8583.49, 9940.38, 11161, 12240.13
9.5, 1927.89, 3766.37, 5500.11, 7119.29, 8616.15, 9984.14, 11217.43, 12310.76
10, 1929.39, 3770.53, 5508.25, 7132.84, 8636.62, 10013.07, 11256.38, 12361.26
10.5, 1929.1, 3771.01, 5510.74, 7138.69, 8647.26, 10029.97, 11281.04, 12395.19
11, 1927.41, 3768.6, 5508.76, 7138.4, 8650.01, 10037.15, 11294.09, 12415.57
11.5, 1924.61, 3763.91, 5503.25, 7133.24, 8646.43, 10036.49, 11297.7, 12424.85
12, 1920.97, 3757.46, 5494.97, 7124.21, 8637.83, 10029.53, 11293.69, 12425.11
12.5, 1916.68, 3749.64, 5484.53, 7112.15, 8625.23, 10017.55, 11283.54, 12418.03
13, 1911.9, 3740.79, 5472.43, 7097.73, 8609.5, 10001.58, 11268.45, 12405.02
13.5, 1906.76, 3731.15, 5459.07, 7081.5, 8591.32, 9982.46, 11249.45, 12387.23
14, 1901.36, 3720.94, 5444.76, 7063.88, 8571.26, 9960.88, 11227.34, 12365.63
14.5, 1895.78, 3710.33, 5429.77, 7045.24, 8549.78, 9937.41, 11202.8, 12341
15, 1890.09, 3699.45, 5414.3, 7025.87, 8527.24, 9912.51, 11176.39, 12314
15.5, 1884.34, 3688.4, 5398.53, 7005.99, 8503.95, 9886.55, 11148.57, 12285.16
16, 1878.56, 3677.28, 5382.58, 6985.8, 8480.15, 9859.84, 11119.7, 12254.93
16.5, 1872.8, 3666.16, 5366.57, 6965.45, 8456.05, 9832.64, 11090.09, 12223.68
17, 1867.07, 3655.08, 5350.58, 6945.05, 8431.8, 9805.15, 11060.01, 12191.69
17.5, 1861.41, 3644.08, 5334.68, 6924.71, 8407.54, 9777.53, 11029.64, 12159.23
18, 1855.81, 3633.22, 5318.92, 6904.5, 8383.37, 9749.91, 10999.16, 12126.5
18.5, 1850.3, 3622.49, 5303.35, 6884.49, 8359.36, 9722.41, 10968.7, 12093.67
19, 1844.89, 3611.94, 5288, 6864.72, 8335.6, 9695.12, 10938.38, 12060.87
19.5, 1839.57, 3601.57, 5272.89, 6845.23, 8312.12, 9668.1, 10908.28, 12028.2
20, 1834.36, 3591.39, 5258.04, 6826.05, 8288.98, 9641.4, 10878.48, 11995.78
20.5, 1829.25, 3581.41, 5243.46, 6807.19, 8266.2, 9615.07, 10849.02, 11963.66
21, 1824.26, 3571.64, 5229.17, 6788.68, 8243.79, 9589.14, 10819.97, 11931.9
21.5, 1819.37, 3562.07, 5215.17, 6770.52, 8221.79, 9563.64, 10791.34, 11900.55
22, 1814.6, 3552.71, 5201.46, 6752.73, 8200.2, 9538.59, 10763.17, 11869.65
22.5, 1809.93, 3543.56, 5188.04, 6735.29, 8179.03, 9513.98, 10735.47, 11839.22
23, 1805.37, 3534.61, 5174.92, 6718.22, 8158.28, 9489.84, 10708.26, 11809.29
23.5, 1800.92, 3525.87, 5162.08, 6701.51, 8137.96, 9466.17, 10681.54, 11779.86
24, 1796.57, 3517.32, 5149.52, 6685.16, 8118.05, 9442.97, 10655.33, 11750.94
24.5, 1792.32, 3508.97, 5137.25, 6669.17, 8098.56, 9420.23, 10629.61, 11722.55
25, 1788.17, 3500.82, 5125.25, 6653.52, 8079.48, 9397.95, 10604.39, 11694.68
26, 1788.17, 3500.82, 5125.25, 6653.52, 8079.48, 9397.95, 10604.39, 11694.68
ENDTABLE

MU_REF_Y 1.0


LOG_ENTRY Used Dataset: Tire: Lateral Force; { Touring Tires } 215/70 R15
#Library : Tire: Lateral Force
#DataSet : 215/70 R15
#Category: Touring Tires
#FileID  : TireFy_5fd1a95f-a7d5-4ec3-875e-fc2a7a0c4736
#Product : TruckSim 2020.1
#VehCode Tire: Fy

END
