PARSFILE
#FullDataName Tire: Lateral Force`MF-Tyre / MF-Swift Asymmetric`MF-Tyre / MF-Swift Example
#CheckBox0 0    

#RingCtrl0 2D_SPLINE
#RadioCtrl0 0    
#RadioCtrl1 0    

*3D_XLabel Vertical load (N)
*3D_YLabel Slip angle [Alpha] (deg)
*3D_ZLabel Lateral tire force Fy (N)

#DiagramTwo0
*3D_DATA 6, 161 ! columns x rows
FY_TIRE_CARPET 2D_SPLINE
0, 0, 2000, 8000, 20000, 40000, 60000
-40, 0, 1493.19, 5661.38, 12739.6, 21685.4, 28104.9
-39.5, 0, 1498.17, 5682.65, 12796.1, 21798.1, 28265
-39, 0, 1503.18, 5704.08, 12853.2, 21912.4, 28427.9
-38.5, 0, 1508.22, 5725.68, 12910.9, 22028.4, 28593.5
-38, 0, 1513.28, 5747.42, 12969.2, 22146, 28761.8
-37.5, 0, 1518.37, 5769.32, 13028.1, 22265.4, 28933
-37, 0, 1523.48, 5791.36, 13087.5, 22386.4, 29107.1
-36.5, 0, 1528.61, 5813.54, 13147.6, 22509.1, 29284.1
-36, 0, 1533.77, 5835.86, 13208.3, 22633.6, 29464
-35.5, 0, 1538.94, 5858.31, 13269.6, 22759.8, 29646.9
-35, 0, 1544.12, 5880.89, 13331.4, 22887.8, 29832.9
-34.5, 0, 1549.32, 5903.58, 13393.9, 23017.5, 30021.9
-34, 0, 1554.54, 5926.39, 13456.8, 23148.9, 30213.9
-33.5, 0, 1559.76, 5949.29, 13520.3, 23282.1, 30409.1
-33, 0, 1564.99, 5972.29, 13584.4, 23417.1, 30607.4
-32.5, 0, 1570.22, 5995.36, 13648.9, 23553.7, 30808.8
-32, 0, 1575.45, 6018.51, 13713.9, 23692.1, 31013.3
-31.5, 0, 1580.68, 6041.7, 13779.4, 23832.2, 31220.9
-31, 0, 1585.91, 6064.94, 13845.3, 23973.9, 31431.6
-30.5, 0, 1591.12, 6088.2, 13911.6, 24117.2, 31645.4
-30, 0, 1596.31, 6111.47, 13978.2, 24262.2, 31862.3
-29.5, 0, 1601.48, 6134.72, 14045.2, 24408.6, 32082.1
-29, 0, 1606.63, 6157.93, 14112.4, 24556.5, 32304.8
-28.5, 0, 1611.74, 6181.08, 14179.9, 24705.8, 32530.4
-28, 0, 1616.81, 6204.15, 14247.5, 24856.4, 32758.7
-27.5, 0, 1621.83, 6227.1, 14315.2, 25008.2, 32989.6
-27, 0, 1626.79, 6249.89, 14382.9, 25161.1, 33222.9
-26.5, 0, 1631.69, 6272.5, 14450.6, 25314.9, 33458.5
-26, 0, 1636.51, 6294.88, 14518.1, 25469.5, 33696.2
-25.5, 0, 1641.24, 6316.99, 14585.3, 25624.7, 33935.6
-25, 0, 1645.87, 6338.78, 14652.2, 25780.2, 34176.6
-24.5, 0, 1650.38, 6360.2, 14718.5, 25936, 34418.7
-24, 0, 1654.77, 6381.19, 14784.2, 26091.6, 34661.6
-23.5, 0, 1659.01, 6401.67, 14849.1, 26246.7, 34904.8
-23, 0, 1663.09, 6421.58, 14913, 26401.1, 35147.9
-22.5, 0, 1666.98, 6440.84, 14975.7, 26554.4, 35390.1
-22, 0, 1670.66, 6459.36, 15037, 26706, 35630.9
-21.5, 0, 1674.11, 6477.03, 15096.7, 26855.6, 35869.5
-21, 0, 1677.3, 6493.75, 15154.4, 27002.5, 36104.9
-20.5, 0, 1680.21, 6509.39, 15209.8, 27146.1, 36336.3
-20, 0, 1682.78, 6523.82, 15262.7, 27285.7, 36562.5
-19.5, 0, 1684.99, 6536.89, 15312.6, 27420.5, 36782.2
-19, 0, 1686.8, 6548.42, 15359.1, 27549.6, 36994
-18.5, 0, 1688.16, 6558.23, 15401.6, 27671.9, 37196.2
-18, 0, 1689.01, 6566.11, 15439.8, 27786.4, 37387.2
-17.5, 0, 1689.3, 6571.81, 15473, 27891.8, 37564.8
-17, 0, 1688.96, 6575.09, 15500.4, 27986.6, 37726.8
-16.5, 0, 1687.92, 6575.64, 15521.4, 28069.3, 37870.5
-16, 0, 1686.09, 6573.13, 15535.1, 28138.1, 37993.3
-15.5, 0, 1683.39, 6567.21, 15540.6, 28190.8, 38091.8
-15, 0, 1679.71, 6557.45, 15536.8, 28225.4, 38162.6
-14.5, 0, 1674.94, 6543.4, 15522.5, 28239.4, 38201.7
-14, 0, 1668.95, 6524.54, 15496.5, 28229.9, 38204.9
-13.5, 0, 1661.6, 6500.3, 15457.2, 28193.9, 38167.4
-13, 0, 1652.72, 6470.03, 15403.1, 28127.9, 38084
-12.5, 0, 1642.14, 6433.01, 15332.2, 28028.3, 37948.9
-12, 0, 1629.65, 6388.45, 15242.6, 27890.8, 37756.1
-11.5, 0, 1615.04, 6335.44, 15132.1, 27710.8, 37498.8
-11, 0, 1598.06, 6273, 14998, 27483.5, 37169.9
-10.5, 0, 1578.44, 6200.05, 14837.7, 27203.4, 36761.8
-10, 0, 1555.88, 6115.38, 14648.3, 26864.5, 36266.6
-9.5, 0, 1530.06, 6017.67, 14426.3, 26460.8, 35675.8
-9, 0, 1500.61, 5905.51, 14168.3, 25985.5, 34980.9
-8.5, 0, 1467.16, 5777.38, 13870.5, 25431.8, 34173.4
-8, 0, 1429.32, 5631.64, 13529, 24792.4, 33244.6
-7.5, 0, 1386.66, 5466.62, 13139.5, 24060.2, 32186.3
-7, 0, 1338.75, 5280.57, 12697.8, 23227.9, 30991
-6.5, 0, 1285.16, 5071.77, 12199.8, 22288.9, 29651.7
-6, 0, 1225.49, 4838.54, 11641.4, 21236.7, 28163
-5.5, 0, 1159.37, 4579.38, 11019.1, 20066.2, 26521
-5, 0, 1086.46, 4292.98, 10329.7, 18773.4, 24723.5
-4.5, 0, 1006.55, 3978.4, 9571.13, 17355.9, 22770.9
-4, 0, 919.521, 3635.16, 8742.37, 15813.8, 20666.1
-3.5, 0, 825.398, 3263.35, 7843.86, 14149.4, 18415.2
-3, 0, 724.387, 2863.78, 6877.73, 12368, 16027.2
-2.5, 0, 616.888, 2438.06, 5848.08, 10478.3, 13514.3
-2, 0, 503.511, 1988.66, 4761.07, 8491.82, 10892
-1.5, 0, 385.084, 1518.9, 3624.96, 6423.61, 8178.72
-1, 0, 262.63, 1032.93, 2449.92, 4291.43, 5395.36
-0.5, 0, 137.346, 535.615, 1247.81, 2115.46, 2564.98
4.55e-14, 0, 10.5535, 32.2949, 31.6532, -82.4008, -288.002
0.5, 0, -116.355, -471.389, -1184.86, -2279.41, -3138.44
1, 0, -241.984, -969.784, -2388.03, -4452.84, -5961.28
1.5, 0, -364.994, -1457.48, -3564.78, -6580.9, -8732.31
2, 0, -484.166, -1929.56, -4703.18, -8643.58, -11428.9
2.5, 0, -598.443, -2381.78, -5792.96, -10623.3, -14030.5
3, 0, -706.966, -2810.68, -6825.76, -12505.3, -16519.4
3.5, 0, -809.087, -3213.71, -7795.31, -14278.1, -18880.7
4, 0, -904.372, -3589.13, -8697.4, -15933.5, -21102.8
4.5, 0, -992.586, -3936.05, -9529.81, -17466.4, -23177.2
5, 0, -1073.67, -4254.28, -10292, -18874.5, -25098.7
5.5, 0, -1147.73, -4544.24, -10984.9, -20158, -26864.9
6, 0, -1214.96, -4806.82, -11610.7, -21319.5, -28475.8
6.5, 0, -1275.67, -5043.28, -12172.3, -22363, -29934
7, 0, -1330.24, -5255.12, -12673.4, -23293.9, -31243.8
7.5, 0, -1379.06, -5443.98, -13117.8, -24118.4, -32410.9
8, 0, -1422.57, -5611.6, -13510, -24843.5, -33442.5
8.5, 0, -1461.18, -5759.71, -13853.9, -25476.2, -34346.2
9, 0, -1495.33, -5890, -14153.9, -26023.8, -35130.3
9.5, 0, -1525.41, -6004.12, -14413.8, -26493.5, -35803.5
10, 0, -1551.81, -6103.59, -14637.6, -26892.1, -36374.4
10.5, 0, -1574.89, -6189.86, -14828.7, -27226.3, -36851.4
11, 0, -1594.98, -6264.24, -14990.4, -27502.3, -37242.9
11.5, 0, -1612.38, -6327.96, -15125.7, -27725.9, -37556.8
12, 0, -1627.36, -6382.11, -15237.4, -27902.5, -37800.5
12.5, 0, -1640.18, -6427.71, -15328, -28037, -37981.2
13, 0, -1651.07, -6465.65, -15399.8, -28134, -38105.4
13.5, 0, -1660.21, -6496.74, -15454.8, -28197.6, -38179.1
14, 0, -1667.81, -6521.72, -15494.8, -28231.5, -38208
14.5, 0, -1674.02, -6541.23, -15521.5, -28239.2, -38197.2
15, 0, -1678.98, -6555.87, -15536.3, -28223.6, -38151.3
15.5, 0, -1682.83, -6566.15, -15540.6, -28187.5, -38074.6
16, 0, -1685.69, -6572.54, -15535.6, -28133.5, -37971
16.5, 0, -1687.65, -6575.46, -15522.3, -28063.6, -37843.7
17, 0, -1688.82, -6575.28, -15501.7, -27980, -37696.1
17.5, 0, -1689.27, -6572.34, -15474.5, -27884.3, -37530.8
18, 0, -1689.08, -6566.93, -15441.7, -27778.2, -37350.3
18.5, 0, -1688.32, -6559.32, -15403.7, -27663.1, -37156.9
19, 0, -1687.04, -6549.74, -15361.4, -27540.1, -36952.5
19.5, 0, -1685.31, -6538.42, -15315.1, -27410.6, -36739
20, 0, -1683.16, -6525.54, -15265.4, -27275.4, -36517.9
20.5, 0, -1680.64, -6511.28, -15212.6, -27135.5, -36290.6
21, 0, -1677.79, -6495.78, -15157.3, -26991.6, -36058.3
21.5, 0, -1674.64, -6479.19, -15099.7, -26844.5, -35822.1
22, 0, -1671.23, -6461.63, -15040.2, -26694.8, -35583
22.5, 0, -1667.59, -6443.22, -14979, -26543, -35341.8
23, 0, -1663.73, -6424.05, -14916.3, -26389.6, -35099.4
23.5, 0, -1659.68, -6404.22, -14852.5, -26235.2, -34856.2
24, 0, -1655.47, -6383.81, -14787.6, -26079.9, -34613
24.5, 0, -1651.1, -6362.88, -14722, -25924.3, -34370.2
25, 0, -1646.61, -6341.52, -14655.6, -25768.6, -34128.3
25.5, 0, -1642, -6319.77, -14588.8, -25613.1, -33887.6
26, 0, -1637.28, -6297.7, -14521.6, -25457.9, -33648.5
26.5, 0, -1632.48, -6275.35, -14454.1, -25303.4, -33411.2
27, 0, -1627.59, -6252.77, -14386.4, -25149.7, -33176.1
27.5, 0, -1622.64, -6230, -14318.7, -24996.9, -32943.2
28, 0, -1617.63, -6207.07, -14251, -24845.1, -32712.8
28.5, 0, -1612.57, -6184.02, -14183.4, -24694.6, -32485
29, 0, -1607.47, -6160.88, -14115.9, -24545.4, -32260
29.5, 0, -1602.33, -6137.67, -14048.7, -24397.6, -32037.8
30, 0, -1597.16, -6114.42, -13981.7, -24251.3, -31818.6
30.5, 0, -1591.97, -6091.16, -13915, -24106.5, -31602.4
31, 0, -1586.76, -6067.9, -13848.7, -23963.2, -31389.2
31.5, 0, -1581.54, -6044.66, -13782.8, -23821.6, -31179.1
32, 0, -1576.31, -6021.45, -13717.3, -23681.7, -30972.1
32.5, 0, -1571.08, -5998.3, -13652.3, -23543.4, -30768.2
33, 0, -1565.85, -5975.22, -13587.7, -23406.9, -30567.4
33.5, 0, -1560.62, -5952.21, -13523.6, -23272.1, -30369.8
34, 0, -1555.39, -5929.3, -13460.1, -23139, -30175.2
34.5, 0, -1550.18, -5906.48, -13397.1, -23007.7, -29983.8
35, 0, -1544.98, -5883.77, -13334.7, -22878.2, -29795.4
35.5, 0, -1539.79, -5861.18, -13272.8, -22750.3, -29610
36, 0, -1534.61, -5838.71, -13211.5, -22624.2, -29427.7
36.5, 0, -1529.46, -5816.38, -13150.8, -22499.9, -29248.4
37, 0, -1524.32, -5794.17, -13090.7, -22377.3, -29072
37.5, 0, -1519.21, -5772.11, -13031.1, -22256.4, -28898.5
38, 0, -1514.12, -5750.2, -12972.2, -22137.2, -28727.8
38.5, 0, -1509.05, -5728.44, -12913.9, -22019.7, -28560
39, 0, -1504.01, -5706.83, -12856.2, -21903.8, -28395
39.5, 0, -1499, -5685.37, -12799, -21789.6, -28232.7
40, 0, -1494.01, -5664.08, -12742.5, -21677.1, -28073.1
ENDTABLE

MU_REF_Y 1.0


LOG_ENTRY Used Dataset: Tire: Lateral Force; { MF-Tyre / MF-Swift Example } MF-Tyre / MF-Swift Asymmetric
#Library : Tire: Lateral Force
#DataSet : MF-Tyre / MF-Swift Asymmetric
#Category: MF-Tyre / MF-Swift Example
#FileID  : TireFy_1bb02969-1031-44f7-8668-a1933eb5ff4b
#Product : TruckSim 2020.1
#VehCode Tire: Fy

END
