PARSFILE
#FullDataName Calculator: Original`Make Circle`
#RingCtrl0 3
#RingCtrl1 3
#RadioCtrl0 0    

START_T -90
END_T 270
STEP_T 1
FACTOR_YF 0
FACTOR_YG 152.4
FACTOR_XA 0
FACTOR_XB 0
FACTOR_XC 0
FACTOR_XD 152.4
FACTOR_XE 0.0174533
FACTOR_XF 0
FACTOR_XG 0
FACTOR_YA 152.4
FACTOR_YB 0.0174533
FACTOR_YC 0
FACTOR_YD 0
FACTOR_YE 0

#DiagramOne0
CALCULATOR_TABLE 
-0.0001025964578, 3.453237696e-11
2.6596453, 0.02320948754
5.318583042, 0.09283446133
7.975900691, 0.2088537129
10.6307888, 0.3712319017
13.28243867, 0.5799195657
15.93004257, 0.8348531366
18.57279402, 1.135954959
21.20988802, 1.483133314
23.84052127, 1.876282449
26.46389247, 2.315282605
29.07920249, 2.800000059
31.68565471, 3.330287161
34.28245515, 3.905982381
36.86881283, 4.526910356
39.44393989, 5.192881945
42.00705194, 5.903694287
44.55736822, 6.659130861
47.09411188, 7.458961553
49.61651021, 8.302942728
52.12379486, 9.1908173
54.61520208, 10.12231481
57.08997296, 11.09715153
59.54735368, 12.11503049
61.98659567, 13.17564165
64.40695593, 14.27866194
66.8076972, 15.42375536
69.18808817, 16.61057311
71.54740376, 17.83875367
73.88492531, 19.10792292
76.19994077, 20.41769426
78.49174497, 21.76766873
80.7596398, 23.15743511
83.00293444, 24.58657006
85.22094557, 26.05463824
87.41299754, 27.56119249
89.57842265, 29.10577387
91.71656128, 30.68791191
93.82676213, 32.30712466
95.90838241, 33.96291889
97.96078805, 35.65479023
99.98335386, 37.38222333
101.9754637, 39.14469198
103.9365109, 40.94165933
105.8658979, 42.772578
107.7630372, 44.63689027
109.6273507, 46.53402826
111.4582707, 48.46341408
113.2552394, 50.42446001
115.0177094, 52.41656871
116.7451438, 54.43913335
118.4370165, 56.49153785
120.0928122, 58.57315702
121.7120263, 60.68335679
123.2941658, 62.82149435
124.8387487, 64.98691842
126.3453044, 67.17896938
127.8133741, 69.39697951
129.2425105, 71.6402732
130.6322784, 73.90816709
131.9822544, 76.19997038
133.2920273, 78.51498496
134.5611982, 80.85250565
135.7893803, 83.21182042
136.9761997, 85.59221059
138.1212947, 87.99295108
139.2243166, 90.4133106
140.2849294, 92.85255188
141.30281, 95.30993191
142.2776484, 97.78470214
143.2091476, 100.2761087
144.0970239, 102.7833928
144.9410067, 105.3057905
145.7408391, 107.8425337
146.4962774, 110.3928494
147.2070915, 112.955961
147.8730648, 115.5310876
148.4939945, 118.1174449
149.0696915, 120.7142449
149.5999804, 123.3206968
150.0846996, 125.9360065
150.5237015, 128.5593774
150.9168524, 131.1900104
151.2640325, 133.8271041
151.5651361, 136.4698554
151.8200715, 139.1174591
152.0287609, 141.7691089
152.1911409, 144.4239969
152.307162, 147.0813144
152.3767887, 149.7402521
152.4, 152.4
152.3767887, 155.0597479
152.307162, 157.7186856
152.1911409, 160.3760031
152.0287609, 163.0308911
151.8200715, 165.6825409
151.5651361, 168.3301446
151.2640325, 170.9728959
150.9168524, 173.6099896
150.5237015, 176.2406226
150.0846996, 178.8639935
149.5999804, 181.4793032
149.0696915, 184.0857551
148.4939945, 186.6825551
147.8730648, 189.2689124
147.2070915, 191.844039
146.4962774, 194.4071506
145.7408391, 196.9574663
144.9410067, 199.4942095
144.0970239, 202.0166072
143.2091476, 204.5238913
142.2776484, 207.0152979
141.30281, 209.4900681
140.2849294, 211.9474481
139.2243166, 214.3866894
138.1212947, 216.8070489
136.9761997, 219.2077894
135.7893803, 221.5881796
134.5611982, 223.9474944
133.2920273, 226.285015
131.9822544, 228.6000296
130.6322784, 230.8918329
129.2425105, 233.1597268
127.8133741, 235.4030205
126.3453044, 237.6210306
124.8387487, 239.8130816
123.2941658, 241.9785057
121.7120263, 244.1166432
120.0928122, 246.226843
118.4370165, 248.3084621
116.7451438, 250.3608666
115.0177094, 252.3834313
113.2552394, 254.37554
111.4582707, 256.3365859
109.6273507, 258.2659717
107.7630372, 260.1631097
105.8658979, 262.027422
103.9365109, 263.8583407
101.9754637, 265.655308
99.98335386, 267.4177767
97.96078805, 269.1452098
95.90838241, 270.8370811
93.82676213, 272.4928753
91.71656128, 274.1120881
89.57842265, 275.6942261
87.41299754, 277.2388075
85.22094557, 278.7453618
83.00293444, 280.2134299
80.7596398, 281.6425649
78.49174497, 283.0323313
76.19994077, 284.3823057
73.88492531, 285.6920771
71.54740376, 286.9612463
69.18808817, 288.1894269
66.8076972, 289.3762446
64.40695593, 290.5213381
61.98659567, 291.6243583
59.54735368, 292.6849695
57.08997296, 293.7028485
54.61520208, 294.6776852
52.12379486, 295.6091827
49.61651021, 296.4970573
47.09411188, 297.3410384
44.55736822, 298.1408691
42.00705194, 298.8963057
39.44393989, 299.6071181
36.86881283, 300.2730896
34.28245515, 300.8940176
31.68565471, 301.4697128
29.07920249, 301.9999999
26.46389247, 302.4847174
23.84052127, 302.9237176
21.20988802, 303.3168667
18.57279402, 303.664045
15.93004257, 303.9651469
13.28243867, 304.2200804
10.6307888, 304.4287681
7.975900691, 304.5911463
5.318583042, 304.7071655
2.6596453, 304.7767905
-0.0001025964578, 304.8
-2.659850462, 304.7767869
-5.31878811, 304.7071584
-7.976105602, 304.5911355
-10.63099349, 304.4287538
-13.28264308, 304.2200626
-15.93024664, 303.9651254
-18.57299769, 303.66402
-21.21009122, 303.3168381
-23.84072394, 302.9236855
-26.46409454, 302.4846818
-29.07940392, 301.9999608
-31.68585542, 301.4696702
-34.28265509, 300.8939715
-36.86901192, 300.27304
-39.44413809, 299.6070649
-42.00724918, 298.8962492
-44.55756445, 298.1408091
-47.09430703, 297.340975
-49.61670423, 296.4969905
-52.12398768, 295.6091125
-54.61539364, 294.6776117
-57.09016322, 293.7027716
-59.54754256, 292.6848893
-61.98678312, 291.6242749
-64.4071419, 290.5212513
-66.80788162, 289.3761547
-69.188271, 288.1893337
-71.54758494, 286.96115
-73.88510477, 285.6919776
-76.20011847, 284.3822031
-78.49192085, 283.0322256
-80.75981381, 281.6424562
-83.00310653, 280.2133182
-85.22111568, 278.745247
-87.41316562, 277.2386898
-89.57858865, 275.6941055
-91.71672515, 274.1119646
-93.82692382, 272.492749
-95.90854188, 270.836952
-97.96094524, 269.1450779
-99.98350872, 267.4176421
-101.9756162, 265.6551707
-103.936661, 263.8582007
-105.8660455, 262.0272795
-107.7631823, 260.1629646
-109.6274933, 258.2658241
-111.4584106, 256.3364359
-113.2553767, 254.3753875
-115.017844, 252.3832764
-116.7452757, 250.3607095
-118.4371457, 248.3083027
-120.0929385, 246.2266813
-121.7121498, 244.1164793
-123.2942864, 241.9783396
-124.8388664, 239.8129135
-126.3454191, 237.6208605
-127.8134858, 235.4028484
-129.2426193, 233.1595528
-130.6323841, 230.891657
-131.982357, 228.5998519
-133.2921268, 226.2848356
-134.5612945, 223.9473132
-135.7894735, 221.5879968
-136.9762896, 219.207605
-138.1213814, 216.806863
-139.2244001, 214.3865019
-140.2850096, 211.9472592
-141.3028869, 209.4898778
-142.277722, 207.0151063
-143.2092178, 204.5236984
-144.0970907, 202.0164132
-144.9410702, 199.4940143
-145.7408991, 196.9572701
-146.496334, 194.4069533
-147.2071446, 191.8438408
-147.8731145, 189.2687133
-148.4940407, 186.6823552
-149.0697342, 184.0855544
-149.6000195, 181.4791018
-150.0847352, 178.8637914
-150.5237336, 176.2404199
-150.916881, 173.6097864
-151.2640575, 170.9726922
-151.5651576, 168.3299405
-151.8200894, 165.6823365
-152.0287753, 163.0306865
-152.1911517, 160.3757982
-152.3071691, 157.7184805
-152.3767923, 155.0595427
-152.4, 152.3997948
-152.3767851, 149.740047
-152.3071548, 147.0811094
-152.1911302, 144.4237919
-152.0287466, 141.7689042
-151.8200536, 139.1172547
-151.5651147, 136.4696513
-151.2640075, 133.8269005
-150.9168238, 131.1898072
-150.5236694, 128.5591747
-150.0846639, 125.9358044
-149.5999412, 123.3204954
-149.0696488, 120.7140442
-148.4939484, 118.1172449
-147.8730152, 115.5308885
-147.2070384, 112.9557628
-146.4962209, 110.3926522
-145.7407792, 107.8423374
-144.9409433, 105.3055954
-144.0969571, 102.7831988
-143.2090774, 100.2759159
-142.2775749, 97.78451058
-141.3027332, 95.30974166
-140.2848492, 92.852363
-139.2242332, 90.41312315
-138.121208, 87.99276511
-136.9761097, 85.59202616
-135.7892872, 83.21163759
-134.5611018, 80.85232447
-133.2919279, 78.51480549
-131.9821518, 76.19979268
-130.6321727, 73.90799121
-129.2424018, 71.64009918
-127.8132623, 69.39680742
-126.3451896, 67.17879927
-124.838631, 64.98675033
-123.2940452, 62.82132835
-121.7119029, 60.68319291
-120.0926859, 58.57299533
-118.4368874, 56.49137839
-116.7450119, 54.43897617
-115.0175747, 52.41641385
-113.2551021, 50.42430752
-111.4581308, 48.46326401
-109.6272082, 46.53388066
-107.7628921, 44.63674518
-105.8657503, 42.77243546
-103.9363608, 40.94151939
-101.9753113, 39.14455468
-99.983199, 37.38208871
-97.96063087, 35.65465834
-95.90822295, 33.96278975
-93.82660043, 32.30699833
-91.7163974, 30.68778842
-89.57825664, 29.10565327
-87.41282946, 27.56107479
-85.22077545, 26.0545235
-83.00276235, 24.5864583
-80.75946578, 23.15732637
-78.49156908, 21.76756305
-76.19976306, 20.41759167
-73.88474584, 19.10782344
-71.54722259, 17.83865734
-69.18790534, 16.61047995
-66.80751277, 15.42366541
-64.40676997, 14.27857522
-61.98640822, 13.17555819
-59.54716479, 12.11495032
-57.08978271, 11.09707466
-54.61501051, 10.12224128
-52.12360204, 9.19074712
-49.6163162, 8.302875924
-47.09391673, 7.458898146
-44.55717199, 6.659070869
-42.00685469, 5.903637728
-39.44374169, 5.192828838
-36.86861373, 4.526860716
-34.28225522, 3.905936223
-31.685454, 3.3302445
-29.07900107, 2.799960907
-26.46369039, 2.315246974
-23.84031861, 1.87625035
-21.20968482, 1.483104757
-18.57259036, 1.135929953
-15.9298385, 0.8348316884
-13.28223425, 0.5799016823
-10.63058411, 0.3712175885
-7.975695779, 0.2088429742
-5.318377974, 0.09282730047
-2.659440138, 0.0232059067
0.0003077893733, 3.108198143e-10
ENDTABLE

LOG_ENTRY Used Dataset: Calculator: Original; Make Circle
#Library : Calculator: Original
#DataSet : Make Circle
#Category: 
#FileID  : CalcLeg_02a66675-d104-444e-9232-68a121ceb712
#Product : TruckSim 9.0.1 Beta, April 2015
#Last update: 04-30-2015 06:44
#VehCode Calculator

END
