PARSFILE
#FullDataName Road: Friction Map, Variable Width`Road (0.75) w/ Median and Grass`
#RingCtrl0 CARPET
*3D_DATA 13, 8 ! columns x rows
MU_ROAD_CARPET VAR_WIDTH
0, 1, 2, 3, 4, 5, 6, 7, 8, 9, 10, 11, 12, 13
0, 1, 0.5, 0.75, 0.75, 0.75, 0.75, 0.75, 0.75, 0.75, 0.75, 0.75, 0.5, 1
100, 1, 0.5, 0.75, 0.75, 0.75, 0.75, 0.75, 0.75, 0.75, 0.75, 0.75, 0.5, 1
110, 1, 0.5, 0.75, 0.75, 0.75, 1, 1, 1, 0.75, 0.75, 0.75, 0.5, 1
120, 1, 0.5, 0.75, 0.75, 0.75, 1, 1, 1, 0.75, 0.75, 0.75, 0.5, 1
310, 1, 0.5, 0.75, 0.75, 0.75, 1, 1, 1, 0.75, 0.75, 0.75, 0.5, 1
320, 1, 0.5, 0.75, 0.75, 0.75, 1, 1, 1, 0.75, 0.75, 0.75, 0.5, 1
330, 1, 0.5, 0.75, 0.75, 0.75, 0.75, 0.75, 0.75, 0.75, 0.75, 0.75, 0.5, 1
340, 1, 0.5, 0.75, 0.75, 0.75, 0.75, 0.75, 0.75, 0.75, 0.75, 0.75, 0.5, 1
ENDDATA
0, 1, 2, 3, 4, 5, 6, 7, 8, 9, 10, 11, 12, 13
0, -100, -4.75, -4.3, -4, 0, 0.1, 0.11, 0.2, 0.3, 4.3, 4.675, 5.05, 100
100, -100, -4.75, -4.3, -4, 0, 0.1, 0.11, 0.2, 0.3, 4.3, 4.675, 5.05, 100
110, -100, -4.75, -4.3, -4, 0, 0.1, 0.375, 0.85, 0.95, 4.95, 5.325, 5.7, 100
120, -100, -4.75, -4.3, -4, 0, 0.1, 0.75, 1.6, 1.7, 5.7, 6.075, 6.45, 100
310, -100, -4.75, -4.3, -4, 0, 0.1, 0.75, 1.6, 1.7, 5.7, 6.075, 6.45, 100
320, -100, -4.75, -4.3, -4, 0, 0.1, 0.375, 0.85, 0.95, 4.95, 5.325, 5.7, 100
330, -100, -4.75, -4.3, -4, 0, 0.1, 0.11, 0.2, 0.3, 4.3, 4.675, 5.05, 100
340, -100, -4.75, -4.3, -4, 0, 0.1, 0.11, 0.2, 0.3, 4.3, 4.675, 5.05, 100
ENDCOLS
ENDTABLE
*3D_XLabel Lateral coordinate (m)
*3D_YLabel Station (m)
*3D_ZLabel Friction coefficient (-)

#DiagramTwo0
*3D_DATA 13, 8 ! columns x rows
RdTb1_CARPET 2D_LINEAR
0, 1, 2, 3, 4, 5, 6, 7, 8, 9, 10, 11, 12, 13
0, 1, 0.5, 0.75, 0.75, 0.75, 0.75, 0.75, 0.75, 0.75, 0.75, 0.75, 0.5, 1
100, 1, 0.5, 0.75, 0.75, 0.75, 0.75, 0.75, 0.75, 0.75, 0.75, 0.75, 0.5, 1
110, 1, 0.5, 0.75, 0.75, 0.75, 1, 1, 1, 0.75, 0.75, 0.75, 0.5, 1
120, 1, 0.5, 0.75, 0.75, 0.75, 1, 1, 1, 0.75, 0.75, 0.75, 0.5, 1
310, 1, 0.5, 0.75, 0.75, 0.75, 1, 1, 1, 0.75, 0.75, 0.75, 0.5, 1
320, 1, 0.5, 0.75, 0.75, 0.75, 1, 1, 1, 0.75, 0.75, 0.75, 0.5, 1
330, 1, 0.5, 0.75, 0.75, 0.75, 0.75, 0.75, 0.75, 0.75, 0.75, 0.75, 0.5, 1
340, 1, 0.5, 0.75, 0.75, 0.75, 0.75, 0.75, 0.75, 0.75, 0.75, 0.75, 0.5, 1
ENDTABLE

*3D_XLabel Lateral coordinate (m)
*3D_YLabel Station (m)
*3D_ZLabel Lateral coordinate of edge (m)

#DiagramTwo1
*3D_DATA 13, 8 ! columns x rows
RdTb2_CARPET 2D_LINEAR
0, 1, 2, 3, 4, 5, 6, 7, 8, 9, 10, 11, 12, 13
0, -100, -4.75, -4.3, -4, 0, 0.1, 0.11, 0.2, 0.3, 4.3, 4.675, 5.05, 100
100, -100, -4.75, -4.3, -4, 0, 0.1, 0.11, 0.2, 0.3, 4.3, 4.675, 5.05, 100
110, -100, -4.75, -4.3, -4, 0, 0.1, 0.375, 0.85, 0.95, 4.95, 5.325, 5.7, 100
120, -100, -4.75, -4.3, -4, 0, 0.1, 0.75, 1.6, 1.7, 5.7, 6.075, 6.45, 100
310, -100, -4.75, -4.3, -4, 0, 0.1, 0.75, 1.6, 1.7, 5.7, 6.075, 6.45, 100
320, -100, -4.75, -4.3, -4, 0, 0.1, 0.375, 0.85, 0.95, 4.95, 5.325, 5.7, 100
330, -100, -4.75, -4.3, -4, 0, 0.1, 0.11, 0.2, 0.3, 4.3, 4.675, 5.05, 100
340, -100, -4.75, -4.3, -4, 0, 0.1, 0.11, 0.2, 0.3, 4.3, 4.675, 5.05, 100
ENDTABLE

#RadioCtrl0 0    
#RadioCtrl1 0    



LOG_ENTRY Used Dataset: Road: Friction Map, Variable Width; Road (0.75) w/ Median and Grass
#Library : Road: Friction Map, Variable Width
#DataSet : Road (0.75) w/ Median and Grass
#Category: 
#FileID  : VarWidMu_b7c8f834-8703-4a45-ab70-904ca64dc0dc
#Product : TruckSim 2020.1
#VehCode Mu via S-L, Variable Width

END
