PARSFILE
#FullDataName Tire: Aligning Moment`255/75 R16`Touring Tires
#CheckBox0 0    

#RingCtrl0 CARPET_FROM_ZERO
#RadioCtrl0 0    
#RadioCtrl1 0    

*3D_XLabel Vertical load (N)
*3D_YLabel Abs. slip angle [Alpha] (deg)
*3D_ZLabel Aligning moment (N-m)

#DiagramTwo0
*3D_DATA 8, 51 ! columns x rows
MZ_TIRE_CARPET 2D_FROM_ZERO
0, 2819.41, 5638.82, 8458.24, 11277.65, 14097.06, 16916.47, 19735.88, 22555.3
0.5, 14.18, 27.44, 39.66, 50.77, 60.75, 69.58, 77.28, 83.85
1, 28.61, 55.37, 80.02, 102.45, 122.6, 140.44, 155.97, 169.22
1.5, 42.17, 81.77, 118.43, 151.95, 182.2, 209.12, 232.69, 252.89
2, 52.19, 101.72, 148.12, 191.09, 230.41, 265.9, 297.44, 324.92
2.5, 56.3, 110.58, 162.37, 211.32, 257.09, 299.38, 337.91, 372.43
3, 54.51, 107.99, 160.11, 210.54, 258.91, 304.87, 348.02, 387.99
3.5, 48.92, 97.71, 146.21, 194.18, 241.35, 287.38, 331.9, 374.51
4, 41.89, 84.25, 127.05, 170.2, 213.52, 256.78, 299.72, 341.99
4.5, 34.92, 70.64, 107.23, 144.67, 182.91, 221.83, 261.26, 300.98
5, 28.7, 58.33, 89.04, 120.86, 153.81, 187.85, 222.93, 258.91
5.5, 23.39, 47.76, 73.27, 99.99, 127.99, 157.28, 187.88, 219.73
6, 18.96, 38.88, 59.94, 82.23, 105.83, 130.8, 157.18, 184.99
6.5, 15.28, 31.48, 48.78, 67.28, 87.08, 108.26, 130.86, 154.95
7, 12.21, 25.31, 39.45, 54.74, 71.3, 89.18, 108.48, 129.26
7.5, 9.65, 20.13, 31.61, 44.2, 57.98, 73.05, 89.48, 107.35
8, 7.49, 15.77, 25, 35.28, 46.7, 59.35, 73.31, 88.65
8.5, 5.65, 12.07, 19.38, 27.69, 37.09, 47.67, 59.49, 72.64
9, 4.09, 8.89, 14.56, 21.19, 28.85, 37.63, 47.61, 58.86
9.5, 2.73, 6.16, 10.41, 15.57, 21.73, 28.96, 37.34, 46.92
10, 1.56, 3.78, 6.8, 10.7, 15.55, 21.43, 28.4, 36.54
10.5, 0.53, 1.71, 3.64, 6.43, 10.14, 14.83, 20.58, 27.44
11, -0.37, -0.12, 0.87, 2.68, 5.37, 9.02, 13.69, 19.43
11.5, -1.17, -1.74, -1.59, -0.65, 1.16, 3.88, 7.59, 12.34
12, -1.89, -3.18, -3.78, -3.61, -2.6, -0.69, 2.16, 6.03
12.5, -2.53, -4.48, -5.74, -6.26, -5.96, -4.78, -2.69, 0.39
13, -3.1, -5.64, -7.5, -8.64, -8.97, -8.46, -7.05, -4.69
13.5, -3.62, -6.68, -9.1, -10.79, -11.7, -11.78, -10.99, -9.26
14, -4.09, -7.64, -10.54, -12.74, -14.17, -14.79, -14.55, -13.41
14.5, -4.52, -8.5, -11.85, -14.51, -16.42, -17.53, -17.8, -17.18
15, -4.91, -9.29, -13.05, -16.13, -18.47, -20.03, -20.76, -20.62
15.5, -5.27, -10.02, -14.16, -17.62, -20.35, -22.32, -23.48, -23.78
16, -5.6, -10.69, -15.17, -18.98, -22.09, -24.43, -25.97, -26.67
16.5, -5.91, -11.3, -16.1, -20.24, -23.68, -26.37, -28.27, -29.34
17, -6.19, -11.87, -16.97, -21.41, -25.16, -28.16, -30.39, -31.81
17.5, -6.45, -12.4, -17.77, -22.49, -26.52, -29.83, -32.36, -34.09
18, -6.7, -12.9, -18.51, -23.5, -27.8, -31.37, -34.19, -36.21
18.5, -6.92, -13.35, -19.21, -24.43, -28.98, -32.81, -35.89, -38.19
19, -7.14, -13.78, -19.86, -25.31, -30.09, -34.16, -37.48, -40.03
19.5, -7.33, -14.18, -20.47, -26.13, -31.12, -35.41, -38.97, -41.75
20, -7.52, -14.56, -21.04, -26.89, -32.09, -36.59, -40.36, -43.36
20.5, -7.7, -14.91, -21.57, -27.61, -33, -37.7, -41.67, -44.88
21, -7.86, -15.25, -22.07, -28.29, -33.86, -38.74, -42.9, -46.3
21.5, -8.02, -15.56, -22.55, -28.93, -34.67, -39.72, -44.05, -47.64
22, -8.16, -15.86, -23, -29.53, -35.43, -40.64, -45.14, -48.91
22.5, -8.3, -16.14, -23.42, -30.1, -36.15, -41.51, -46.18, -50.1
23, -8.43, -16.4, -23.82, -30.64, -36.83, -42.34, -47.15, -51.23
23.5, -8.56, -16.65, -24.2, -31.16, -37.47, -43.13, -48.08, -52.3
24, -8.68, -16.89, -24.56, -31.64, -38.09, -43.87, -48.95, -53.32
24.5, -8.79, -17.12, -24.91, -32.1, -38.67, -44.58, -49.79, -54.28
25, -8.9, -17.33, -25.23, -32.54, -39.23, -45.25, -50.58, -55.2
26, -8.9, -17.33, -25.23, -32.54, -39.23, -45.25, -50.58, -55.2
ENDTABLE



LOG_ENTRY Used Dataset: Tire: Aligning Moment; { Touring Tires } 255/75 R16
#Library : Tire: Aligning Moment
#DataSet : 255/75 R16
#Category: Touring Tires
#FileID  : TireMz_cf36fa4a-599f-4f01-b1af-e285892c77dc
#Product : TruckSim 2020.1
#VehCode Tire: Mz

END
