PARSFILE
#FullDataName Tire: Aligning Moment`265/75 R16`Trailer and Light Truck Tires
#CheckBox0 0    

#RingCtrl0 CARPET_FROM_ZERO
#RadioCtrl0 0    
#RadioCtrl1 0    

*3D_XLabel Vertical load (N)
*3D_YLabel Abs. slip angle [Alpha] (deg)
*3D_ZLabel Aligning moment (N-m)

#DiagramTwo0
*3D_DATA 8, 51 ! columns x rows
MZ_TIRE_CARPET 2D_FROM_ZERO
0, 1961.33, 3922.66, 5883.99, 7845.32, 9806.65, 11767.98, 13729.31, 15690.64
0.5, 11.91, 23.1, 33.46, 42.94, 51.51, 59.16, 65.86, 71.63
1, 24.18, 46.93, 68.03, 87.36, 104.85, 120.44, 134.1, 145.83
1.5, 34.42, 67.26, 98.19, 126.98, 153.41, 177.33, 198.58, 217.06
2, 38.63, 76.55, 113.43, 148.94, 182.72, 214.4, 243.6, 269.96
2.5, 36.19, 72.89, 110.01, 147.29, 184.41, 220.92, 256.33, 290.06
3, 30.22, 61.78, 94.81, 129.29, 165.09, 201.98, 239.57, 277.38
3.5, 23.75, 49.13, 76.42, 105.8, 137.34, 171.07, 206.87, 244.54
4, 18.12, 37.85, 59.54, 83.44, 109.79, 138.77, 170.52, 205.08
4.5, 13.59, 28.65, 45.54, 64.54, 85.94, 110, 137, 167.18
5, 10.03, 21.38, 34.36, 49.26, 66.38, 86.01, 108.47, 134.11
5.5, 7.25, 15.65, 25.51, 37.08, 50.64, 66.49, 84.97, 106.44
6, 5.05, 11.11, 18.47, 27.35, 38, 50.72, 65.82, 83.66
6.5, 3.28, 7.48, 12.82, 19.51, 27.8, 37.92, 50.2, 64.96
7, 1.86, 4.53, 8.22, 13.13, 19.47, 27.46, 37.38, 49.56
7.5, 0.68, 2.1, 4.44, 7.88, 12.61, 18.82, 26.78, 36.78
8, -0.3, 0.08, 1.3, 3.51, 6.89, 11.62, 17.93, 26.09
8.5, -1.12, -1.62, -1.35, -0.17, 2.07, 5.55, 10.47, 17.08
9, -1.82, -3.07, -3.6, -3.3, -2.02, 0.39, 4.13, 9.4
9.5, -2.42, -4.31, -5.54, -5.99, -5.54, -4.04, -1.32, 2.81
10, -2.94, -5.38, -7.21, -8.32, -8.58, -7.87, -6.03, -2.88
10.5, -3.39, -6.32, -8.67, -10.34, -11.23, -11.21, -10.14, -7.85
11, -3.79, -7.15, -9.96, -12.13, -13.56, -14.14, -13.74, -12.2
11.5, -4.15, -7.88, -11.1, -13.71, -15.62, -16.73, -16.92, -16.05
12, -4.47, -8.53, -12.11, -15.11, -17.45, -19.04, -19.75, -19.47
12.5, -4.75, -9.12, -13.02, -16.37, -19.09, -21.1, -22.28, -22.52
13, -5, -9.64, -13.83, -17.5, -20.56, -22.95, -24.55, -25.26
13.5, -5.23, -10.12, -14.57, -18.52, -21.89, -24.62, -26.6, -27.73
14, -5.44, -10.55, -15.24, -19.44, -23.1, -26.13, -28.45, -29.96
14.5, -5.63, -10.94, -15.85, -20.29, -24.2, -27.51, -30.14, -32
15, -5.81, -11.3, -16.41, -21.06, -25.2, -28.77, -31.69, -33.85
15.5, -5.97, -11.63, -16.92, -21.77, -26.13, -29.93, -33.1, -35.55
16, -6.12, -11.94, -17.39, -22.42, -26.97, -30.99, -34.4, -37.11
16.5, -6.26, -12.22, -17.82, -23.02, -27.76, -31.97, -35.6, -38.55
17, -6.38, -12.48, -18.23, -23.58, -28.48, -32.88, -36.7, -39.89
17.5, -6.5, -12.72, -18.6, -24.1, -29.15, -33.72, -37.73, -41.12
18, -6.61, -12.95, -18.95, -24.58, -29.78, -34.5, -38.69, -42.27
18.5, -6.71, -13.16, -19.28, -25.03, -30.36, -35.23, -39.58, -43.33
19, -6.81, -13.35, -19.58, -25.45, -30.91, -35.91, -40.41, -44.33
19.5, -6.9, -13.54, -19.87, -25.84, -31.42, -36.55, -41.18, -45.26
20, -6.98, -13.71, -20.14, -26.21, -31.9, -37.15, -41.91, -46.14
20.5, -7.06, -13.87, -20.39, -26.56, -32.35, -37.71, -42.6, -46.96
21, -7.14, -14.03, -20.62, -26.89, -32.77, -38.24, -43.24, -47.73
21.5, -7.21, -14.17, -20.85, -27.19, -33.17, -38.74, -43.85, -48.46
22, -7.27, -14.31, -21.06, -27.49, -33.55, -39.21, -44.42, -49.14
22.5, -7.34, -14.44, -21.26, -27.76, -33.9, -39.65, -44.96, -49.79
23, -7.4, -14.56, -21.45, -28.02, -34.24, -40.08, -45.48, -50.4
23.5, -7.45, -14.68, -21.63, -28.27, -34.56, -40.48, -45.96, -50.99
24, -7.51, -14.79, -21.8, -28.51, -34.87, -40.86, -46.43, -51.54
24.5, -7.56, -14.9, -21.97, -28.73, -35.16, -41.22, -46.87, -52.06
25, -7.61, -15, -22.12, -28.94, -35.44, -41.56, -47.28, -52.56
26, -7.61, -15, -22.12, -28.94, -35.44, -41.56, -47.28, -52.56
ENDTABLE



#EMBEDDED_NOTES
#265/75 R16
#
#Aligning Moment vs. Slip Angle
#
#The corresponding vehicle is the Large European Van with independent front and rear suspensions (I_I).
#END_EMBEDDED_NOTES

LOG_ENTRY Used Dataset: Tire: Aligning Moment; { Trailer and Light Truck Tires } 265/75 R16
#Library : Tire: Aligning Moment
#DataSet : 265/75 R16
#Category: Trailer and Light Truck Tires
#FileID  : TireMz_73aa9f08-9db8-4f28-a24c-38ed9294259b
#Product : TruckSim 2020.1
#VehCode Tire: Mz

END
