PARSFILE
#FullDataName Tire: Aligning Moment`235/80 R16 - Trailer`Trailer and Light Truck Tires
#CheckBox0 0    

#RingCtrl0 CARPET_FROM_ZERO
#RadioCtrl0 0    
#RadioCtrl1 0    

*3D_XLabel Vertical load (N)
*3D_YLabel Abs. slip angle [Alpha] (deg)
*3D_ZLabel Aligning moment (N-m)

#DiagramTwo0
*3D_DATA 8, 51 ! columns x rows
MZ_TIRE_CARPET 2D_FROM_ZERO
0, 3922.66, 7845.32, 11767.98, 15690.64, 19613.3, 23535.96, 27458.62, 31381.28
0.5, 16.44, 31.89, 46.21, 59.32, 71.18, 81.76, 91.05, 99.04
1, 33.46, 64.89, 94, 120.62, 144.66, 166.08, 184.85, 200.94
1.5, 50.06, 97.29, 141.22, 181.58, 218.17, 250.88, 279.6, 304.29
2, 63.15, 123.51, 180.48, 233.6, 282.49, 326.8, 366.26, 400.65
2.5, 69.41, 137.19, 202.75, 265.49, 324.78, 380.01, 430.58, 475.9
3, 68.12, 136.37, 204.36, 271.55, 337.25, 400.68, 460.97, 517.18
3.5, 61.55, 124.73, 189.53, 255.64, 322.59, 389.69, 456.07, 520.67
4, 52.71, 107.96, 166.05, 227.02, 290.69, 356.7, 424.46, 493.11
4.5, 43.72, 90.36, 140.43, 194.2, 251.82, 313.26, 378.31, 446.53
5, 35.61, 74.18, 116.3, 162.41, 212.87, 267.92, 327.7, 392.16
5.5, 28.68, 60.17, 95.11, 133.99, 177.29, 225.44, 278.8, 337.65
6, 22.9, 48.39, 77.1, 109.55, 146.26, 187.74, 234.51, 287.05
6.5, 18.11, 38.58, 62.01, 88.9, 119.78, 155.21, 195.75, 242.01
7, 14.13, 30.42, 49.4, 71.55, 97.4, 127.47, 162.37, 202.77
7.5, 10.83, 23.61, 38.84, 56.98, 78.49, 103.92, 133.84, 168.93
8, 8.05, 17.89, 29.95, 44.68, 62.5, 83.91, 109.49, 139.87
8.5, 5.71, 13.05, 22.43, 34.24, 48.89, 66.85, 88.64, 114.89
9, 3.71, 8.92, 16.01, 25.33, 37.26, 52.23, 70.74, 93.37
9.5, 2, 5.38, 10.49, 17.66, 27.24, 39.62, 55.28, 74.74
10, 0.51, 2.31, 5.71, 11.02, 18.56, 28.7, 41.86, 58.55
10.5, -0.78, -0.36, 1.55, 5.24, 11, 19.16, 30.14, 44.4
11, -1.91, -2.7, -2.1, 0.16, 4.36, 10.8, 19.86, 31.97
11.5, -2.91, -4.77, -5.32, -4.31, -1.5, 3.42, 10.78, 21
12, -3.8, -6.61, -8.18, -8.29, -6.69, -3.13, 2.73, 11.26
12.5, -4.59, -8.25, -10.73, -11.83, -11.33, -8.97, -4.45, 2.58
13, -5.3, -9.72, -13.02, -15.01, -15.48, -14.2, -10.88, -5.2
13.5, -5.95, -11.04, -15.07, -17.87, -19.22, -18.9, -16.67, -12.2
14, -6.53, -12.24, -16.94, -20.45, -22.59, -23.16, -21.9, -18.52
14.5, -7.05, -13.33, -18.63, -22.8, -25.66, -27.02, -26.64, -24.25
15, -7.53, -14.32, -20.17, -24.94, -28.45, -30.53, -30.96, -29.46
15.5, -7.97, -15.23, -21.58, -26.9, -31.01, -33.74, -34.9, -34.23
16, -8.38, -16.06, -22.88, -28.69, -33.35, -36.69, -38.51, -38.59
16.5, -8.75, -16.83, -24.07, -30.34, -35.51, -39.4, -41.83, -42.6
17, -9.1, -17.54, -25.17, -31.87, -37.49, -41.9, -44.9, -46.29
17.5, -9.41, -18.19, -26.19, -33.28, -39.33, -44.21, -47.73, -49.71
18, -9.71, -18.8, -27.14, -34.59, -41.04, -46.35, -50.35, -52.87
18.5, -9.99, -19.37, -28.02, -35.81, -42.63, -48.34, -52.79, -55.81
19, -10.24, -19.9, -28.84, -36.94, -44.1, -50.19, -55.06, -58.54
19.5, -10.48, -20.39, -29.6, -38, -45.48, -51.92, -57.18, -61.09
20, -10.71, -20.86, -30.32, -39, -46.78, -53.54, -59.16, -63.47
20.5, -10.92, -21.29, -31, -39.93, -47.99, -55.06, -61.01, -65.7
21, -11.12, -21.7, -31.63, -40.8, -49.12, -56.48, -62.76, -67.8
21.5, -11.31, -22.09, -32.22, -41.63, -50.19, -57.82, -64.39, -69.77
22, -11.48, -22.45, -32.79, -42.4, -51.2, -59.09, -65.94, -71.62
22.5, -11.65, -22.79, -33.32, -43.13, -52.15, -60.28, -67.39, -73.37
23, -11.81, -23.12, -33.82, -43.83, -53.05, -61.4, -68.77, -75.02
23.5, -11.96, -23.42, -34.29, -44.48, -53.91, -62.47, -70.07, -76.58
24, -12.1, -23.71, -34.74, -45.11, -54.71, -63.48, -71.3, -78.06
24.5, -12.23, -23.99, -35.17, -45.7, -55.48, -64.43, -72.47, -79.46
25, -12.36, -24.25, -35.58, -46.26, -56.21, -65.34, -73.57, -80.79
25.5, -12.36, -24.25, -35.58, -46.26, -56.21, -65.34, -73.57, -80.79
ENDTABLE



LOG_ENTRY Used Dataset: Tire: Aligning Moment; { Trailer and Light Truck Tires } 235/80 R16 - Trailer
#Library : Tire: Aligning Moment
#DataSet : 235/80 R16 - Trailer
#Category: Trailer and Light Truck Tires
#FileID  : TireMz_464f563e-93d0-40b2-bb7d-297384694692
#Product : TruckSim 2020.1
#VehCode Tire: Mz

END
