PARSFILE
#FullDataName Tire: Aligning Moment`315/75 R16`Trailer and Light Truck Tires
#CheckBox0 0    

#RingCtrl0 CARPET_FROM_ZERO
#RadioCtrl0 0    
#RadioCtrl1 0    

*3D_XLabel Vertical load (N)
*3D_YLabel Abs. slip angle [Alpha] (deg)
*3D_ZLabel Aligning moment (N-m)

#DiagramTwo0
*3D_DATA 8, 51 ! columns x rows
MZ_TIRE_CARPET 2D_FROM_ZERO
0, 3554.91, 7109.82, 10664.73, 14219.64, 17774.55, 21329.46, 24884.37, 28439.29
0.5, 23.25, 45.08, 65.31, 83.82, 100.55, 115.47, 128.56, 139.82
1, 47.19, 91.6, 132.79, 170.52, 204.66, 235.09, 261.76, 284.64
1.5, 67.18, 131.28, 191.66, 247.85, 299.45, 346.13, 387.62, 423.69
2, 75.41, 149.42, 221.41, 290.72, 356.65, 418.48, 475.48, 526.94
2.5, 70.63, 142.28, 214.73, 287.51, 359.95, 431.22, 500.34, 566.18
3, 58.99, 120.59, 185.06, 252.36, 322.25, 394.24, 467.63, 541.42
3.5, 46.36, 95.9, 149.17, 206.51, 268.08, 333.91, 403.8, 477.31
4, 35.37, 73.88, 116.21, 162.87, 214.31, 270.88, 332.84, 400.3
4.5, 26.52, 55.93, 88.89, 125.98, 167.74, 214.72, 267.42, 326.32
5, 19.58, 41.73, 67.07, 96.16, 129.57, 167.88, 211.73, 261.77
5.5, 14.15, 30.55, 49.79, 72.38, 98.85, 129.79, 165.86, 207.76
6, 9.85, 21.7, 36.05, 53.38, 74.18, 99, 128.47, 163.29
6.5, 6.41, 14.6, 25.02, 38.09, 54.25, 74.03, 97.98, 126.8
7, 3.62, 8.84, 16.05, 25.64, 38, 53.6, 72.97, 96.73
7.5, 1.33, 4.1, 8.67, 15.39, 24.61, 36.74, 52.28, 71.79
8, -0.58, 0.16, 2.53, 6.85, 13.44, 22.68, 35, 50.93
8.5, -2.18, -3.16, -2.64, -0.33, 4.05, 10.84, 20.44, 33.33
9, -3.55, -5.98, -7.03, -6.45, -3.95, 0.77, 8.05, 18.35
9.5, -4.72, -8.41, -10.81, -11.69, -10.81, -7.88, -2.58, 5.49
10, -5.74, -10.51, -14.08, -16.23, -16.74, -15.36, -11.77, -5.63
10.5, -6.63, -12.34, -16.93, -20.19, -21.92, -21.88, -19.79, -15.32
11, -7.41, -13.96, -19.44, -23.67, -26.47, -27.6, -26.82, -23.82
11.5, -8.1, -15.38, -21.66, -26.75, -30.49, -32.66, -33.03, -31.33
12, -8.72, -16.66, -23.64, -29.49, -34.06, -37.16, -38.56, -38
12.5, -9.27, -17.79, -25.4, -31.95, -37.26, -41.18, -43.49, -43.95
13, -9.77, -18.82, -27, -34.15, -40.14, -44.79, -47.92, -49.3
13.5, -10.22, -19.75, -28.44, -36.14, -42.74, -48.05, -51.92, -54.12
14, -10.63, -20.59, -29.74, -37.95, -45.09, -51.01, -55.54, -58.48
14.5, -11, -21.36, -30.93, -39.6, -47.24, -53.7, -58.84, -62.45
15, -11.34, -22.06, -32.02, -41.11, -49.2, -56.16, -61.85, -66.08
15.5, -11.65, -22.71, -33.02, -42.49, -51, -58.42, -64.61, -69.4
16, -11.94, -23.3, -33.94, -43.76, -52.65, -60.49, -67.14, -72.45
16.5, -12.21, -23.85, -34.79, -44.94, -54.18, -62.4, -69.48, -75.26
17, -12.46, -24.36, -35.58, -46.03, -55.59, -64.17, -71.64, -77.85
17.5, -12.69, -24.83, -36.31, -47.04, -56.91, -65.82, -73.65, -80.26
18, -12.9, -25.27, -36.99, -47.98, -58.13, -67.34, -75.51, -82.5
18.5, -13.1, -25.68, -37.63, -48.85, -59.26, -68.77, -77.25, -84.58
19, -13.29, -26.07, -38.22, -49.67, -60.33, -70.1, -78.87, -86.53
19.5, -13.46, -26.43, -38.78, -50.44, -61.32, -71.34, -80.39, -88.35
20, -13.63, -26.76, -39.3, -51.16, -62.26, -72.51, -81.81, -90.05
20.5, -13.78, -27.08, -39.8, -51.84, -63.14, -73.6, -83.15, -91.66
21, -13.93, -27.38, -40.26, -52.48, -63.97, -74.64, -84.4, -93.16
21.5, -14.07, -27.67, -40.7, -53.08, -64.75, -75.61, -85.59, -94.58
22, -14.2, -27.93, -41.11, -53.65, -65.48, -76.53, -86.71, -95.92
22.5, -14.32, -28.19, -41.5, -54.19, -66.18, -77.4, -87.77, -97.19
23, -14.44, -28.43, -41.87, -54.7, -66.84, -78.22, -88.77, -98.38
23.5, -14.55, -28.65, -42.22, -55.18, -67.47, -79.01, -89.72, -99.52
24, -14.66, -28.87, -42.56, -55.64, -68.06, -79.75, -90.62, -100.6
24.5, -14.76, -29.08, -42.87, -56.08, -68.63, -80.45, -91.48, -101.62
25, -14.85, -29.27, -43.18, -56.5, -69.17, -81.12, -92.29, -102.6
25.5, -14.85, -29.27, -43.18, -56.5, -69.17, -81.12, -92.29, -102.6
ENDTABLE



LOG_ENTRY Used Dataset: Tire: Aligning Moment; { Trailer and Light Truck Tires } 315/75 R16
#Library : Tire: Aligning Moment
#DataSet : 315/75 R16
#Category: Trailer and Light Truck Tires
#FileID  : TireMz_0a639333-f35d-4d86-90f8-3cdc9e919e5c
#Product : TruckSim 2020.1
#VehCode Tire: Mz

END
