PARSFILE
#FullDataName Tire: Aligning Moment`175/65 R14`Touring Tires
#CheckBox0 0    

#RingCtrl0 CARPET_FROM_ZERO
#RadioCtrl0 0    
#RadioCtrl1 0    

*3D_XLabel Vertical load (N)
*3D_YLabel Abs. slip angle [Alpha] (deg)
*3D_ZLabel Aligning moment (N-m)

#DiagramTwo0
*3D_DATA 8, 51 ! columns x rows
MZ_TIRE_CARPET 2D_FROM_ZERO
0, 980.665, 1961.33, 2941.995, 3922.66, 4903.325, 5883.99, 6864.655, 7845.32
0.5, 3.63841689, 7.167976437, 10.57049835, 13.83887621, 16.96898498, 19.96037444, 22.80465341, 25.50938705
1, 7.380277171, 14.54752918, 21.46738822, 28.11913715, 34.49190055, 40.57246253, 46.35456265, 51.83878832
1.5, 10.48921868, 20.81311684, 30.92379499, 40.78308075, 50.3458885, 59.58130303, 68.44983319, 76.92471145
2, 11.74443143, 23.62625851, 35.62169635, 47.68768585, 59.76248468, 71.77420133, 83.63899602, 95.27175876
2.5, 10.96767339, 22.41946337, 34.41959155, 46.97083594, 60.05591821, 73.61586927, 87.57710917, 101.8305202
3, 9.122542075, 18.92289782, 29.53128661, 41.03357141, 53.48995454, 66.93960538, 81.37940398, 96.78482364
3.5, 7.137325838, 14.97671133, 23.68308305, 33.39830551, 44.24529378, 56.353012, 69.82218654, 84.74985902
4, 5.419001151, 11.47927204, 18.35211567, 26.1890575, 35.15539347, 45.41949424, 57.16284914, 70.56509916
4.5, 4.044161405, 8.643689616, 13.95936861, 20.13849321, 27.34805336, 35.76697791, 45.60756495, 57.10260803
5, 2.970233893, 6.417288173, 10.47522155, 15.28215293, 20.99454451, 27.78532256, 35.86185794, 45.473943
5.5, 2.13714156, 4.674578551, 7.736987608, 11.44036263, 15.92276463, 21.34582916, 27.90654532, 35.83791206
6, 1.482392449, 3.30371486, 5.575148667, 8.39538635, 11.88329357, 16.18824325, 21.48265341, 27.98087306
6.5, 0.959245108, 2.21543133, 3.853178934, 5.961269877, 8.650520029, 12.0383941, 16.29064599, 21.59285197
7, 0.542227671, 1.337084389, 2.461369732, 3.995589128, 6.03179882, 8.676040678, 12.06763631, 16.38173376
7.5, 0.197709305, 0.618047049, 1.325280968, 2.389598435, 3.891619551, 5.921286011, 8.605957496, 12.09662467
8, -0.087042267, 0.023489511, 0.387017386, 1.061296605, 2.119439583, 3.642792007, 5.738979325, 8.543108516
8.5, -0.324443679, -0.474805078, -0.401070818, -0.051280358, 0.635046768, 1.734623103, 3.339823438, 5.571607342
9, -0.526651204, -0.898610862, -1.067856374, -0.993614804, -0.618381073, 0.121591261, 1.313704185, 3.056497503
9.5, -0.699834109, -1.260520239, -1.641548768, -1.801143368, -1.693188302, -1.257106259, -0.41891511, 0.911271955
10, -0.850047206, -1.572827873, -2.135045241, -2.499552612, -2.619269832, -2.445293973, -1.910263562, -0.931977435
10.5, -0.980335157, -1.84762192, -2.566826454, -3.104987936, -3.425774767, -3.479561876, -3.20805171, -2.536088481
11, -1.096591118, -2.091021553, -2.94918743, -3.642240051, -4.135219915, -4.386419389, -4.343149537, -3.936686718
11.5, -1.201770076, -2.306060869, -3.288347975, -4.117790845, -4.763616099, -5.188753072, -5.345682635, -5.174875018
12, -1.295872734, -2.498678879, -3.59036317, -4.540928827, -5.32365716, -5.905927377, -6.238939527, -6.274905524
12.5, -1.37891982, -2.674768086, -3.864216916, -4.923843639, -5.827815295, -6.547732161, -7.039459151, -7.257273084
13, -1.4537937, -2.831360412, -4.109920515, -5.269607342, -6.282366325, -7.12686778, -7.760373058, -8.142087748
13.5, -1.523359668, -2.977234243, -4.336319959, -5.584193004, -6.696496754, -7.652792055, -8.414593434, -8.942725778
14, -1.587602411, -3.109394582, -4.543364246, -5.870582039, -7.07629129, -8.131725361, -9.008596783, -9.669136443
14.5, -1.646464461, -3.230697854, -4.733966272, -6.137724695, -7.424731633, -8.572944709, -9.555021505, -10.33758867
15, -1.702858601, -3.344046838, -4.910973486, -6.382494155, -7.744782408, -8.979496216, -10.06016691, -10.94806843
15.5, -1.753809988, -3.449362042, -5.07430977, -6.610812065, -8.045511586, -9.357473242, -10.52392997, -11.5134668
16, -1.802208411, -3.549542946, -5.226852856, -6.822570925, -8.320608279, -9.706712278, -10.95569575, -12.03688084
16.5, -1.848021182, -3.641525051, -5.368516251, -7.020636384, -8.582247882, -10.0333132, -11.35847343, -12.52465075
17, -1.888279674, -3.728253902, -5.505205966, -7.20795245, -8.824124572, -10.34022802, -11.73204573, -12.98311133
17.5, -1.928801647, -3.809605574, -5.630774089, -7.384423548, -9.052247146, -10.62729644, -12.08584214, -13.40877993
18, -1.966672621, -3.888565339, -5.751220093, -7.549863981, -9.269589549, -10.8974694, -12.41964953, -13.81122754
18.5, -2.001812, -3.962062308, -5.86642358, -7.707265752, -9.472868519, -11.15376829, -12.73329498, -14.18699714
19, -2.037195221, -4.030015108, -5.973286505, -7.856521906, -9.668216545, -11.39599876, -13.02979542, -14.5456923
19.5, -2.069781353, -4.098431725, -6.077782978, -7.997483509, -9.852352312, -11.62717123, -13.30898271, -14.88384402
20, -2.099597028, -4.161188024, -6.176839821, -8.13318378, -10.02829867, -11.84716212, -13.57711333, -15.20783486
20.5, -2.129571102, -4.221294637, -6.270341358, -8.263543881, -10.19595061, -12.05585423, -13.83405302, -15.51418331
21, -2.159693551, -4.281761917, -6.358250514, -8.388427979, -10.35515812, -12.25625792, -14.0764105, -15.80599194
21.5, -2.186974273, -4.336412718, -6.446660725, -8.504692065, -10.50899951, -12.44825642, -14.31051737, -16.0864329
22, -2.211334173, -4.391361244, -6.529337881, -8.621594796, -10.65738825, -12.63177241, -14.53299819, -16.35200842
22.5, -2.238856814, -4.443504924, -6.609343532, -8.729707159, -10.79706617, -12.80664131, -14.74694998, -16.60919195
23, -2.263448974, -4.492791277, -6.686615255, -8.835213062, -10.93429681, -12.97927074, -14.95557897, -16.85458016
23.5, -2.285073155, -4.542311582, -6.7611099, -8.938059357, -11.06580848, -13.14307549, -15.1522051, -17.09464775
24, -2.309838271, -4.588898156, -6.832787181, -9.03820591, -11.19474363, -13.3012125, -15.3465585, -17.32263556
24.5, -2.331625008, -4.635669156, -6.904771149, -9.132429111, -11.31784295, -13.45357654, -15.53197875, -17.54173239
25, -2.353483574, -4.679512585, -6.970705389, -9.223863516, -11.43825152, -13.60012803, -15.70835013, -17.75521652
26, -2.353483574, -4.679512585, -6.970705389, -9.223863516, -11.43825152, -13.60012803, -15.70835013, -17.75521652
ENDTABLE



LOG_ENTRY Used Dataset: Tire: Aligning Moment; { Touring Tires } 175/65 R14
#Library : Tire: Aligning Moment
#DataSet : 175/65 R14
#Category: Touring Tires
#FileID  : TireMz_60dc16a5-7d39-42f3-bbd6-2eccaae1d2d1
#Product : TruckSim 2020.1
#VehCode Tire: Mz

END
