PARSFILE
#FullDataName Tire: Aligning Moment`MF-Tyre / MF-Swift Asymmetric`MF-Tyre / MF-Swift Example
#CheckBox0 0    

#RingCtrl0 2D_SPLINE
#RadioCtrl0 0    
#RadioCtrl1 0    

*3D_XLabel Vertical load (N)
*3D_YLabel Slip angle [Alpha] (deg)
*3D_ZLabel Aligning moment (N-m)

#DiagramTwo0
*3D_DATA 6, 161 ! columns x rows
MZ_TIRE_CARPET 2D_SPLINE
0, 0, 2000, 8000, 20000, 40000, 60000
-40, 0, -0.396806, -4.03944, -7.90013, -1.80677, 17.2248
-39.5, 0, -0.413361, -4.26746, -8.95231, -4.39651, 13.6784
-39, 0, -0.43058, -4.50517, -10.054, -7.12268, 9.92826
-38.5, 0, -0.448489, -4.75297, -11.2074, -9.99162, 5.96448
-38, 0, -0.467112, -5.01125, -12.4146, -13.01, 1.77644
-37.5, 0, -0.486479, -5.28045, -13.678, -16.1849, -2.64709
-37, 0, -0.506618, -5.561, -15.0001, -19.5238, -7.31801
-36.5, 0, -0.52756, -5.85338, -16.3834, -23.0346, -12.2489
-36, 0, -0.549335, -6.15807, -17.8308, -26.7256, -17.4533
-35.5, 0, -0.571978, -6.47558, -19.345, -30.6057, -22.9452
-35, 0, -0.595524, -6.80646, -20.9292, -34.6842, -28.7399
-34.5, 0, -0.620008, -7.15128, -22.5865, -38.971, -34.8533
-34, 0, -0.645471, -7.51063, -24.3203, -43.4766, -41.3025
-33.5, 0, -0.671951, -7.88513, -26.1341, -48.2122, -48.1055
-33, 0, -0.699491, -8.27546, -28.0318, -53.1895, -55.2817
-32.5, 0, -0.728136, -8.6823, -30.0172, -58.4209, -62.8514
-32, 0, -0.757933, -9.10638, -32.0946, -63.9198, -70.8365
-31.5, 0, -0.788929, -9.54848, -34.2684, -69.7001, -79.2601
-31, 0, -0.821178, -10.0094, -36.5432, -75.7768, -88.1469
-30.5, 0, -0.854732, -10.49, -38.924, -82.1657, -97.523
-30, 0, -0.889649, -10.9911, -41.416, -88.8834, -107.416
-29.5, 0, -0.925987, -11.5138, -44.0246, -95.9478, -117.857
-29, 0, -0.963809, -12.0589, -46.7558, -103.378, -128.876
-28.5, 0, -1.00318, -12.6276, -49.6154, -111.193, -140.507
-28, 0, -1.04417, -13.2208, -52.6102, -119.416, -152.786
-27.5, 0, -1.08685, -13.8399, -55.7467, -128.067, -165.752
-27, 0, -1.13129, -14.4859, -59.0323, -137.171, -179.444
-26.5, 0, -1.17758, -15.1602, -62.4744, -146.754, -193.905
-26, 0, -1.22578, -15.864, -66.0811, -156.842, -209.182
-25.5, 0, -1.276, -16.5987, -69.8607, -167.463, -225.322
-25, 0, -1.32832, -17.3658, -73.822, -178.646, -242.377
-24.5, 0, -1.38283, -18.1668, -77.9742, -190.425, -260.401
-24, 0, -1.43962, -19.0032, -82.3269, -202.83, -279.45
-23.5, 0, -1.4988, -19.8767, -86.8902, -215.898, -299.587
-23, 0, -1.56046, -20.789, -91.6745, -229.664, -320.872
-22.5, 0, -1.62471, -21.7417, -96.6908, -244.166, -343.374
-22, 0, -1.69166, -22.7367, -101.95, -259.445, -367.161
-21.5, 0, -1.7614, -23.7757, -107.465, -275.54, -392.304
-21, 0, -1.83405, -24.8606, -113.245, -292.495, -418.879
-20.5, 0, -1.90971, -25.9931, -119.304, -310.351, -446.96
-20, 0, -1.98848, -27.1752, -125.654, -329.153, -476.624
-19.5, 0, -2.07046, -28.4084, -132.306, -348.945, -507.949
-19, 0, -2.15574, -29.6945, -139.271, -369.768, -541.012
-18.5, 0, -2.2444, -31.0351, -146.562, -391.666, -575.884
-18, 0, -2.3365, -32.4313, -154.187, -414.677, -612.637
-17.5, 0, -2.43208, -33.8842, -162.155, -438.836, -651.33
-17, 0, -2.53117, -35.3946, -170.474, -464.172, -692.017
-16.5, 0, -2.63376, -36.9627, -179.148, -490.707, -734.735
-16, 0, -2.73978, -38.588, -188.177, -518.452, -779.503
-15.5, 0, -2.84913, -40.2694, -197.56, -547.404, -826.314
-15, 0, -2.96165, -42.0049, -207.286, -577.543, -875.13
-14.5, 0, -3.07709, -43.7911, -217.343, -608.826, -925.873
-14, 0, -3.1951, -45.6232, -227.705, -641.183, -978.414
-13.5, 0, -3.31521, -47.4947, -238.339, -674.507, -1032.56
-13, 0, -3.43683, -49.3967, -249.199, -708.65, -1088.05
-12.5, 0, -3.55919, -51.318, -260.224, -743.414, -1144.52
-12, 0, -3.68131, -53.2441, -271.334, -778.538, -1201.51
-11.5, 0, -3.802, -55.1568, -282.428, -813.693, -1258.43
-11, 0, -3.91979, -57.0339, -293.382, -848.464, -1314.56
-10.5, 0, -4.03289, -58.8482, -304.042, -882.347, -1369.02
-10, 0, -4.1392, -60.5671, -314.224, -914.733, -1420.75
-9.5, 0, -4.23622, -62.1521, -323.707, -944.906, -1468.53
-9, 0, -4.32106, -63.5585, -332.236, -972.034, -1510.96
-8.5, 0, -4.39042, -64.7348, -339.519, -995.176, -1546.48
-8, 0, -4.44058, -65.6232, -345.226, -1013.29, -1573.39
-7.5, 0, -4.46745, -66.1601, -348.996, -1025.24, -1589.91
-7, 0, -4.46665, -66.277, -350.442, -1029.85, -1594.21
-6.5, 0, -4.43359, -65.9026, -349.166, -1025.94, -1584.53
-6, 0, -4.36363, -64.9648, -344.768, -1012.35, -1559.24
-5.5, 0, -4.25234, -63.3948, -336.872, -988.035, -1516.96
-5, 0, -4.09568, -61.1305, -325.143, -952.13, -1456.65
-4.5, 0, -3.89039, -58.1218, -309.32, -904.006, -1377.71
-4, 0, -3.63424, -54.3349, -289.235, -843.344, -1280.04
-3.5, 0, -3.32643, -49.7581, -264.843, -770.187, -1164.06
-3, 0, -2.96782, -44.4055, -236.24, -684.974, -1030.74
-2.5, 0, -2.56123, -38.3205, -203.68, -588.563, -881.569
-2, 0, -2.11149, -31.5778, -167.577, -482.221, -718.51
-1.5, 0, -1.6255, -24.2826, -128.505, -367.605, -543.973
-1, 0, -1.112, -16.5678, -87.1767, -246.706, -360.742
-0.5, 0, -0.58125, -8.58887, -44.4161, -121.78, -171.895
4.55e-14, 0, -0.0444819, -0.515902, -1.12323, 4.73498, 19.2887
0.5, 0, 0.486712, 7.4754, 41.7732, 130.329, 209.442
1, 0, 1.00107, 15.214, 83.3641, 252.524, 395.224
1.5, 0, 1.48835, 22.5434, 122.807, 368.985, 573.437
2, 0, 1.93981, 29.3293, 159.37, 477.624, 741.145
2.5, 0, 2.34866, 35.4666, 192.461, 576.683, 895.77
3, 0, 2.71021, 40.8815, 221.653, 664.799, 1035.17
3.5, 0, 3.02189, 45.5326, 246.686, 741.04, 1157.72
4, 0, 3.28307, 49.4086, 267.467, 804.913, 1262.3
4.5, 0, 3.49481, 52.5245, 284.047, 856.345, 1348.37
5, 0, 3.65951, 54.9169, 296.604, 895.638, 1415.89
5.5, 0, 3.78058, 56.638, 305.41, 923.414, 1465.37
6, 0, 3.86206, 57.7506, 310.805, 940.539, 1497.73
6.5, 0, 3.90836, 58.3235, 313.168, 948.05, 1514.26
7, 0, 3.92397, 58.427, 312.893, 947.086, 1516.54
7.5, 0, 3.91329, 58.13, 310.371, 938.822, 1506.27
8, 0, 3.88048, 57.4978, 305.977, 924.414, 1485.24
8.5, 0, 3.82936, 56.5904, 300.056, 904.965, 1455.22
9, 0, 3.7634, 55.4619, 292.921, 881.49, 1417.89
9.5, 0, 3.68565, 54.1601, 284.848, 854.906, 1374.81
10, 0, 3.59877, 52.7265, 276.079, 826.018, 1327.4
10.5, 0, 3.50505, 51.1963, 266.817, 795.521, 1276.89
11, 0, 3.40643, 49.5998, 257.237, 764.006, 1224.35
11.5, 0, 3.30454, 47.9617, 247.481, 731.964, 1170.68
12, 0, 3.20074, 46.3028, 237.666, 699.799, 1116.62
12.5, 0, 3.09613, 44.6397, 227.887, 667.836, 1062.8
13, 0, 2.99162, 42.9861, 218.22, 636.332, 1009.69
13.5, 0, 2.88794, 41.3527, 208.723, 605.488, 957.683
14, 0, 2.78565, 39.7477, 199.441, 575.453, 907.056
14.5, 0, 2.6852, 38.1777, 190.408, 546.339, 858.026
15, 0, 2.58694, 36.6473, 181.647, 518.221, 810.742
15.5, 0, 2.49113, 35.1601, 173.174, 491.15, 765.302
16, 0, 2.39794, 33.7184, 165.001, 465.154, 721.759
16.5, 0, 2.30751, 32.3238, 157.132, 440.243, 680.137
17, 0, 2.21991, 30.9769, 149.568, 416.414, 640.43
17.5, 0, 2.13517, 29.678, 142.307, 393.653, 602.614
18, 0, 2.05331, 28.4268, 135.345, 371.938, 566.648
18.5, 0, 1.97432, 27.2228, 128.676, 351.241, 532.479
19, 0, 1.89815, 26.065, 122.292, 331.531, 500.049
19.5, 0, 1.82476, 24.9525, 116.184, 312.772, 469.291
20, 0, 1.75409, 23.884, 110.345, 294.927, 440.137
20.5, 0, 1.68606, 22.8583, 104.763, 277.959, 412.516
21, 0, 1.62061, 21.8738, 99.4288, 261.83, 386.356
21.5, 0, 1.55766, 20.9293, 94.3332, 246.501, 361.587
22, 0, 1.49711, 20.0232, 89.4659, 231.935, 338.138
22.5, 0, 1.4389, 19.1542, 84.8172, 218.094, 315.943
23, 0, 1.38293, 18.3207, 80.3775, 204.945, 294.935
23.5, 0, 1.32913, 17.5213, 76.1376, 192.451, 275.051
24, 0, 1.27742, 16.7548, 72.0884, 180.58, 256.231
24.5, 0, 1.22771, 16.0197, 68.2212, 169.301, 238.416
25, 0, 1.17992, 15.3147, 64.5278, 158.583, 221.552
25.5, 0, 1.13398, 14.6385, 60.9999, 148.397, 205.586
26, 0, 1.08983, 13.9901, 57.63, 138.716, 190.469
26.5, 0, 1.04737, 13.368, 54.4108, 129.513, 176.154
27, 0, 1.00656, 12.7714, 51.3351, 120.765, 162.596
27.5, 0, 0.967319, 12.199, 48.3963, 112.447, 149.754
28, 0, 0.929586, 11.6498, 45.588, 104.538, 137.588
28.5, 0, 0.893301, 11.1229, 42.9042, 97.0162, 126.062
29, 0, 0.858407, 10.6173, 40.3392, 89.862, 115.139
29.5, 0, 0.824846, 10.1321, 37.8874, 83.0568, 104.788
30, 0, 0.792566, 9.66646, 35.5436, 76.5828, 94.9777
30.5, 0, 0.761516, 9.21953, 33.303, 70.4235, 85.6782
31, 0, 0.731647, 8.79055, 31.1607, 64.563, 76.8625
31.5, 0, 0.702912, 8.37875, 29.1125, 58.9864, 68.5049
32, 0, 0.675266, 7.98345, 27.154, 53.6797, 60.5812
32.5, 0, 0.648668, 7.60394, 25.2813, 48.6297, 53.0686
33, 0, 0.623076, 7.23961, 23.4905, 43.8238, 45.9457
33.5, 0, 0.598451, 6.88981, 21.7781, 39.2503, 39.1924
34, 0, 0.574757, 6.55398, 20.1406, 34.8978, 32.7896
34.5, 0, 0.551958, 6.23155, 18.5748, 30.756, 26.7195
35, 0, 0.530019, 5.92199, 17.0775, 26.8148, 20.9654
35.5, 0, 0.508909, 5.62478, 15.6459, 23.0648, 15.5114
36, 0, 0.488597, 5.33946, 14.2771, 19.4972, 10.3426
36.5, 0, 0.469053, 5.06555, 12.9686, 16.1034, 5.44504
37, 0, 0.450248, 4.80261, 11.7177, 12.8756, 0.805401
37.5, 0, 0.432156, 4.55022, 10.5221, 9.80612, -3.58876
38, 0, 0.414751, 4.30799, 9.3796, 6.88796, -7.7492
38.5, 0, 0.398009, 4.07553, 8.28793, 4.11431, -11.687
39, 0, 0.381904, 3.85247, 7.24507, 1.47878, -15.4128
39.5, 0, 0.366416, 3.63847, 6.24904, -1.0247, -18.9363
40, 0, 0.351522, 3.43318, 5.29799, -3.40187, -22.2669
ENDTABLE



LOG_ENTRY Used Dataset: Tire: Aligning Moment; { MF-Tyre / MF-Swift Example } MF-Tyre / MF-Swift Asymmetric
#Library : Tire: Aligning Moment
#DataSet : MF-Tyre / MF-Swift Asymmetric
#Category: MF-Tyre / MF-Swift Example
#FileID  : TireMz_8ced2c70-0b59-4765-bcc2-f4293915f981
#Product : TruckSim 2020.1
#VehCode Tire: Mz

END
