PARSFILE
#FullDataName Tire: Aligning Moment`MF-Tyre / MF-Swift Mz vs. Alpha`MF-Tyre / MF-Swift Example
#CheckBox0 0    

#RingCtrl0 CARPET_FROM_ZERO
#RadioCtrl0 0    
#RadioCtrl1 0    

*3D_XLabel Vertical load (N)
*3D_YLabel Abs. slip angle [Alpha] (deg)
*3D_ZLabel Aligning moment (N-m)

#DiagramTwo0
*3D_DATA 5, 80 ! columns x rows
MZ_TIRE_CARPET 2D_FROM_ZERO
0, 2000, 8000, 20000, 40000, 60000
0.5, 0.516818, 7.84503, 42.9662, 127.578, 193.796
1, 1.01808, 15.4537, 84.6581, 251.643, 382.837
1.5, 1.48947, 22.608, 123.895, 368.899, 562.589
2, 1.91894, 29.1241, 159.669, 476.456, 728.946
2.5, 2.2975, 34.8635, 191.209, 571.995, 878.432
3, 2.61948, 39.7386, 218.009, 653.867, 1008.36
3.5, 2.88256, 43.7121, 239.833, 721.147, 1116.95
4, 3.08739, 46.7923, 256.696, 773.613, 1203.37
4.5, 3.23698, 49.0243, 268.82, 811.674, 1267.72
5, 3.33608, 50.4802, 276.586, 836.255, 1310.93
5.5, 3.39048, 51.249, 280.478, 848.663, 1334.61
6, 3.40646, 51.4275, 281.032, 850.434, 1340.86
6.5, 3.39031, 51.1131, 278.797, 843.21, 1332.07
7, 3.34801, 50.3987, 274.3, 828.624, 1310.72
7.5, 3.285, 49.3688, 268.028, 808.217, 1279.27
8, 3.20609, 48.0982, 260.411, 783.387, 1240
8.5, 3.11541, 46.6513, 251.82, 755.36, 1194.97
9, 3.01642, 45.0818, 242.569, 725.176, 1145.96
9.5, 2.91199, 43.4341, 232.913, 693.698, 1094.49
10, 2.80442, 41.7438, 223.059, 661.621, 1041.78
10.5, 2.69556, 40.0394, 213.168, 629.497, 988.818
11, 2.58684, 38.3426, 203.367, 597.749, 936.377
11.5, 2.47937, 36.6704, 193.749, 566.694, 885.035
12, 2.37399, 35.0352, 184.384, 536.563, 835.217
12.5, 2.27129, 33.446, 175.321, 507.515, 787.219
13, 2.17171, 31.9091, 166.592, 479.655, 741.238
13.5, 2.07554, 30.4285, 158.217, 453.042, 697.387
14, 1.98295, 29.0065, 150.207, 427.703, 655.719
14.5, 1.89405, 27.6443, 142.564, 403.639, 616.239
15, 1.80884, 26.3419, 135.286, 380.831, 578.917
15.5, 1.72732, 25.0985, 128.365, 359.249, 543.699
16, 1.64942, 23.913, 121.792, 338.852, 510.511
16.5, 1.57505, 22.7836, 115.555, 319.591, 479.269
17, 1.50411, 21.7086, 109.64, 301.417, 449.883
17.5, 1.43646, 20.6858, 104.034, 284.274, 422.256
18, 1.372, 19.7129, 98.7211, 268.11, 396.291
18.5, 1.31057, 18.7879, 93.6879, 252.871, 371.895
19, 1.25205, 17.9083, 88.9198, 238.504, 348.972
19.5, 1.19631, 17.0721, 84.4026, 224.958, 327.433
20, 1.14321, 16.277, 80.1228, 212.185, 307.191
20.5, 1.09262, 15.521, 76.0671, 200.138, 288.164
21, 1.04441, 14.8019, 72.223, 188.772, 270.273
21.5, 0.998476, 14.1179, 68.5787, 178.046, 253.446
22, 0.954691, 13.4672, 65.1226, 167.92, 237.613
22.5, 0.912946, 12.8478, 61.8441, 158.357, 222.708
23, 0.873136, 12.2581, 58.7329, 149.321, 208.673
23.5, 0.835162, 11.6967, 55.7795, 140.781, 195.448
24, 0.798928, 11.1618, 52.9749, 132.705, 182.983
24.5, 0.764344, 10.6521, 50.3105, 125.065, 171.228
25, 0.731324, 10.1663, 47.7784, 117.834, 160.136
25.5, 0.699789, 9.70302, 45.371, 110.987, 149.665
26, 0.669661, 9.26114, 43.0813, 104.501, 139.775
26.5, 0.640868, 8.8395, 40.9028, 98.3533, 130.43
27, 0.613343, 8.43703, 38.8291, 92.5241, 121.594
27.5, 0.58702, 8.05273, 36.8545, 86.9944, 113.236
28, 0.56184, 7.68564, 34.9735, 81.7462, 105.327
28.5, 0.537745, 7.33488, 33.1809, 76.7632, 97.838
29, 0.514681, 6.99961, 31.472, 72.0297, 90.7437
29.5, 0.492596, 6.67904, 29.8423, 67.5313, 84.02
30, 0.471442, 6.37241, 28.2874, 63.2546, 77.6447
30.5, 0.451175, 6.07903, 26.8034, 59.1868, 71.5969
31, 0.43175, 5.79822, 25.3865, 55.3161, 65.8572
31.5, 0.413127, 5.52937, 24.0333, 51.6315, 60.4075
32, 0.395268, 5.27189, 22.7404, 48.1227, 55.2308
32.5, 0.378136, 5.02522, 21.5047, 44.7799, 50.3115
33, 0.361698, 4.78882, 20.3233, 41.5941, 45.6347
33.5, 0.34592, 4.56222, 19.1934, 38.5567, 41.1868
34, 0.330772, 4.34493, 18.1124, 35.6598, 36.9548
34.5, 0.316224, 4.13651, 17.0779, 32.8958, 32.9266
35, 0.30225, 3.93655, 16.0875, 30.2578, 29.0911
35.5, 0.288822, 3.74464, 15.1391, 27.7391, 25.4377
36, 0.275917, 3.56042, 14.2306, 25.3335, 21.9564
36.5, 0.263511, 3.38353, 13.3601, 23.0352, 18.638
37, 0.251581, 3.21363, 12.5258, 20.8387, 15.4738
37.5, 0.240107, 3.05041, 11.726, 18.7388, 12.4556
38, 0.229069, 2.89356, 10.9589, 16.7307, 9.57574
38.5, 0.218447, 2.7428, 10.2231, 14.8098, 6.82703
39, 0.208223, 2.59785, 9.51711, 12.9717, 4.20268
39.5, 0.198381, 2.45846, 8.83953, 11.2124, 1.69632
40, 0.198381, 2.45846, 8.83953, 11.2124, 1.69632
ENDTABLE



LOG_ENTRY Used Dataset: Tire: Aligning Moment; { MF-Tyre / MF-Swift Example } MF-Tyre / MF-Swift Mz vs. Alpha
#Library : Tire: Aligning Moment
#DataSet : MF-Tyre / MF-Swift Mz vs. Alpha
#Category: MF-Tyre / MF-Swift Example
#FileID  : TireMz_535e8fbc-694e-42c8-854f-42d660a88547
#Product : TruckSim 2020.1
#VehCode Tire: Mz

END
