PARSFILE
#FullDataName Tire: Aligning Moment`215/70 R15`Touring Tires
#CheckBox0 0    

#RingCtrl0 CARPET_FROM_ZERO
#RadioCtrl0 0    
#RadioCtrl1 0    

*3D_XLabel Vertical load (N)
*3D_YLabel Abs. slip angle [Alpha] (deg)
*3D_ZLabel Aligning moment (N-m)

#DiagramTwo0
*3D_DATA 8, 50 ! columns x rows
MZ_TIRE_CARPET 2D_FROM_ZERO
0, 1961.33, 3922.66, 5883.99, 7845.32, 9806.65, 11767.98, 13729.31, 15690.64
0.5, 7.83, 15.36, 22.55, 29.36, 35.8, 41.84, 47.48, 52.72
1, 15.94, 31.27, 45.9, 59.77, 72.86, 85.14, 96.6, 107.24
1.5, 23.69, 46.55, 68.43, 89.25, 108.97, 127.54, 144.93, 161.12
2, 29.35, 57.89, 85.48, 112.01, 137.39, 161.55, 184.42, 205.95
2.5, 31.34, 62.21, 92.5, 122.08, 150.87, 178.76, 205.64, 231.41
3, 29.76, 59.5, 89.15, 118.66, 147.92, 176.86, 205.36, 233.31
3.5, 26.08, 52.46, 79.18, 106.21, 133.51, 161.03, 188.7, 216.44
4, 21.75, 44, 66.82, 90.22, 114.23, 138.82, 163.98, 189.68
4.5, 17.66, 35.87, 54.75, 74.34, 94.69, 115.81, 137.73, 160.44
5, 14.11, 28.78, 44.12, 60.2, 77.08, 94.79, 113.39, 132.9
5.5, 11.15, 22.84, 35.18, 48.22, 62.04, 76.69, 92.23, 108.7
6, 8.73, 17.96, 27.78, 38.27, 49.5, 61.51, 74.37, 88.13
6.5, 6.74, 13.94, 21.7, 30.07, 39.11, 48.89, 59.47, 70.89
7, 5.11, 10.64, 16.67, 23.28, 30.51, 38.41, 47.05, 56.49
7.5, 3.76, 7.9, 12.5, 17.63, 23.34, 29.67, 36.68, 44.42
8, 2.62, 5.6, 9.01, 12.91, 17.33, 22.34, 27.97, 34.27
8.5, 1.67, 3.67, 6.07, 8.92, 12.26, 16.13, 20.59, 25.67
9, 0.86, 2.02, 3.56, 5.52, 7.93, 10.84, 14.3, 18.34
9.5, 0.16, 0.61, 1.41, 2.6, 4.22, 6.3, 8.9, 12.03
10, -0.44, -0.61, -0.45, 0.07, 1, 2.37, 4.22, 6.58
10.5, -0.97, -1.68, -2.08, -2.13, -1.79, -1.05, 0.15, 1.82
11, -1.43, -2.61, -3.5, -4.06, -4.25, -4.05, -3.43, -2.35
11.5, -1.84, -3.44, -4.76, -5.76, -6.42, -6.7, -6.58, -6.03
12, -2.2, -4.17, -5.87, -7.27, -8.34, -9.05, -9.38, -9.3
12.5, -2.52, -4.83, -6.87, -8.62, -10.06, -11.15, -11.88, -12.21
13, -2.81, -5.41, -7.76, -9.83, -11.6, -13.04, -14.12, -14.82
13.5, -3.07, -5.94, -8.57, -10.93, -12.99, -14.73, -16.14, -17.18
14, -3.31, -6.42, -9.3, -11.92, -14.24, -16.27, -17.96, -19.3
14.5, -3.53, -6.86, -9.96, -12.81, -15.39, -17.66, -19.62, -21.24
15, -3.72, -7.26, -10.57, -13.63, -16.43, -18.93, -21.13, -23
15.5, -3.9, -7.62, -11.12, -14.38, -17.38, -20.1, -22.52, -24.61
16, -4.07, -7.96, -11.63, -15.07, -18.26, -21.17, -23.79, -26.09
16.5, -4.22, -8.27, -12.1, -15.71, -19.07, -22.15, -24.96, -27.45
17, -4.36, -8.55, -12.54, -16.3, -19.81, -23.06, -26.04, -28.71
17.5, -4.49, -8.82, -12.94, -16.84, -20.5, -23.91, -27.04, -29.88
18, -4.62, -9.06, -13.31, -17.35, -21.14, -24.69, -27.96, -30.96
18.5, -4.73, -9.29, -13.66, -17.82, -21.74, -25.42, -28.83, -31.96
19, -4.83, -9.51, -13.99, -18.26, -22.3, -26.09, -29.63, -32.9
19.5, -4.93, -9.71, -14.29, -18.67, -22.82, -26.73, -30.39, -33.78
20, -5.03, -9.89, -14.58, -19.05, -23.31, -27.32, -31.09, -34.6
20.5, -5.11, -10.07, -14.84, -19.41, -23.76, -27.88, -31.75, -35.37
21, -5.19, -10.24, -15.09, -19.75, -24.19, -28.41, -32.38, -36.09
21.5, -5.27, -10.39, -15.33, -20.07, -24.6, -28.9, -32.96, -36.77
22, -5.34, -10.54, -15.55, -20.37, -24.98, -29.37, -33.51, -37.41
22.5, -5.41, -10.68, -15.77, -20.66, -25.34, -29.81, -34.04, -38.02
23, -5.48, -10.81, -15.97, -20.93, -25.69, -30.22, -34.53, -38.59
23.5, -5.54, -10.93, -16.15, -21.18, -26.01, -30.62, -35, -39.13
24, -5.6, -11.05, -16.33, -21.43, -26.32, -30.99, -35.44, -39.65
24.5, -5.66, -11.17, -16.51, -21.66, -26.61, -31.35, -35.86, -40.14
25, -5.71, -11.27, -16.67, -21.88, -26.89, -31.69, -36.26, -40.6
ENDTABLE



LOG_ENTRY Used Dataset: Tire: Aligning Moment; { Touring Tires } 215/70 R15
#Library : Tire: Aligning Moment
#DataSet : 215/70 R15
#Category: Touring Tires
#FileID  : TireMz_9ee4f7cf-70cc-41d8-abf6-09dfce4eb16f
#Product : TruckSim 2020.1
#VehCode Tire: Mz

END
