PARSFILE
#FullDataName Road: Reference Line Elevation`Offroad Baja S v Z`Hills and Valleys
#CheckBox0 0    

#RingCtrl0 SPLINE
#RadioCtrl0 0    

#DiagramOne0
ROAD_ZS_TABLE SPLINE
0, 0
14.995, 0
29.99, 0
44.985, 0
59.98, 0
74.975, 0
89.97, 0
104.965, 0
119.96, 0
134.955, 0
149.95, 0
149.955, 0
149.96, 0
149.965, 0
149.97, 0
149.975, 0
149.98, 0
149.985, 0
149.99, 0
149.995, 0
150, 0
150.005, 0
150.01, 0
150.015, 0
150.02, 0
150.025, 0
150.03, 0
150.035, 0
150.04, 0
150.045, 0
150.05, 0
151.6107764, 0
153.1715528, 0
154.7323292, 0
156.2931056, 0
157.8538819, 0
159.4146583, 0
160.9754347, 0
162.5362111, 0
164.0969875, 0
165.6577639, 0
165.6627639, 0
165.6677639, 0
165.6727639, 0
165.6777639, 0
165.6827639, 0
165.6877639, 0
165.6927639, 0
165.6977639, 0
165.7027639, 0
165.7077639, 0
239.0727639, 0
239.0777639, 0
239.0827639, 0
239.0877639, 0
239.0927639, 0
239.0977639, 0
239.1027639, 0
239.1077639, 0
239.1127639, 0
239.1177639, 0
240.1077639, 0
241.0977639, 0
242.0877639, 0
243.0777639, 0
244.0677639, 0
245.0577639, 0
246.0477639, 0
247.0377639, 0
248.0277639, 0
249.0177639, 0
249.0227639, 4.55694e-06
249.0277639, 0
249.0327639, -1.36754e-05
249.0377639, 2.4185e-16
249.0427639, 5.01447e-05
249.0477639, -8.98308e-16
249.0527639, -0.00028111
249.0577639, -0.000753649
249.0627639, -0.001335533
249.0677639, -0.001944672
249.0727639, -0.00249898
249.0777639, -0.00291637
249.0827639, -0.003114755
249.0877639, -0.003012048
249.0927639, -0.00258029
249.0977639, -0.002008032
249.1027639, -0.001486865
249.1077639, -0.001004016
249.1127639, -0.000508393
249.1177639, 0
251.6077639, 0.25
254.0977639, 0.5
256.5877639, 0.75
259.0777639, 1
261.5677639, 1.25
264.0577639, 1.5
266.5477639, 1.75
269.0377639, 2
271.5277639, 2.25
274.0177639, 2.5
274.0227639, 2.500513279
274.0277639, 2.501004016
274.0327639, 2.501472207
274.0377639, 2.502008032
274.0427639, 2.502634037
274.0477639, 2.503012048
274.0527639, 2.502813448
274.0577639, 2.502108572
274.0627639, 2.501067491
274.0677639, 2.499860277
274.0727639, 2.498657003
274.0777639, 2.49762774
274.0827639, 2.496942562
274.0877639, 2.496771539
274.0927639, 2.497184174
274.0977639, 2.497847692
274.1027639, 2.49841998
274.1077639, 2.498923846
274.1127639, 2.499450522
274.1177639, 2.5
275.9762344, 2.7
277.8347049, 2.9
279.6931754, 3.1
281.5516458, 3.3
283.4101163, 3.5
285.2685868, 3.7
287.1270573, 3.9
288.9855278, 4.1
290.8439983, 4.3
292.7024688, 4.5
292.8024688, 4.51017388
292.9024688, 4.518299636
293.0024688, 4.524469902
293.1024688, 4.528859982
293.2024688, 4.531645178
293.3024688, 4.533000792
293.4024688, 4.533102125
293.5024688, 4.532124481
293.6024688, 4.530243161
293.7024688, 4.527633468
293.8024688, 4.524470703
293.9024688, 4.52093017
294.0024688, 4.517187169
294.1024688, 4.513417004
294.2024688, 4.509794976
294.3024688, 4.506496388
294.4024688, 4.503696542
294.5024688, 4.50157074
294.6024688, 4.500294284
294.7024688, 4.5
295.5024688, 4.5
296.3024688, 4.5
297.1024688, 4.5
297.9024688, 4.5
298.7024688, 4.5
299.5024688, 4.5
300.3024688, 4.5
301.1024688, 4.5
301.9024688, 4.5
302.7024688, 4.5
302.8024688, 4.500601683
302.9024688, 4.503211482
303.0024688, 4.507557825
303.1024688, 4.513282296
303.2024688, 4.520026478
303.3024688, 4.527431954
303.4024688, 4.535140306
303.5024688, 4.542793118
303.6024688, 4.550031974
303.7024688, 4.556498456
303.8024688, 4.561834146
303.9024688, 4.565680629
304.0024688, 4.567679488
304.1024688, 4.567472305
304.2024688, 4.564700663
304.3024688, 4.559006146
304.4024688, 4.550030336
304.5024688, 4.537414817
304.6024688, 4.520801172
304.7024688, 4.5
306.0659393, 4.2
307.4294097, 3.9
308.7928802, 3.6
310.1563507, 3.3
311.5198212, 3
312.8832917, 2.7
314.2467622, 2.4
315.6102327, 2.1
316.9737032, 1.8
318.3371736, 1.5
318.8371736, 1.398215387
319.3371736, 1.314072333
319.8371736, 1.246439476
320.3371736, 1.194158148
320.8371736, 1.156069685
321.3371736, 1.131015421
321.8371736, 1.11783669
322.3371736, 1.115374826
322.8371736, 1.122471164
323.3371736, 1.137967036
323.8371736, 1.160703779
324.3371736, 1.189522726
324.8371736, 1.22326521
325.3371736, 1.260772568
325.8371736, 1.300886131
326.3371736, 1.342447235
326.8371736, 1.384297215
327.3371736, 1.425277403
327.8371736, 1.464229134
328.3371736, 1.5
335.6860556, 2
343.0349375, 2.5
350.3838195, 3
357.7327014, 3.5
365.0815834, 4
372.4304653, 4.5
379.7793473, 5
387.1282292, 5.5
394.4771112, 6
401.8259931, 6.5
401.8309931, 6.500352395
401.8359931, 6.500680376
401.8409931, 6.500983939
401.8459931, 6.501360751
401.8509931, 6.501835229
401.8559931, 6.502041127
401.8609931, 6.501624771
401.8659931, 6.500673452
401.8709931, 6.499384702
401.8759931, 6.497956051
401.8809931, 6.49658503
401.8859931, 6.49546917
401.8909931, 6.494806002
401.8959931, 6.494793057
401.9009931, 6.49550546
401.9059931, 6.496528705
401.9109931, 6.497438916
401.9159931, 6.498264352
401.9209931, 6.499118048
401.9259931, 6.5
409.4159931, 7.8
416.9059931, 9.1
424.3959931, 10.4
431.8859931, 11.7
439.3759931, 13
446.8659931, 14.3
454.3559931, 15.6
461.8459931, 16.9
469.3359931, 18.2
476.8259931, 19.5
476.8309931, 19.50087886
476.8359931, 19.50173565
476.8409931, 19.50257035
476.8459931, 19.5034713
476.8509931, 19.50446056
476.8559931, 19.50520694
476.8609931, 19.50538449
476.8659931, 19.50504154
476.8709931, 19.50432
476.8759931, 19.50336176
476.8809931, 19.50230874
476.8859931, 19.50130284
476.8909931, 19.50048596
476.8959931, 19.5
476.9009931, 19.49991331
476.9059931, 19.5
476.9109931, 19.50002364
476.9159931, 19.5
476.9209931, 19.49999212
476.9259931, 19.5
481.1047302, 19.5
485.2834672, 19.5
489.4622042, 19.5
493.6409413, 19.5
497.8196783, 19.5
501.9984154, 19.5
506.1771524, 19.5
510.3558894, 19.5
514.5346265, 19.5
518.7133635, 19.5
518.7183635, 19.49999088
518.7233635, 19.5
518.7283635, 19.50002735
518.7333635, 19.5
518.7383635, 19.49989971
518.7433635, 19.5
518.7483635, 19.50056222
518.7533635, 19.5015073
518.7583635, 19.50267107
518.7633635, 19.50388934
518.7683635, 19.50499796
518.7733635, 19.50583274
518.7783635, 19.50622951
518.7833635, 19.5060241
518.7883635, 19.50516058
518.7933635, 19.50401606
518.7983635, 19.50297373
518.8033635, 19.50200803
518.8083635, 19.50101679
518.8133635, 19.5
521.3033635, 19
523.7933635, 18.5
526.2833635, 18
528.7733635, 17.5
531.2633635, 17
533.7533635, 16.5
536.2433635, 16
538.7333635, 15.5
541.2233635, 15
543.7133635, 14.5
543.7183635, 14.49897778
543.7233635, 14.49799197
543.7283635, 14.49704257
543.7333635, 14.49598394
543.7383635, 14.49477966
543.7433635, 14.4939759
543.7483635, 14.4941055
543.7533635, 14.49506542
543.7583635, 14.49659366
543.7633635, 14.49842821
543.7683635, 14.50030709
543.7733635, 14.50196828
543.7783635, 14.50314978
543.7833635, 14.5035896
543.7883635, 14.50317534
543.7933635, 14.50239307
543.7983635, 14.50174462
543.8033635, 14.50119653
543.8083635, 14.50061499
543.8133635, 14.5
547.9921006, 14
552.1708376, 13.5
556.3495746, 13
560.5283117, 12.5
564.7070487, 12
568.8857858, 11.5
573.0645228, 11
577.2432598, 10.5
581.4219969, 10
585.6007339, 9.5
585.6057339, 9.499388779
585.6107339, 9.498803466
585.6157339, 9.498244066
585.6207339, 9.497606932
585.6257339, 9.496866153
585.6307339, 9.496410399
585.6357339, 9.496617586
585.6407339, 9.497408042
585.6457339, 9.498587697
585.6507339, 9.499962481
585.6557339, 9.501338322
585.6607339, 9.502521151
585.6657339, 9.503316897
585.6707339, 9.503531489
585.6757339, 9.503085032
585.6807339, 9.502354326
585.6857339, 9.501726984
585.6907339, 9.501177163
585.6957339, 9.500601501
585.7007339, 9.5
594.1957339, 8.5
602.6907339, 7.5
611.1857339, 6.5
619.6807339, 5.5
628.1757339, 4.5
636.6707339, 3.5
645.1657339, 2.5
653.6607339, 1.5
662.1557339, 0.5
670.6507339, -0.5
672.1507339, -0.659915811
673.6507339, -0.787025362
675.1507339, -0.883985959
676.6507339, -0.953460633
678.1507339, -0.998112415
679.6507339, -1.020604335
681.1507339, -1.023599424
682.6507339, -1.009760712
684.1507339, -0.981751231
685.6507339, -0.94223401
687.1507339, -0.893872081
688.6507339, -0.839328473
690.1507339, -0.781266217
691.6507339, -0.722348345
693.1507339, -0.665237886
694.6507339, -0.612597872
696.1507339, -0.567091332
697.6507339, -0.531381297
699.1507339, -0.508130799
700.6507339, -0.5
701.4231847, -0.5
702.1956355, -0.5
702.9680863, -0.5
703.7405372, -0.5
704.512988, -0.5
705.2854388, -0.5
706.0578896, -0.5
706.8303404, -0.5
707.6027912, -0.5
708.375242, -0.5
709.375242, -0.502142625
710.375242, -0.508347317
711.375242, -0.517900946
712.375242, -0.530088647
713.375242, -0.544195556
714.375242, -0.559506808
715.375242, -0.57530754
716.375242, -0.590882887
717.375242, -0.605517986
718.375242, -0.618497973
719.375242, -0.629107983
720.375242, -0.636633152
721.375242, -0.640358616
722.375242, -0.639569511
723.375242, -0.633550973
724.375242, -0.621588138
725.375242, -0.602966142
726.375242, -0.576970121
727.375242, -0.54288521
728.375242, -0.5
732.6061633, -0.3
736.8370846, -0.1
741.0680059, 0.1
745.2989272, 0.3
749.5298485, 0.5
753.7607698, 0.7
757.9916911, 0.9
762.2226124, 1.1
766.4535337, 1.3
770.684455, 1.5
770.689455, 1.500244832
770.694455, 1.50047271
770.699455, 1.500683634
770.704455, 1.500945421
770.709455, 1.501275024
770.714455, 1.501418131
770.719455, 1.501129156
770.724455, 1.500468704
770.729455, 1.499573929
770.734455, 1.498581983
770.739455, 1.497630019
770.744455, 1.496855188
770.749455, 1.496394645
770.754455, 1.496385542
770.759455, 1.496880043
770.764455, 1.497590361
770.769455, 1.4982222
770.774455, 1.498795181
770.779455, 1.499387782
770.784455, 1.5
773.274455, 1.8
775.764455, 2.1
778.254455, 2.4
780.744455, 2.7
783.234455, 3
785.724455, 3.3
788.214455, 3.6
790.704455, 3.9
793.194455, 4.2
795.684455, 4.5
795.689455, 4.500610072
795.694455, 4.501204819
795.699455, 4.501784238
795.704455, 4.502409639
795.709455, 4.503096348
795.714455, 4.503614458
795.719455, 4.503737706
795.724455, 4.503499644
795.729455, 4.502998776
795.734455, 4.502333606
795.739455, 4.501602639
795.744455, 4.50090438
795.749455, 4.500337332
795.754455, 4.5
795.759455, 4.499939826
795.764455, 4.5
795.769455, 4.500016411
795.774455, 4.5
795.779455, 4.49999453
795.784455, 4.5
803.628337, 4.5
811.4722189, 4.5
819.3161009, 4.5
827.1599828, 4.5
835.0038648, 4.5
842.8477467, 4.5
850.6916287, 4.5
858.5355106, 4.5
866.3793926, 4.5
874.2232745, 4.5
874.2282745, 4.499995906
874.2332745, 4.5
874.2382745, 4.500012284
874.2432745, 4.5
874.2482745, 4.49995496
874.2532745, 4.5
874.2582745, 4.500252492
874.2632745, 4.500676925
874.2682745, 4.501199571
874.2732745, 4.501746697
874.2782745, 4.502244575
874.2832745, 4.502619473
874.2882745, 4.502797662
874.2932745, 4.502705411
874.2982745, 4.502317607
874.3032745, 4.501803607
874.3082745, 4.501335497
874.3132745, 4.500901804
874.3182745, 4.500456638
874.3232745, 4.5
879.3132745, 4.05
884.3032745, 3.6
889.2932745, 3.15
894.2832745, 2.7
899.2732745, 2.25
904.2632745, 1.8
909.2532745, 1.35
914.2432745, 0.9
919.2332745, 0.45
924.2232745, 0
924.2282745, -0.000456638
924.2332745, -0.000901804
924.2382745, -0.001335497
924.2432745, -0.001803607
924.2482745, -0.002317607
924.2532745, -0.002705411
924.2582745, -0.002797662
924.2632745, -0.002619473
924.2682745, -0.002244575
924.2732745, -0.001746697
924.2782745, -0.001199571
924.2832745, -0.000676925
924.2882745, -0.000252492
924.2932745, 0
924.2982745, 4.50399e-05
924.3032745, 0
924.3082745, -1.22835e-05
924.3132745, 0
924.3182745, 4.09414e-06
924.3232745, 0
928.0768547, 0
931.830435, 0
935.5840152, 0
939.3375954, 0
943.0911757, 0
946.8447559, 0
950.5983361, 0
954.3519163, 0
958.1054966, 0
961.8590768, 0
961.8640768, 0
961.8690768, 0
961.8740768, 0
961.8790768, 0
961.8840768, 0
961.8890768, 0
961.8940768, 0
961.8990768, 0
961.9040768, 0
961.9090768, 0
961.9140768, 0
961.9190768, 0
961.9240768, 0
961.9290768, 0
961.9340768, 0
961.9390768, 0
961.9440768, 0
961.9490768, 0
961.9540768, 0
961.9590768, 0
985.834608, 0
1009.710139, 0
1033.585671, 0
1057.461202, 0
1081.336733, 0
1105.212264, 0
1129.087796, 0
1152.963327, 0
1176.838858, 0
1200.714389, 0
ENDTABLE


LOG_ENTRY Used Dataset: Road: Reference Line Elevation; { Hills and Valleys } Offroad Baja S v Z
#Library : Road: Reference Line Elevation
#DataSet : Offroad Baja S v Z
#Category: Hills and Valleys
#FileID  : RdRefZ_1ba12618-8b8a-48bb-8c91-29cf80c16e76
#Product : TruckSim 2020.1
#VehCode Zs vs S

END
