PARSFILE
#FullDataName Road: Reference Line Elevation`FHWA Alt 3`Hills and Valleys
#CheckBox0 0    

#RingCtrl0 SPLINE
#RadioCtrl0 0    

#DiagramOne0
ROAD_ZS_TABLE SPLINE
0, 47.806
5.00013, 47.674
10.0003, 47.541
14.9995, 47.409
19.9997, 47.276
25.0003, 47.144
30.0004, 47.011
34.9997, 46.879
39.9998, 46.746
45, 46.614
50.0001, 46.481
55.0002, 46.349
59.9995, 46.216
65.0001, 46.084
70.0003, 45.951
75.0004, 45.819
79.9997, 45.686
84.9998, 45.554
89.9999, 45.421
95.0001, 45.289
100, 45.156
104.999, 45.024
110, 44.891
115, 44.759
120, 44.626
125, 44.494
130, 44.361
135, 44.229
140, 44.096
145, 43.964
150, 43.831
155, 43.699
160, 43.566
165, 43.434
170, 43.301
175, 43.169
180, 43.036
185, 42.904
190.001, 42.771
195, 42.639
200, 42.506
205, 42.374
210, 42.241
215, 42.109
220, 41.976
225, 41.844
230, 41.711
235.001, 41.579
240, 41.446
245, 41.314
250, 41.181
255, 41.039
260, 40.88
265, 40.72
270, 40.561
275, 40.402
280.001, 40.242
285, 40.083
290, 39.924
295, 39.764
300, 39.605
304.999, 39.447
309.999, 39.298
314.999, 39.173
319.999, 39.075
324.998, 38.99
329.998, 38.917
334.998, 38.857
339.997, 38.809
344.998, 38.773
349.997, 38.75
354.997, 38.738
359.997, 38.74
364.996, 38.753
369.996, 38.779
374.996, 38.819
379.996, 38.872
384.995, 38.925
389.995, 38.977
394.996, 39.03
399.995, 39.083
404.996, 39.135
409.996, 39.188
414.995, 39.241
419.996, 39.293
424.995, 39.346
429.996, 39.399
434.996, 39.451
439.995, 39.504
444.996, 39.557
449.996, 39.609
454.995, 39.662
459.996, 39.715
464.995, 39.767
469.996, 39.82
474.996, 39.873
479.995, 39.925
484.996, 39.978
489.996, 40.031
494.995, 40.083
499.996, 40.136
504.995, 40.189
509.996, 40.241
514.996, 40.294
519.995, 40.347
524.996, 40.399
529.995, 40.452
534.995, 40.505
539.996, 40.557
544.995, 40.61
549.996, 40.663
554.996, 40.715
559.995, 40.768
564.994, 40.821
569.994, 40.873
574.995, 40.926
579.994, 40.967
584.994, 41.007
589.994, 41.047
594.994, 41.087
599.993, 41.127
604.993, 41.167
609.993, 41.207
614.992, 41.247
619.992, 41.287
624.992, 41.327
629.992, 41.367
634.991, 41.407
639.992, 41.447
644.991, 41.487
649.991, 41.524
654.99, 41.551
659.991, 41.568
664.99, 41.575
669.99, 41.573
674.989, 41.561
679.989, 41.539
684.989, 41.507
689.989, 41.466
694.989, 41.414
699.988, 41.355
704.988, 41.28
709.988, 41.205
714.988, 41.129
719.987, 41.054
724.988, 40.979
729.987, 40.904
734.987, 40.828
739.987, 40.753
744.987, 40.678
749.987, 40.603
754.987, 40.528
759.986, 40.452
764.987, 40.377
769.986, 40.302
774.987, 40.227
779.986, 40.151
784.987, 40.076
789.987, 40.001
794.986, 39.926
799.987, 39.85
804.987, 39.775
809.987, 39.7
814.987, 39.625
819.987, 39.549
824.987, 39.474
829.986, 39.399
834.986, 39.324
839.985, 39.249
844.985, 39.173
849.984, 39.111
854.984, 39.053
859.984, 38.996
864.984, 38.938
869.983, 38.881
874.983, 38.823
879.983, 38.766
884.982, 38.708
889.983, 38.651
894.982, 38.593
899.982, 38.536
904.981, 38.478
909.981, 38.421
914.98, 38.363
919.98, 38.306
924.979, 38.248
929.979, 38.191
934.979, 38.133
939.979, 38.076
944.979, 38.018
949.978, 37.961
954.978, 37.903
959.978, 37.852
964.977, 37.81
969.976, 37.768
974.976, 37.727
979.976, 37.685
984.975, 37.643
989.976, 37.601
994.976, 37.56
999.976, 37.518
ENDTABLE


LOG_ENTRY Used Dataset: Road: Reference Line Elevation; { Hills and Valleys } FHWA Alt 3
#Library : Road: Reference Line Elevation
#DataSet : FHWA Alt 3
#Category: Hills and Valleys
#FileID  : RdRefZ_bd9f8996-1992-4c6d-92e6-3bf51b367ea5
#Product : TruckSim 2020.1
#VehCode Zs vs S

END
