PARSFILE
#FullDataName Steering System: Kinematics for One Wheel, Rack & Pinion`Pickup, Full Size, Left`
#CheckBox0 0    

#RingCtrl0 SPLINE
#DiagramOne0
RACK_KIN_TABLE SPLINE
-100, -29.79380733
-99, -29.48914827
-98, -29.18541334
-97, -28.88256574
-96, -28.58056967
-95, -28.27939028
-94, -27.9789936
-93, -27.67934654
-92, -27.38041685
-91, -27.08217303
-90, -26.78458438
-89, -26.48762088
-88, -26.19125324
-87, -25.8954528
-86, -25.60019155
-85, -25.30544209
-84, -25.0111776
-83, -24.71737183
-82, -24.42399903
-81, -24.13103401
-80, -23.83845204
-79, -23.54622888
-78, -23.25434075
-77, -22.96276428
-76, -22.67147654
-75, -22.38045501
-74, -22.08967753
-73, -21.79912233
-72, -21.50876799
-71, -21.21859344
-70, -20.92857792
-69, -20.638701
-68, -20.34894257
-67, -20.05928277
-66, -19.76970207
-65, -19.48018116
-64, -19.19070103
-63, -18.90124289
-62, -18.61178821
-61, -18.32231867
-60, -18.03281619
-59, -17.74326288
-58, -17.45364109
-57, -17.16393331
-56, -16.87412227
-55, -16.58419084
-54, -16.2941221
-53, -16.00389926
-52, -15.71350571
-51, -15.42292499
-50, -15.13214078
-49, -14.84113689
-48, -14.54989729
-47, -14.25840606
-46, -13.9666474
-45, -13.67460563
-44, -13.38226519
-43, -13.08961062
-42, -12.79662656
-41, -12.50329773
-40, -12.20960899
-39, -11.91554524
-38, -11.62109147
-37, -11.32623279
-36, -11.03095433
-35, -10.73524132
-34, -10.43907906
-33, -10.14245289
-32, -9.845348243
-31, -9.547750579
-30, -9.249645422
-29, -8.951018346
-28, -8.651854966
-27, -8.352140943
-26, -8.051861977
-25, -7.751003802
-24, -7.449552187
-23, -7.147492931
-22, -6.84481186
-21, -6.541494824
-20, -6.237527698
-19, -5.932896373
-18, -5.627586758
-17, -5.321584777
-16, -5.014876363
-15, -4.707447462
-14, -4.399284025
-13, -4.090372007
-12, -3.780697367
-11, -3.470246063
-10, -3.159004053
-9, -2.846957287
-8, -2.534091713
-7, -2.22039327
-6, -1.905847884
-5, -1.590441473
-4, -1.274159937
-3, -0.956989163
-2, -0.63891502
-1, -0.319923357
0, 0
1, 0.320869245
2, 0.642698599
3, 0.965502308
4, 1.289294647
5, 1.61408992
6, 1.939902462
7, 2.266746643
8, 2.594636864
9, 2.923587565
10, 3.253613222
11, 3.58472835
12, 3.916947504
13, 4.250285282
14, 4.584756324
15, 4.920375316
16, 5.257156988
17, 5.59511612
18, 5.934267539
19, 6.274626124
20, 6.616206803
21, 6.95902456
22, 7.30309443
23, 7.648431508
24, 7.995050941
25, 8.342967938
26, 8.692197767
27, 9.042755756
28, 9.394657296
29, 9.747917842
30, 10.10255291
31, 10.4585781
32, 10.81600905
33, 11.1748615
34, 11.53515123
35, 11.89689411
36, 12.26010609
37, 12.62480318
38, 12.99100148
39, 13.35871715
40, 13.72796646
41, 14.09876572
42, 14.47113137
43, 14.8450799
44, 15.22062791
45, 15.59779207
46, 15.97658915
47, 16.35703602
48, 16.73914965
49, 17.12294707
50, 17.50844546
51, 17.89566207
52, 18.28461427
53, 18.67531952
54, 19.06779541
55, 19.46205963
56, 19.85813
57, 20.25602445
58, 20.65576102
59, 21.0573579
60, 21.46083341
61, 21.86620597
62, 22.27349418
63, 22.68271676
64, 23.09389259
65, 23.50704068
66, 23.92218022
67, 24.33933054
68, 24.75851118
69, 25.1797418
70, 25.60304228
71, 26.02843267
72, 26.45593323
73, 26.8855644
74, 27.31734685
75, 27.75130147
76, 28.18744936
77, 28.62581188
78, 29.06641061
79, 29.50926743
80, 29.95440445
81, 30.40184409
82, 30.85160905
83, 31.30372235
84, 31.75820734
85, 32.21508768
86, 32.67438742
87, 33.13613098
88, 33.60034314
89, 34.06704913
90, 34.5362746
91, 35.00804565
92, 35.48238887
93, 35.95933135
94, 36.4389007
95, 36.9211251
96, 37.40603334
97, 37.8936548
98, 38.38401955
99, 38.87715832
100, 39.37310261
ENDTABLE
#RadioCtrl0 0    



LOG_ENTRY Used Dataset: Steering System: Kinematics for One Wheel, Rack & Pinion; Pickup, Full Size, Left
#Library : Steering System: Kinematics for One Wheel, Rack & Pinion
#DataSet : Pickup, Full Size, Left
#Category: 
#FileID  : TsRkKin_495cccac-a52e-46f0-93a6-f117b2fdce75
#Product : TruckSim 2020.1
#VehCode Steer Kinematics

END
