PARSFILE
#FullDataName Steering System: Kinematics for One Wheel, Rack & Pinion`Pickup, Full Size, Right`
#CheckBox0 0    

#RingCtrl0 SPLINE
#DiagramOne0
RACK_KIN_TABLE SPLINE
-100, -39.37310261
-99, -38.87715832
-98, -38.38401955
-97, -37.8936548
-96, -37.40603334
-95, -36.9211251
-94, -36.4389007
-93, -35.95933135
-92, -35.48238887
-91, -35.00804565
-90, -34.5362746
-89, -34.06704913
-88, -33.60034314
-87, -33.13613098
-86, -32.67438742
-85, -32.21508768
-84, -31.75820734
-83, -31.30372235
-82, -30.85160905
-81, -30.40184409
-80, -29.95440445
-79, -29.50926743
-78, -29.06641061
-77, -28.62581188
-76, -28.18744936
-75, -27.75130147
-74, -27.31734685
-73, -26.8855644
-72, -26.45593323
-71, -26.02843267
-70, -25.60304228
-69, -25.1797418
-68, -24.75851118
-67, -24.33933054
-66, -23.92218022
-65, -23.50704068
-64, -23.09389259
-63, -22.68271676
-62, -22.27349418
-61, -21.86620597
-60, -21.46083341
-59, -21.0573579
-58, -20.65576102
-57, -20.25602445
-56, -19.85813
-55, -19.46205963
-54, -19.06779541
-53, -18.67531952
-52, -18.28461427
-51, -17.89566207
-50, -17.50844546
-49, -17.12294707
-48, -16.73914965
-47, -16.35703602
-46, -15.97658915
-45, -15.59779207
-44, -15.22062791
-43, -14.8450799
-42, -14.47113137
-41, -14.09876572
-40, -13.72796646
-39, -13.35871715
-38, -12.99100148
-37, -12.62480318
-36, -12.26010609
-35, -11.89689411
-34, -11.53515123
-33, -11.1748615
-32, -10.81600905
-31, -10.4585781
-30, -10.10255291
-29, -9.747917842
-28, -9.394657296
-27, -9.042755756
-26, -8.692197767
-25, -8.342967938
-24, -7.995050941
-23, -7.648431508
-22, -7.30309443
-21, -6.95902456
-20, -6.616206803
-19, -6.274626124
-18, -5.934267539
-17, -5.59511612
-16, -5.257156988
-15, -4.920375316
-14, -4.584756324
-13, -4.250285282
-12, -3.916947504
-11, -3.58472835
-10, -3.253613222
-9, -2.923587565
-8, -2.594636864
-7, -2.266746643
-6, -1.939902462
-5, -1.61408992
-4, -1.289294647
-3, -0.965502308
-2, -0.642698599
-1, -0.320869245
0, 0
1, 0.319923357
2, 0.63891502
3, 0.956989163
4, 1.274159937
5, 1.590441473
6, 1.905847884
7, 2.22039327
8, 2.534091713
9, 2.846957287
10, 3.159004053
11, 3.470246063
12, 3.780697367
13, 4.090372007
14, 4.399284025
15, 4.707447462
16, 5.014876363
17, 5.321584777
18, 5.627586758
19, 5.932896373
20, 6.237527698
21, 6.541494824
22, 6.84481186
23, 7.147492931
24, 7.449552187
25, 7.751003802
26, 8.051861977
27, 8.352140943
28, 8.651854966
29, 8.951018346
30, 9.249645422
31, 9.547750579
32, 9.845348243
33, 10.14245289
34, 10.43907906
35, 10.73524132
36, 11.03095433
37, 11.32623279
38, 11.62109147
39, 11.91554524
40, 12.20960899
41, 12.50329773
42, 12.79662656
43, 13.08961062
44, 13.38226519
45, 13.67460563
46, 13.9666474
47, 14.25840606
48, 14.54989729
49, 14.84113689
50, 15.13214078
51, 15.42292499
52, 15.71350571
53, 16.00389926
54, 16.2941221
55, 16.58419084
56, 16.87412227
57, 17.16393331
58, 17.45364109
59, 17.74326288
60, 18.03281619
61, 18.32231867
62, 18.61178821
63, 18.90124289
64, 19.19070103
65, 19.48018116
66, 19.76970207
67, 20.05928277
68, 20.34894257
69, 20.638701
70, 20.92857792
71, 21.21859344
72, 21.50876799
73, 21.79912233
74, 22.08967753
75, 22.38045501
76, 22.67147654
77, 22.96276428
78, 23.25434075
79, 23.54622888
80, 23.83845204
81, 24.13103401
82, 24.42399903
83, 24.71737183
84, 25.0111776
85, 25.30544209
86, 25.60019155
87, 25.8954528
88, 26.19125324
89, 26.48762088
90, 26.78458438
91, 27.08217303
92, 27.38041685
93, 27.67934654
94, 27.9789936
95, 28.27939028
96, 28.58056967
97, 28.88256574
98, 29.18541334
99, 29.48914827
100, 29.79380733
ENDTABLE
#RadioCtrl0 0    



LOG_ENTRY Used Dataset: Steering System: Kinematics for One Wheel, Rack & Pinion; Pickup, Full Size, Right
#Library : Steering System: Kinematics for One Wheel, Rack & Pinion
#DataSet : Pickup, Full Size, Right
#Category: 
#FileID  : TsRkKin_55a60569-cd2e-46bb-bf17-a3c25c637bf7
#Product : TruckSim 2020.1
#VehCode Steer Kinematics

END
