PARSFILE
#FullDataName Steering System: Gear Kinematics`Gear Ratio 25 with Intermediate Shaft`Constant Ratio with Intermediate Shaft
#CheckBox0 0    

#RingCtrl0 COEFFICIENT
#RingCtrl1 SPLINE
#RadioCtrl0 0    
#RadioCtrl1 1    

GEAR_ROT_COEFFICIENT 1/25
#DiagramOne1
ISHAFT_KIN_TABLE SPLINE
-720, -720
-719, -718.85
-718, -717.71
-717, -716.56
-716, -715.42
-715, -714.28
-714, -713.14
-713, -712.01
-712, -710.87
-711, -709.74
-710, -708.62
-709, -707.49
-708, -706.37
-707, -705.25
-706, -704.14
-705, -703.03
-704, -701.92
-703, -700.82
-702, -699.72
-701, -698.63
-700, -697.54
-699, -696.45
-698, -695.37
-697, -694.3
-696, -693.22
-695, -692.16
-694, -691.1
-693, -690.04
-692, -688.99
-691, -687.94
-690, -686.9
-689, -685.86
-688, -684.83
-687, -683.8
-686, -682.78
-685, -681.76
-684, -680.75
-683, -679.74
-682, -678.74
-681, -677.74
-680, -676.75
-679, -675.76
-678, -674.78
-677, -673.8
-676, -672.83
-675, -671.86
-674, -670.89
-673, -669.93
-672, -668.98
-671, -668.02
-670, -667.08
-669, -666.13
-668, -665.19
-667, -664.26
-666, -663.33
-665, -662.4
-664, -661.48
-663, -660.55
-662, -659.64
-661, -658.72
-660, -657.81
-659, -656.91
-658, -656
-657, -655.1
-656, -654.2
-655, -653.3
-654, -652.41
-653, -651.52
-652, -650.63
-651, -649.74
-650, -648.86
-649, -647.98
-648, -647.1
-647, -646.22
-646, -645.34
-645, -644.46
-644, -643.59
-643, -642.71
-642, -641.84
-641, -640.97
-640, -640.1
-639, -639.23
-638, -638.36
-637, -637.49
-636, -636.62
-635, -635.75
-634, -634.88
-633, -634.01
-632, -633.14
-631, -632.27
-630, -631.4
-629, -630.53
-628, -629.65
-627, -628.78
-626, -627.91
-625, -627.03
-624, -626.16
-623, -625.28
-622, -624.4
-621, -623.52
-620, -622.63
-619, -621.75
-618, -620.86
-617, -619.97
-616, -619.08
-615, -618.19
-614, -617.29
-613, -616.39
-612, -615.49
-611, -614.59
-610, -613.68
-609, -612.77
-608, -611.86
-607, -610.94
-606, -610.02
-605, -609.09
-604, -608.17
-603, -607.24
-602, -606.3
-601, -605.36
-600, -604.42
-599, -603.47
-598, -602.52
-597, -601.56
-596, -600.6
-595, -599.64
-594, -598.67
-593, -597.69
-592, -596.72
-591, -595.73
-590, -594.75
-589, -593.75
-588, -592.76
-587, -591.75
-586, -590.75
-585, -589.73
-584, -588.72
-583, -587.69
-582, -586.67
-581, -585.63
-580, -584.6
-579, -583.55
-578, -582.51
-577, -581.46
-576, -580.4
-575, -579.34
-574, -578.27
-573, -577.2
-572, -576.12
-571, -575.04
-570, -573.96
-569, -572.87
-568, -571.77
-567, -570.67
-566, -569.57
-565, -568.46
-564, -567.35
-563, -566.24
-562, -565.12
-561, -564
-560, -562.88
-559, -561.75
-558, -560.62
-557, -559.49
-556, -558.35
-555, -557.21
-554, -556.07
-553, -554.93
-552, -553.79
-551, -552.64
-550, -551.49
-549, -550.35
-548, -549.2
-547, -548.05
-546, -546.9
-545, -545.75
-544, -544.6
-543, -543.45
-542, -542.3
-541, -541.15
-540, -540
-539, -538.85
-538, -537.71
-537, -536.56
-536, -535.42
-535, -534.28
-534, -533.14
-533, -532.01
-532, -530.87
-531, -529.74
-530, -528.62
-529, -527.49
-528, -526.37
-527, -525.25
-526, -524.14
-525, -523.03
-524, -521.92
-523, -520.82
-522, -519.72
-521, -518.63
-520, -517.54
-519, -516.45
-518, -515.37
-517, -514.3
-516, -513.22
-515, -512.16
-514, -511.1
-513, -510.04
-512, -508.99
-511, -507.94
-510, -506.9
-509, -505.86
-508, -504.83
-507, -503.8
-506, -502.78
-505, -501.76
-504, -500.75
-503, -499.74
-502, -498.74
-501, -497.74
-500, -496.75
-499, -495.76
-498, -494.78
-497, -493.8
-496, -492.83
-495, -491.86
-494, -490.89
-493, -489.93
-492, -488.98
-491, -488.02
-490, -487.08
-489, -486.13
-488, -485.19
-487, -484.26
-486, -483.33
-485, -482.4
-484, -481.48
-483, -480.55
-482, -479.64
-481, -478.72
-480, -477.81
-479, -476.91
-478, -476
-477, -475.1
-476, -474.2
-475, -473.3
-474, -472.41
-473, -471.52
-472, -470.63
-471, -469.74
-470, -468.86
-469, -467.98
-468, -467.1
-467, -466.22
-466, -465.34
-465, -464.46
-464, -463.59
-463, -462.71
-462, -461.84
-461, -460.97
-460, -460.1
-459, -459.23
-458, -458.36
-457, -457.49
-456, -456.62
-455, -455.75
-454, -454.88
-453, -454.01
-452, -453.14
-451, -452.27
-450, -451.4
-449, -450.53
-448, -449.65
-447, -448.78
-446, -447.91
-445, -447.03
-444, -446.16
-443, -445.28
-442, -444.4
-441, -443.52
-440, -442.63
-439, -441.75
-438, -440.86
-437, -439.97
-436, -439.08
-435, -438.19
-434, -437.29
-433, -436.39
-432, -435.49
-431, -434.59
-430, -433.68
-429, -432.77
-428, -431.86
-427, -430.94
-426, -430.02
-425, -429.09
-424, -428.17
-423, -427.24
-422, -426.3
-421, -425.36
-420, -424.42
-419, -423.47
-418, -422.52
-417, -421.56
-416, -420.6
-415, -419.64
-414, -418.67
-413, -417.69
-412, -416.72
-411, -415.73
-410, -414.75
-409, -413.75
-408, -412.76
-407, -411.75
-406, -410.75
-405, -409.73
-404, -408.72
-403, -407.69
-402, -406.67
-401, -405.63
-400, -404.6
-399, -403.55
-398, -402.51
-397, -401.46
-396, -400.4
-395, -399.34
-394, -398.27
-393, -397.2
-392, -396.12
-391, -395.04
-390, -393.96
-389, -392.87
-388, -391.77
-387, -390.67
-386, -389.57
-385, -388.46
-384, -387.35
-383, -386.24
-382, -385.12
-381, -384
-380, -382.88
-379, -381.75
-378, -380.62
-377, -379.49
-376, -378.35
-375, -377.21
-374, -376.07
-373, -374.93
-372, -373.79
-371, -372.64
-370, -371.49
-369, -370.35
-368, -369.2
-367, -368.05
-366, -366.9
-365, -365.75
-364, -364.6
-363, -363.45
-362, -362.3
-361, -361.15
-360, -360
-359, -358.85
-358, -357.71
-357, -356.56
-356, -355.42
-355, -354.28
-354, -353.14
-353, -352.01
-352, -350.87
-351, -349.74
-350, -348.62
-349, -347.49
-348, -346.37
-347, -345.25
-346, -344.14
-345, -343.03
-344, -341.92
-343, -340.82
-342, -339.72
-341, -338.63
-340, -337.54
-339, -336.45
-338, -335.37
-337, -334.3
-336, -333.22
-335, -332.16
-334, -331.1
-333, -330.04
-332, -328.99
-331, -327.94
-330, -326.9
-329, -325.86
-328, -324.83
-327, -323.8
-326, -322.78
-325, -321.76
-324, -320.75
-323, -319.74
-322, -318.74
-321, -317.74
-320, -316.75
-319, -315.76
-318, -314.78
-317, -313.8
-316, -312.83
-315, -311.86
-314, -310.89
-313, -309.93
-312, -308.98
-311, -308.02
-310, -307.08
-309, -306.13
-308, -305.19
-307, -304.26
-306, -303.33
-305, -302.4
-304, -301.48
-303, -300.55
-302, -299.64
-301, -298.72
-300, -297.81
-299, -296.91
-298, -296
-297, -295.1
-296, -294.2
-295, -293.3
-294, -292.41
-293, -291.52
-292, -290.63
-291, -289.74
-290, -288.86
-289, -287.98
-288, -287.1
-287, -286.22
-286, -285.34
-285, -284.46
-284, -283.59
-283, -282.71
-282, -281.84
-281, -280.97
-280, -280.1
-279, -279.23
-278, -278.36
-277, -277.49
-276, -276.62
-275, -275.75
-274, -274.88
-273, -274.01
-272, -273.14
-271, -272.27
-270, -271.4
-269, -270.53
-268, -269.65
-267, -268.78
-266, -267.91
-265, -267.03
-264, -266.16
-263, -265.28
-262, -264.4
-261, -263.52
-260, -262.63
-259, -261.75
-258, -260.86
-257, -259.97
-256, -259.08
-255, -258.19
-254, -257.29
-253, -256.39
-252, -255.49
-251, -254.59
-250, -253.68
-249, -252.77
-248, -251.86
-247, -250.94
-246, -250.02
-245, -249.09
-244, -248.17
-243, -247.24
-242, -246.3
-241, -245.36
-240, -244.42
-239, -243.47
-238, -242.52
-237, -241.56
-236, -240.6
-235, -239.64
-234, -238.67
-233, -237.69
-232, -236.72
-231, -235.73
-230, -234.75
-229, -233.75
-228, -232.76
-227, -231.75
-226, -230.75
-225, -229.73
-224, -228.72
-223, -227.69
-222, -226.67
-221, -225.63
-220, -224.6
-219, -223.55
-218, -222.51
-217, -221.46
-216, -220.4
-215, -219.34
-214, -218.27
-213, -217.2
-212, -216.12
-211, -215.04
-210, -213.96
-209, -212.87
-208, -211.77
-207, -210.67
-206, -209.57
-205, -208.46
-204, -207.35
-203, -206.24
-202, -205.12
-201, -204
-200, -202.88
-199, -201.75
-198, -200.62
-197, -199.49
-196, -198.35
-195, -197.21
-194, -196.07
-193, -194.93
-192, -193.79
-191, -192.64
-190, -191.49
-189, -190.35
-188, -189.2
-187, -188.05
-186, -186.9
-185, -185.75
-184, -184.6
-183, -183.45
-182, -182.3
-181, -181.15
-180, -180
-179, -178.8531078
-178, -177.707555
-177, -176.5635567
-176, -175.4213244
-175, -174.2810656
-174, -173.1429831
-173, -172.0072747
-172, -170.8741328
-171, -169.7437442
-170, -168.6162893
-169, -167.4919422
-168, -166.3708702
-167, -165.2532337
-166, -164.1391857
-165, -163.0288717
-164, -161.9224297
-163, -160.8199897
-162, -159.7216739
-161, -158.6275965
-160, -157.5378635
-159, -156.4525729
-158, -155.3718143
-157, -154.2956694
-156, -153.2242117
-155, -152.1575066
-154, -151.0956115
-153, -150.038576
-152, -148.9864418
-151, -147.9392431
-150, -146.8970063
-149, -145.8597507
-148, -144.8274883
-147, -143.800224
-146, -142.7779561
-145, -141.7606758
-144, -140.7483684
-143, -139.7410126
-142, -138.7385811
-141, -137.741041
-140, -136.7483534
-139, -135.7604745
-138, -134.7773548
-137, -133.7989402
-136, -132.8251718
-135, -131.8559861
-134, -130.8913151
-133, -129.931087
-132, -128.9752258
-131, -128.0236518
-130, -127.0762819
-129, -126.1330296
-128, -125.193805
-127, -124.2585155
-126, -123.3270654
-125, -122.3993566
-124, -121.4752881
-123, -120.5547569
-122, -119.6376576
-121, -118.7238827
-120, -117.8133229
-119, -116.9058669
-118, -116.0014017
-117, -115.0998129
-116, -114.2009844
-115, -113.3047989
-114, -112.4111377
-113, -111.519881
-112, -110.6309079
-111, -109.7440964
-110, -108.8593238
-109, -107.9764663
-108, -107.0953995
-107, -106.2159982
-106, -105.3381366
-105, -104.4616883
-104, -103.5865264
-103, -102.7125236
-102, -101.8395519
-101, -100.9674834
-100, -100.0961895
-99, -99.22554151
-98, -98.35541055
-97, -97.48566748
-96, -96.61618308
-95, -95.74682804
-94, -94.877473
-93, -94.00798861
-92, -93.13824554
-91, -92.26811457
-90, -91.39746661
-89, -90.52617271
-88, -89.65410416
-87, -88.78113252
-86, -87.90712965
-85, -87.03196774
-84, -86.15551944
-83, -85.27765784
-82, -84.39825654
-81, -83.51718974
-80, -82.63433227
-79, -81.74955965
-78, -80.86274822
-77, -79.97377511
-76, -79.08251842
-75, -78.18885723
-74, -77.29267171
-73, -76.39384323
-72, -75.4922544
-71, -74.58778923
-70, -73.6803332
-69, -72.76977337
-68, -71.8559985
-67, -70.9388992
-66, -70.018368
-65, -69.09429954
-64, -68.16659066
-63, -67.23514059
-62, -66.29985106
-61, -65.3606265
-60, -64.41737415
-59, -63.47000428
-58, -62.51843033
-57, -61.56256911
-56, -60.60234097
-55, -59.63767001
-54, -58.66848425
-53, -57.69471584
-52, -56.71630129
-51, -55.73318163
-50, -54.74530265
-49, -53.75261511
-48, -52.75507494
-47, -51.75264348
-46, -50.74528766
-45, -49.73298025
-44, -48.71570003
-43, -47.69343205
-42, -46.66616779
-41, -45.63390539
-40, -44.5966498
-39, -43.55441303
-38, -42.50721428
-37, -41.4550801
-36, -40.39804461
-35, -39.33614953
-34, -38.26944441
-33, -37.19798668
-32, -36.12184178
-31, -35.0410832
-30, -33.95579254
-29, -32.86605956
-28, -31.77198216
-27, -30.6736664
-26, -29.57122642
-25, -28.46478438
-24, -27.3544704
-23, -26.24042237
-22, -25.12278586
-21, -24.00171391
-20, -22.87736682
-19, -21.74991191
-18, -20.61952326
-17, -19.48638139
-16, -18.35067298
-15, -17.21259045
-14, -16.07233165
-13, -14.9300994
-12, -13.78610111
-11, -12.64054828
-10, -11.49365609
-9, -10.34564284
-8, -9.196729536
-7, -8.047139291
-6, -6.897096851
-5, -5.746828043
-4, -4.596559235
-3, -3.446516796
-2, -2.296926551
-1, -1.148013243
0, 0
1, 1.146892197
2, 2.292445022
3, 3.436443315
4, 4.578675561
5, 5.718934363
6, 6.857016889
7, 7.992725305
8, 9.12586717
9, 10.25625582
10, 11.38371073
11, 12.50805782
12, 13.62912977
13, 14.74676628
14, 15.86081431
15, 16.9711283
16, 18.07757033
17, 19.18001032
18, 20.27832608
19, 21.37240347
20, 22.46213645
21, 23.54742711
22, 24.6281857
23, 25.7043306
24, 26.77578832
25, 27.84249344
26, 28.90438852
27, 29.96142402
28, 31.01355819
29, 32.06075694
30, 33.10299371
31, 34.1402493
32, 35.17251171
33, 36.19977597
34, 37.22204395
35, 38.23932416
36, 39.25163158
37, 40.25898739
38, 41.26141885
39, 42.25895902
40, 43.25164656
41, 44.23952554
42, 45.2226452
43, 46.20105976
44, 47.17482816
45, 48.14401392
46, 49.10868489
47, 50.06891302
48, 51.02477424
49, 51.97634819
50, 52.92371806
51, 53.86697041
52, 54.80619498
53, 55.7414845
54, 56.67293457
55, 57.60064345
56, 58.52471191
57, 59.44524311
58, 60.36234241
59, 61.27611728
60, 62.18667711
61, 63.09413315
62, 63.99859832
63, 64.90018714
64, 65.79901563
65, 66.69520114
66, 67.58886233
67, 68.48011902
68, 69.36909213
69, 70.25590357
70, 71.14067618
71, 72.02353366
72, 72.90460046
73, 73.78400176
74, 74.66186336
75, 75.53831166
76, 76.41347356
77, 77.28747644
78, 78.16044808
79, 79.03251662
80, 79.90381052
81, 80.77445849
82, 81.64458945
83, 82.51433252
84, 83.38381692
85, 84.25317196
86, 85.122527
87, 85.99201139
88, 86.86175446
89, 87.73188543
90, 88.60253339
91, 89.47382729
92, 90.34589584
93, 91.21886748
94, 92.09287035
95, 92.96803226
96, 93.84448056
97, 94.72234216
98, 95.60174346
99, 96.48281026
100, 97.36566773
101, 98.25044035
102, 99.13725178
103, 100.0262249
104, 100.9174816
105, 101.8111428
106, 102.7073283
107, 103.6061568
108, 104.5077456
109, 105.4122108
110, 106.3196668
111, 107.2302266
112, 108.1440015
113, 109.0611008
114, 109.981632
115, 110.9057005
116, 111.8334093
117, 112.7648594
118, 113.7001489
119, 114.6393735
120, 115.5826259
121, 116.5299957
122, 117.4815697
123, 118.4374309
124, 119.397659
125, 120.36233
126, 121.3315158
127, 122.3052842
128, 123.2836987
129, 124.2668184
130, 125.2546974
131, 126.2473849
132, 127.2449251
133, 128.2473565
134, 129.2547123
135, 130.2670198
136, 131.2843
137, 132.3065679
138, 133.3338322
139, 134.3660946
140, 135.4033502
141, 136.445587
142, 137.4927857
143, 138.5449199
144, 139.6019554
145, 140.6638505
146, 141.7305556
147, 142.8020133
148, 143.8781582
149, 144.9589168
150, 146.0442075
151, 147.1339404
152, 148.2280178
153, 149.3263336
154, 150.4287736
155, 151.5352156
156, 152.6455296
157, 153.7595776
158, 154.8772141
159, 155.9982861
160, 157.1226332
161, 158.2500881
162, 159.3804767
163, 160.5136186
164, 161.649327
165, 162.7874096
166, 163.9276684
167, 165.0699006
168, 166.2138989
169, 167.3594517
170, 168.5063439
171, 169.6543572
172, 170.8032705
173, 171.9528607
174, 173.1029031
175, 174.253172
176, 175.4034408
177, 176.5534832
178, 177.7030734
179, 178.8519868
180, 180
181, 181.15
182, 182.29
183, 183.44
184, 184.58
185, 185.72
186, 186.86
187, 187.99
188, 189.13
189, 190.26
190, 191.38
191, 192.51
192, 193.63
193, 194.75
194, 195.86
195, 196.97
196, 198.08
197, 199.18
198, 200.28
199, 201.37
200, 202.46
201, 203.55
202, 204.63
203, 205.7
204, 206.78
205, 207.84
206, 208.9
207, 209.96
208, 211.01
209, 212.06
210, 213.1
211, 214.14
212, 215.17
213, 216.2
214, 217.22
215, 218.24
216, 219.25
217, 220.26
218, 221.26
219, 222.26
220, 223.25
221, 224.24
222, 225.22
223, 226.2
224, 227.17
225, 228.14
226, 229.11
227, 230.07
228, 231.02
229, 231.98
230, 232.92
231, 233.87
232, 234.81
233, 235.74
234, 236.67
235, 237.6
236, 238.52
237, 239.45
238, 240.36
239, 241.28
240, 242.19
241, 243.09
242, 244
243, 244.9
244, 245.8
245, 246.7
246, 247.59
247, 248.48
248, 249.37
249, 250.26
250, 251.14
251, 252.02
252, 252.9
253, 253.78
254, 254.66
255, 255.54
256, 256.41
257, 257.29
258, 258.16
259, 259.03
260, 259.9
261, 260.77
262, 261.64
263, 262.51
264, 263.38
265, 264.25
266, 265.12
267, 265.99
268, 266.86
269, 267.73
270, 268.6
271, 269.47
272, 270.35
273, 271.22
274, 272.09
275, 272.97
276, 273.84
277, 274.72
278, 275.6
279, 276.48
280, 277.37
281, 278.25
282, 279.14
283, 280.03
284, 280.92
285, 281.81
286, 282.71
287, 283.61
288, 284.51
289, 285.41
290, 286.32
291, 287.23
292, 288.14
293, 289.06
294, 289.98
295, 290.91
296, 291.83
297, 292.76
298, 293.7
299, 294.64
300, 295.58
301, 296.53
302, 297.48
303, 298.44
304, 299.4
305, 300.36
306, 301.33
307, 302.31
308, 303.28
309, 304.27
310, 305.25
311, 306.25
312, 307.24
313, 308.25
314, 309.25
315, 310.27
316, 311.28
317, 312.31
318, 313.33
319, 314.37
320, 315.4
321, 316.45
322, 317.49
323, 318.54
324, 319.6
325, 320.66
326, 321.73
327, 322.8
328, 323.88
329, 324.96
330, 326.04
331, 327.13
332, 328.23
333, 329.33
334, 330.43
335, 331.54
336, 332.65
337, 333.76
338, 334.88
339, 336
340, 337.12
341, 338.25
342, 339.38
343, 340.51
344, 341.65
345, 342.79
346, 343.93
347, 345.07
348, 346.21
349, 347.36
350, 348.51
351, 349.65
352, 350.8
353, 351.95
354, 353.1
355, 354.25
356, 355.4
357, 356.55
358, 357.7
359, 358.85
360, 360
361, 361.15
362, 362.29
363, 363.44
364, 364.58
365, 365.72
366, 366.86
367, 367.99
368, 369.13
369, 370.26
370, 371.38
371, 372.51
372, 373.63
373, 374.75
374, 375.86
375, 376.97
376, 378.08
377, 379.18
378, 380.28
379, 381.37
380, 382.46
381, 383.55
382, 384.63
383, 385.7
384, 386.78
385, 387.84
386, 388.9
387, 389.96
388, 391.01
389, 392.06
390, 393.1
391, 394.14
392, 395.17
393, 396.2
394, 397.22
395, 398.24
396, 399.25
397, 400.26
398, 401.26
399, 402.26
400, 403.25
401, 404.24
402, 405.22
403, 406.2
404, 407.17
405, 408.14
406, 409.11
407, 410.07
408, 411.02
409, 411.98
410, 412.92
411, 413.87
412, 414.81
413, 415.74
414, 416.67
415, 417.6
416, 418.52
417, 419.45
418, 420.36
419, 421.28
420, 422.19
421, 423.09
422, 424
423, 424.9
424, 425.8
425, 426.7
426, 427.59
427, 428.48
428, 429.37
429, 430.26
430, 431.14
431, 432.02
432, 432.9
433, 433.78
434, 434.66
435, 435.54
436, 436.41
437, 437.29
438, 438.16
439, 439.03
440, 439.9
441, 440.77
442, 441.64
443, 442.51
444, 443.38
445, 444.25
446, 445.12
447, 445.99
448, 446.86
449, 447.73
450, 448.6
451, 449.47
452, 450.35
453, 451.22
454, 452.09
455, 452.97
456, 453.84
457, 454.72
458, 455.6
459, 456.48
460, 457.37
461, 458.25
462, 459.14
463, 460.03
464, 460.92
465, 461.81
466, 462.71
467, 463.61
468, 464.51
469, 465.41
470, 466.32
471, 467.23
472, 468.14
473, 469.06
474, 469.98
475, 470.91
476, 471.83
477, 472.76
478, 473.7
479, 474.64
480, 475.58
481, 476.53
482, 477.48
483, 478.44
484, 479.4
485, 480.36
486, 481.33
487, 482.31
488, 483.28
489, 484.27
490, 485.25
491, 486.25
492, 487.24
493, 488.25
494, 489.25
495, 490.27
496, 491.28
497, 492.31
498, 493.33
499, 494.37
500, 495.4
501, 496.45
502, 497.49
503, 498.54
504, 499.6
505, 500.66
506, 501.73
507, 502.8
508, 503.88
509, 504.96
510, 506.04
511, 507.13
512, 508.23
513, 509.33
514, 510.43
515, 511.54
516, 512.65
517, 513.76
518, 514.88
519, 516
520, 517.12
521, 518.25
522, 519.38
523, 520.51
524, 521.65
525, 522.79
526, 523.93
527, 525.07
528, 526.21
529, 527.36
530, 528.51
531, 529.65
532, 530.8
533, 531.95
534, 533.1
535, 534.25
536, 535.4
537, 536.55
538, 537.7
539, 538.85
540, 540
541, 541.15
542, 542.29
543, 543.44
544, 544.58
545, 545.72
546, 546.86
547, 547.99
548, 549.13
549, 550.26
550, 551.38
551, 552.51
552, 553.63
553, 554.75
554, 555.86
555, 556.97
556, 558.08
557, 559.18
558, 560.28
559, 561.37
560, 562.46
561, 563.55
562, 564.63
563, 565.7
564, 566.78
565, 567.84
566, 568.9
567, 569.96
568, 571.01
569, 572.06
570, 573.1
571, 574.14
572, 575.17
573, 576.2
574, 577.22
575, 578.24
576, 579.25
577, 580.26
578, 581.26
579, 582.26
580, 583.25
581, 584.24
582, 585.22
583, 586.2
584, 587.17
585, 588.14
586, 589.11
587, 590.07
588, 591.02
589, 591.98
590, 592.92
591, 593.87
592, 594.81
593, 595.74
594, 596.67
595, 597.6
596, 598.52
597, 599.45
598, 600.36
599, 601.28
600, 602.19
601, 603.09
602, 604
603, 604.9
604, 605.8
605, 606.7
606, 607.59
607, 608.48
608, 609.37
609, 610.26
610, 611.14
611, 612.02
612, 612.9
613, 613.78
614, 614.66
615, 615.54
616, 616.41
617, 617.29
618, 618.16
619, 619.03
620, 619.9
621, 620.77
622, 621.64
623, 622.51
624, 623.38
625, 624.25
626, 625.12
627, 625.99
628, 626.86
629, 627.73
630, 628.6
631, 629.47
632, 630.35
633, 631.22
634, 632.09
635, 632.97
636, 633.84
637, 634.72
638, 635.6
639, 636.48
640, 637.37
641, 638.25
642, 639.14
643, 640.03
644, 640.92
645, 641.81
646, 642.71
647, 643.61
648, 644.51
649, 645.41
650, 646.32
651, 647.23
652, 648.14
653, 649.06
654, 649.98
655, 650.91
656, 651.83
657, 652.76
658, 653.7
659, 654.64
660, 655.58
661, 656.53
662, 657.48
663, 658.44
664, 659.4
665, 660.36
666, 661.33
667, 662.31
668, 663.28
669, 664.27
670, 665.25
671, 666.25
672, 667.24
673, 668.25
674, 669.25
675, 670.27
676, 671.28
677, 672.31
678, 673.33
679, 674.37
680, 675.4
681, 676.45
682, 677.49
683, 678.54
684, 679.6
685, 680.66
686, 681.73
687, 682.8
688, 683.88
689, 684.96
690, 686.04
691, 687.13
692, 688.23
693, 689.33
694, 690.43
695, 691.54
696, 692.65
697, 693.76
698, 694.88
699, 696
700, 697.12
701, 698.25
702, 699.38
703, 700.51
704, 701.65
705, 702.79
706, 703.93
707, 705.07
708, 706.21
709, 707.36
710, 708.51
711, 709.65
712, 710.8
713, 711.95
714, 713.1
715, 714.25
716, 715.4
717, 716.55
718, 717.7
719, 718.85
720, 720
ENDTABLE
*SCALAR 1/25


#EMBEDDED_NOTES
#The upper table is the output angle of the intermediate shaft plotted against the input angle, for a shaft with joint angles of 30 deg and 5 deg, with phasing of the joints that is not optimal.
#
#The expression in the yellow data field is degrees of Pitman arm rotation per degree of steering input gear rotation, which is the units of the internal representation of the steering ratio.
#END_EMBEDDED_NOTES

LOG_ENTRY Used Dataset: Steering System: Gear Kinematics; { Constant Ratio with Intermediate Shaft } Gear Ratio 25 with Intermediate Shaft
#Library : Steering System: Gear Kinematics
#DataSet : Gear Ratio 25 with Intermediate Shaft
#Category: Constant Ratio with Intermediate Shaft
#FileID  : GearKin_b8b51f97-088a-4c3e-95c9-ce23f8d0cf6b
#Product : TruckSim 2020.1
#VehCode Steering Gear

END
