PARSFILE
#FullDataName Steering System: Kinematics for One Wheel`Left Wheel`Compact Utility Truck
#CheckBox0 0    

#RingCtrl0 SPLINE
#RadioCtrl0 0    

#DiagramOne0
STEER_KIN_TABLE SPLINE
-16, -18.9959
-15.7778, -18.7288
-15.5556, -18.4618
-15.3333, -18.1949
-15.1111, -17.9282
-14.8889, -17.6616
-14.6667, -17.3952
-14.4444, -17.1289
-14.2222, -16.8627
-14, -16.5966
-13.7778, -16.3306
-13.5556, -16.0648
-13.3333, -15.7991
-13.1111, -15.5335
-12.8889, -15.268
-12.6667, -15.0027
-12.4444, -14.7374
-12.2222, -14.4722
-12, -14.2072
-11.7778, -13.9423
-11.5556, -13.6774
-11.3333, -13.4127
-11.1111, -13.148
-10.8889, -12.8835
-10.6667, -12.619
-10.4444, -12.3547
-10.2222, -12.0904
-10, -11.8262
-9.7778, -11.5621
-9.5556, -11.2981
-9.3333, -11.0341
-9.1111, -10.7703
-8.8889, -10.5065
-8.6667, -10.2428
-8.4444, -9.9792
-8.2222, -9.7156
-8, -9.4521
-7.7778, -9.1887
-7.5556, -8.9254
-7.3333, -8.6621
-7.1111, -8.3989
-6.8889, -8.1357
-6.6667, -7.8726
-6.4444, -7.6096
-6.2222, -7.3466
-6, -7.0837
-5.7778, -6.8208
-5.5556, -6.558
-5.3333, -6.2953
-5.1111, -6.0325
-4.8889, -5.7699
-4.6667, -5.5072
-4.4444, -5.2447
-4.2222, -4.9821
-4, -4.7196
-3.7778, -4.4572
-3.5556, -4.1948
-3.3333, -3.9324
-3.1111, -3.67
-2.8889, -3.4077
-2.6667, -3.1454
-2.4444, -2.8832
-2.2222, -2.621
-2, -2.3588
-1.7778, -2.0966
-1.5556, -1.8345
-1.3333, -1.5723
-1.1111, -1.3102
-0.8889, -1.0482
-0.6667, -0.7861
-0.4444, -0.5241
-0.2222, -0.262
0, 0
0.2222, 0.262
0.4444, 0.524
0.6667, 0.786
0.8889, 1.048
1.1111, 1.3099
1.3333, 1.5719
1.5556, 1.8339
1.7778, 2.0958
2, 2.3578
2.2222, 2.6198
2.4444, 2.8817
2.6667, 3.1437
2.8889, 3.4057
3.1111, 3.6677
3.3333, 3.9297
3.5556, 4.1917
3.7778, 4.4537
4, 4.7157
4.2222, 4.9777
4.4444, 5.2398
4.6667, 5.5019
4.8889, 5.764
5.1111, 6.0261
5.3333, 6.2882
5.5556, 6.5504
5.7778, 6.8126
6, 7.0748
6.2222, 7.337
6.4444, 7.5993
6.6667, 7.8616
6.8889, 8.1239
7.1111, 8.3863
7.3333, 8.6487
7.5556, 8.9111
7.7778, 9.1736
8, 9.4361
8.2222, 9.6987
8.4444, 9.9613
8.6667, 10.2239
8.8889, 10.4866
9.1111, 10.7493
9.3333, 11.0121
9.5556, 11.275
9.7778, 11.5378
10, 11.8008
10.2222, 12.0638
10.4444, 12.3268
10.6667, 12.59
10.8889, 12.8531
11.1111, 13.1164
11.3333, 13.3797
11.5556, 13.643
11.7778, 13.9065
12, 14.17
12.2222, 14.4336
12.4444, 14.6972
12.6667, 14.9609
12.8889, 15.2247
13.1111, 15.4886
13.3333, 15.7525
13.5556, 16.0166
13.7778, 16.2807
14, 16.5449
14.2222, 16.8092
14.4444, 17.0735
14.6667, 17.338
14.8889, 17.6025
15.1111, 17.8672
15.3333, 18.1319
15.5556, 18.3968
15.7778, 18.6617
16, 18.9267
ENDTABLE


LOG_ENTRY Used Dataset: Steering System: Kinematics for One Wheel; { Compact Utility Truck } Left Wheel
#Library : Steering System: Kinematics for One Wheel
#DataSet : Left Wheel
#Category: Compact Utility Truck
#FileID  : StrKin_49d26f27-9949-4f37-9b62-be8a14540454
#Product : TruckSim 2020.1
#VehCode Steering Kinematics

END
