PARSFILE
#FullDataName Steering System: Kinematics for One Wheel`Right Wheel`Compact Utility Truck
#CheckBox0 0    

#RingCtrl0 SPLINE
#RadioCtrl0 0    

#DiagramOne0
STEER_KIN_TABLE SPLINE
-16, -18.9267
-15.7778, -18.6617
-15.5556, -18.3968
-15.3333, -18.1319
-15.1111, -17.8672
-14.8889, -17.6025
-14.6667, -17.338
-14.4444, -17.0735
-14.2222, -16.8092
-14, -16.5449
-13.7778, -16.2807
-13.5556, -16.0166
-13.3333, -15.7525
-13.1111, -15.4886
-12.8889, -15.2247
-12.6667, -14.9609
-12.4444, -14.6972
-12.2222, -14.4336
-12, -14.17
-11.7778, -13.9065
-11.5556, -13.643
-11.3333, -13.3797
-11.1111, -13.1164
-10.8889, -12.8531
-10.6667, -12.59
-10.4444, -12.3268
-10.2222, -12.0638
-10, -11.8008
-9.7778, -11.5378
-9.5556, -11.275
-9.3333, -11.0121
-9.1111, -10.7493
-8.8889, -10.4866
-8.6667, -10.2239
-8.4444, -9.9613
-8.2222, -9.6987
-8, -9.4361
-7.7778, -9.1736
-7.5556, -8.9111
-7.3333, -8.6487
-7.1111, -8.3863
-6.8889, -8.1239
-6.6667, -7.8616
-6.4444, -7.5993
-6.2222, -7.337
-6, -7.0748
-5.7778, -6.8126
-5.5556, -6.5504
-5.3333, -6.2882
-5.1111, -6.0261
-4.8889, -5.764
-4.6667, -5.5019
-4.4444, -5.2398
-4.2222, -4.9777
-4, -4.7157
-3.7778, -4.4537
-3.5556, -4.1917
-3.3333, -3.9297
-3.1111, -3.6677
-2.8889, -3.4057
-2.6667, -3.1437
-2.4444, -2.8817
-2.2222, -2.6198
-2, -2.3578
-1.7778, -2.0958
-1.5556, -1.8339
-1.3333, -1.5719
-1.1111, -1.3099
-0.8889, -1.048
-0.6667, -0.786
-0.4444, -0.524
-0.2222, -0.262
0, 0
0.2222, 0.262
0.4444, 0.5241
0.6667, 0.7861
0.8889, 1.0482
1.1111, 1.3102
1.3333, 1.5723
1.5556, 1.8345
1.7778, 2.0966
2, 2.3588
2.2222, 2.621
2.4444, 2.8832
2.6667, 3.1454
2.8889, 3.4077
3.1111, 3.67
3.3333, 3.9324
3.5556, 4.1948
3.7778, 4.4572
4, 4.7196
4.2222, 4.9821
4.4444, 5.2447
4.6667, 5.5072
4.8889, 5.7699
5.1111, 6.0325
5.3333, 6.2953
5.5556, 6.558
5.7778, 6.8208
6, 7.0837
6.2222, 7.3466
6.4444, 7.6096
6.6667, 7.8726
6.8889, 8.1357
7.1111, 8.3989
7.3333, 8.6621
7.5556, 8.9254
7.7778, 9.1887
8, 9.4521
8.2222, 9.7156
8.4444, 9.9792
8.6667, 10.2428
8.8889, 10.5065
9.1111, 10.7703
9.3333, 11.0341
9.5556, 11.2981
9.7778, 11.5621
10, 11.8262
10.2222, 12.0904
10.4444, 12.3547
10.6667, 12.619
10.8889, 12.8835
11.1111, 13.148
11.3333, 13.4127
11.5556, 13.6774
11.7778, 13.9423
12, 14.2072
12.2222, 14.4722
12.4444, 14.7374
12.6667, 15.0027
12.8889, 15.268
13.1111, 15.5335
13.3333, 15.7991
13.5556, 16.0648
13.7778, 16.3306
14, 16.5966
14.2222, 16.8627
14.4444, 17.1289
14.6667, 17.3952
14.8889, 17.6616
15.1111, 17.9282
15.3333, 18.1949
15.5556, 18.4618
15.7778, 18.7288
16, 18.9959
ENDTABLE


LOG_ENTRY Used Dataset: Steering System: Kinematics for One Wheel; { Compact Utility Truck } Right Wheel
#Library : Steering System: Kinematics for One Wheel
#DataSet : Right Wheel
#Category: Compact Utility Truck
#FileID  : StrKin_7ddb58ef-a88c-4c96-b945-320cd854801e
#Product : TruckSim 2020.1
#VehCode Steering Kinematics

END
