PARSFILE
#FullDataName Steering System: Kinematics for One Wheel`Pickup, Full Size, Pwr Recirc Ball - Right`Pickup, Full Size
#CheckBox0 0    

#RingCtrl0 SPLINE
#RadioCtrl0 0    

#DiagramOne0
STEER_KIN_TABLE SPLINE
-34, -39.41117404
-33.66, -38.97313245
-33.32, -38.53555834
-32.98, -38.09847115
-32.64, -37.66189012
-32.3, -37.22583429
-31.96, -36.79032247
-31.62, -36.35537328
-31.28, -35.92100507
-30.94, -35.48723597
-30.6, -35.0540839
-30.26, -34.62156649
-29.92, -34.18970114
-29.58, -33.75850499
-29.24, -33.32799492
-28.9, -32.89818754
-28.56, -32.46909919
-28.22, -32.04074592
-27.88, -31.61314353
-27.54, -31.18630752
-27.2, -30.76025308
-26.86, -30.33499514
-26.52, -29.91054833
-26.18, -29.48692697
-25.84, -29.06414509
-25.5, -28.6422164
-25.16, -28.22115433
-24.82, -27.80097199
-24.48, -27.38168217
-24.14, -26.96329736
-23.8, -26.54582975
-23.46, -26.12929118
-23.12, -25.71369322
-22.78, -25.29904708
-22.44, -24.88536369
-22.1, -24.47265364
-21.76, -24.06092721
-21.42, -23.65019437
-21.08, -23.24046476
-20.74, -22.83174772
-20.4, -22.42405226
-20.06, -22.01738707
-19.72, -21.61176055
-19.38, -21.20718076
-19.04, -20.80365547
-18.7, -20.40119212
-18.36, -19.99979785
-18.02, -19.5994795
-17.68, -19.20024358
-17.34, -18.80209634
-17, -18.40504368
-16.66, -18.00909123
-16.32, -17.61424431
-15.98, -17.22050796
-15.64, -16.82788691
-15.3, -16.43638561
-14.96, -16.04600824
-14.62, -15.65675866
-14.28, -15.26864047
-13.94, -14.88165701
-13.6, -14.49581132
-13.26, -14.11110618
-12.92, -13.72754409
-12.58, -13.3451273
-12.24, -12.9638578
-11.9, -12.58373732
-11.56, -12.20476732
-11.22, -11.82694904
-10.88, -11.45028345
-10.54, -11.07477129
-10.2, -10.70041305
-9.86, -10.327209
-9.52, -9.955159162
-9.18, -9.584263341
-8.84, -9.214521117
-8.5, -8.845931849
-8.16, -8.47849468
-7.82, -8.112208542
-7.48, -7.747072158
-7.14, -7.383084049
-6.8, -7.020242532
-6.46, -6.658545731
-6.12, -6.297991576
-5.78, -5.93857781
-5.44, -5.58030199
-5.1, -5.223161492
-4.76, -4.867153516
-4.42, -4.512275089
-4.08, -4.158523069
-3.74, -3.805894147
-3.4, -3.454384854
-3.06, -3.103991562
-2.72, -2.75471049
-2.38, -2.406537705
-2.04, -2.059469128
-1.7, -1.713500536
-1.36, -1.368627569
-1.02, -1.024845726
-0.68, -0.682150378
-0.34, -0.340536765
0, 0
0.34, 0.339464925
0.68, 0.677863136
1.02, 1.015199877
1.36, 1.351480503
1.7, 1.686710479
2.04, 2.020895376
2.38, 2.354040866
2.72, 2.686152726
3.06, 3.017236823
3.4, 3.347299125
3.74, 3.676345685
4.08, 4.004382648
4.42, 4.331416244
4.76, 4.657452782
5.1, 4.982498657
5.44, 5.306560335
5.78, 5.62964436
6.12, 5.951757349
6.46, 6.272905984
6.8, 6.593097019
7.14, 6.912337269
7.48, 7.230633612
7.82, 7.547992988
8.16, 7.864422393
8.5, 8.179928876
8.84, 8.494519544
9.18, 8.808201551
9.52, 9.120982102
9.86, 9.43286845
10.2, 9.743867889
10.54, 10.05398776
10.88, 10.36323544
11.22, 10.67161836
11.56, 10.97914397
11.9, 11.28581976
12.24, 11.59165326
12.58, 11.89665203
12.92, 12.20082366
13.26, 12.50417577
13.6, 12.80671602
13.94, 13.10845206
14.28, 13.4093916
14.62, 13.70954236
14.96, 14.00891209
15.3, 14.30750855
15.64, 14.60533952
15.98, 14.9024128
16.32, 15.19873622
16.66, 15.4943176
17, 15.7891648
17.34, 16.08328567
17.68, 16.3766881
18.02, 16.66937996
18.36, 16.96136915
18.7, 17.25266358
19.04, 17.54327117
19.38, 17.83319983
19.72, 18.12245749
20.06, 18.41105209
20.4, 18.69899156
20.74, 18.98628386
21.08, 19.27293691
21.42, 19.55895869
21.76, 19.84435713
22.1, 20.12914019
22.44, 20.41331583
22.78, 20.696892
23.12, 20.97987666
23.46, 21.26227775
23.8, 21.54410323
24.14, 21.82536106
24.48, 22.10605917
24.82, 22.38620552
25.16, 22.66580804
25.5, 22.94487467
25.84, 23.22341335
26.18, 23.50143201
26.52, 23.77893858
26.86, 24.05594096
27.2, 24.33244708
27.54, 24.60846485
27.88, 24.88400216
28.22, 25.15906692
28.56, 25.43366702
28.9, 25.70781034
29.24, 25.98150476
29.58, 26.25475814
29.92, 26.52757835
30.26, 26.79997325
30.6, 27.07195069
30.94, 27.3435185
31.28, 27.61468451
31.62, 27.88545657
31.96, 28.15584247
32.3, 28.42585004
32.64, 28.69548708
32.98, 28.96476137
33.32, 29.23368071
33.66, 29.50225288
34, 29.77048564
ENDTABLE


LOG_ENTRY Used Dataset: Steering System: Kinematics for One Wheel; { Pickup, Full Size } Pickup, Full Size, Pwr Recirc Ball - Right
#Library : Steering System: Kinematics for One Wheel
#DataSet : Pickup, Full Size, Pwr Recirc Ball - Right
#Category: Pickup, Full Size
#FileID  : StrKin_660b59e0-9ff0-41be-9693-7e5ccf3d74c8
#Product : TruckSim 2020.1
#VehCode Steering Kinematics

END
