PARSFILE
#FullDataName Steering: Power Assist Torque`Speed Sensitive, 300 N-m Maximum`Gear Assist Torque
#CheckBox0 0    

#RingCtrl0 2D_SPLINE
*3D_XLabel Vehicle speed (kph)
*3D_YLabel Control torque (N-m)
*3D_ZLabel Power assist torque (N-m)

#DiagramTwo0
*3D_DATA 6, 63 ! columns x rows
M_BOOST_G_CARPET 2D_SPLINE
0, 0, 20, 50, 80, 120, 200
-16, -1200, -1200, -1200, -1200, -1200, -1200
-15, -1200, -1200, -1200, -1200, -1200, -1200
-14.5, -1200, -1200, -1200, -1200, -1200, -1200
-14, -1200, -1200, -1200, -1200, -1200, -1200
-13.5, -1200, -1200, -1200, -1200, -1200, -1200
-13, -1200, -1200, -1200, -1200, -1200, -1200
-12.5, -1200, -1200, -1200, -1200, -1200, -1200
-12, -1200, -1200, -1200, -1200, -1200, -1200
-11.5, -1200, -1200, -1200, -1200, -1088.064, -1027.8336
-11, -1200, -1161.6, -1165.4112, -1094.808, -833.3424, -720.2448
-10.5, -1200, -1058.4, -990.2976, -871.6464, -630.3792, -496.4256
-10, -1200, -960, -834.84, -686.2992, -470.4, -336
-9.5, -1200, -866.4, -697.6464, -533.7744, -345.7872, -222.9072
-9, -1200, -777.6, -577.368, -409.5456, -249.9888, -144.6384
-8.5, -1200, -693.6, -472.6848, -309.504, -177.4128, -91.5552
-8, -1200, -614.4, -382.3152, -229.9632, -123.312, -56.3712
-7.5, -1200, -540, -305.0112, -167.616, -83.7216, -33.6384
-7, -1200, -470.4, -239.5776, -119.5344, -55.344, -19.368
-6.5, -1200, -405.6, -184.8432, -83.136, -35.4768, -10.7088
-6, -1200, -345.6, -139.68, -56.1648, -21.9456, -5.6448
-5.5, -1200, -290.4, -103.008, -36.6672, -13.0224, -2.8128
-5, -1200, -240, -73.7904, -22.9872, -7.3488, -1.3104
-4.5, -1093.5024, -194.4, -51.0336, -13.7184, -3.9072, -0.5664
-4, -768, -153.6, -33.792, -7.704, -1.9248, -0.2208
-3.5, -514.5024, -117.6, -21.1776, -4.0032, -0.864, -0.0768
-3, -324, -86.4, -12.3456, -1.8816, -0.3408, -0.024
-2.5, -187.5024, -60, -6.5232, -0.768, -0.1152, -0.0048
-2, -96, -38.4, -2.9856, -0.2592, -0.0288, 0
-1.5, -40.5024, -21.6, -1.0896, -0.0624, -0.0048, 0
-1, -12, -9.6, -0.264, -0.0096, 0, 0
-0.5, -1.5024, -2.4, -0.024, 0, 0, 0
0, 0, 0, 0, 0, 0, 0
0.5, 1.5024, 2.4, 0.024, 0, 0, 0
1, 12, 9.6, 0.264, 0.0096, 0, 0
1.5, 40.5024, 21.6, 1.0896, 0.0624, 0.0048, 0
2, 96, 38.4, 2.9856, 0.2592, 0.0288, 0
2.5, 187.5024, 60, 6.5232, 0.768, 0.1152, 0.0048
3, 324, 86.4, 12.3456, 1.8816, 0.3408, 0.024
3.5, 514.5024, 117.6, 21.1776, 4.0032, 0.864, 0.0768
4, 768, 153.6, 33.792, 7.704, 1.9248, 0.2208
4.5, 1093.5024, 194.4, 51.0336, 13.7184, 3.9072, 0.5664
5, 1200, 240, 73.7904, 22.9872, 7.3488, 1.3104
5.5, 1200, 290.4, 103.008, 36.6672, 13.0224, 2.8128
6, 1200, 345.6, 139.68, 56.1648, 21.9456, 5.6448
6.5, 1200, 405.6, 184.8432, 83.136, 35.4768, 10.7088
7, 1200, 470.4, 239.5776, 119.5344, 55.344, 19.368
7.5, 1200, 540, 305.0112, 167.616, 83.7216, 33.6384
8, 1200, 614.4, 382.3152, 229.9632, 123.312, 56.3712
8.5, 1200, 693.6, 472.6848, 309.504, 177.4128, 91.5552
9, 1200, 777.6, 577.368, 409.5456, 249.9888, 144.6384
9.5, 1200, 866.4, 697.6464, 533.7744, 345.7872, 222.9072
10, 1200, 960, 834.84, 686.2992, 470.4, 336
10.5, 1200, 1058.4, 990.2976, 871.6464, 630.3792, 496.4256
11, 1200, 1161.6, 1165.4112, 1094.808, 833.3424, 720.2448
11.5, 1200, 1200, 1200, 1200, 1088.064, 1027.8336
12, 1200, 1200, 1200, 1200, 1200, 1200
12.5, 1200, 1200, 1200, 1200, 1200, 1200
13, 1200, 1200, 1200, 1200, 1200, 1200
13.5, 1200, 1200, 1200, 1200, 1200, 1200
14, 1200, 1200, 1200, 1200, 1200, 1200
14.5, 1200, 1200, 1200, 1200, 1200, 1200
15, 1200, 1200, 1200, 1200, 1200, 1200
16, 1200, 1200, 1200, 1200, 1200, 1200
ENDTABLE

#RadioCtrl0 0    
#RadioCtrl1 0    

TC_BOOST 0.02
M_BOOST_MAX 1200


LOG_ENTRY Used Dataset: Steering: Power Assist Torque; { Gear Assist Torque } Speed Sensitive, 300 N-m Maximum
#Library : Steering: Power Assist Torque
#DataSet : Speed Sensitive, 300 N-m Maximum
#Category: Gear Assist Torque
#FileID  : TqBoost_6780024e-5170-4f0b-9f9c-be0d7afc5f09
#Product : TruckSim 2020.1
#VehCode Power Assist Torque

END
