PARSFILE
#FullDataName Steering: Power Assist Torque`100 N-m Max`Column Assist Torque
#CheckBox0 0    

#RingCtrl0 LINEAR
#RingCtrl1 CONSTANT
#RingCtrl2 ADD
M_BOOST_G_COMBINE ADD
#DiagramOne0
M_BOOST_G_TABLE LINEAR
-9, -90
-8.85, -87.75
-8.7, -85.5
-8.55, -83.25
-8.4, -81
-8.25, -78.75
-8.1, -76.5
-7.95, -74.25
-7.8, -72
-7.65, -69.75
-7.5, -67.5
-7.35, -65.25
-7.2, -63
-7.05, -60.75
-6.9, -58.5
-6.75, -56.25
-6.6, -54
-6.45, -51.75
-6.3, -49.5
-5.7, -42.075
-5.55, -40.613
-5.4, -39.15
-5.25, -37.688
-5.1, -36.225
-4.95, -34.762
-4.8, -33.3
-4.65, -31.837
-4.5, -30.375
-4.35, -28.912
-4.2, -27.45
-4.05, -25.987
-3.9, -24.525
-3.75, -23.062
-3.6, -21.6
-3.45, -20.137
-3.3, -18.675
-3.15, -17.212
-3, -15.75
-2.85, -14.287
-2.7, -12.825
-2.55, -11.363
-2.4, -9.9
-2.25, -8.4375
-2.1, -6.975
-1.95, -5.5125
-1.8, -4.05
-1.2, -0.9
-1.05, -0.7875
-0.9, -0.675
-0.75, -0.5625
-0.6, -0.45
-0.45, -0.3375
-0.3, -0.225
-0.15, -0.1125
0, 0
0.15, 0.1125
0.3, 0.225
0.45, 0.3375
0.6, 0.45
0.75, 0.5625
0.9, 0.675
1.05, 0.7875
1.2, 0.9
1.8, 4.05
1.95, 5.5125
2.1, 6.975
2.25, 8.4375
2.4, 9.9
2.55, 11.363
2.7, 12.825
2.85, 14.287
3, 15.75
3.15, 17.212
3.3, 18.675
3.45, 20.137
3.6, 21.6
3.75, 23.062
3.9, 24.525
4.05, 25.987
4.2, 27.45
4.35, 28.912
4.5, 30.375
4.65, 31.837
4.8, 33.3
4.95, 34.762
5.1, 36.225
5.25, 37.688
5.4, 39.15
5.55, 40.613
5.7, 42.075
6.3, 49.5
6.45, 51.75
6.6, 54
6.75, 56.25
6.9, 58.5
7.05, 60.75
7.2, 63
7.35, 65.25
7.5, 67.5
7.65, 69.75
7.8, 72
7.95, 74.25
8.1, 76.5
8.25, 78.75
8.4, 81
8.55, 83.25
8.7, 85.5
8.85, 87.75
9, 90
ENDTABLE
M_BOOST_G_V_CONSTANT 0
#RadioCtrl0 1    
#RadioCtrl1 0    

*SCALAR2 0
TC_BOOST 0.04
M_BOOST_MAX 100


LOG_ENTRY Used Dataset: Steering: Power Assist Torque; { Column Assist Torque } 100 N-m Max
#Library : Steering: Power Assist Torque
#DataSet : 100 N-m Max
#Category: Column Assist Torque
#FileID  : TqBoost_3c7b4c2c-a212-4f67-bab0-424cfcf9f69c
#Product : TruckSim 2020.1
#VehCode Power Assist Torque

END
