PARSFILE
#FullDataName Tire: Longitudinal Force`Mech. Sim. FSAE: Fx vs. Slip Angle`Mech. Sim. FSAE Longitudinal Force
#CheckBox0 0    

#RingCtrl0 CARPET_FROM_ZERO
#RadioCtrl0 0    
#RadioCtrl1 0    

*3D_XLabel Vertical load (N)
*3D_YLabel Abs. slip ratio [Kappa] (-)
*3D_ZLabel Abs. longitudinal tire force Fx (N)

#DiagramTwo0
*3D_DATA 5, 200 ! columns x rows
FX_TIRE_CARPET 2D_FROM_ZERO
0, 222.41, 667.23, 1112.06, 1556.88, 2001.7
0.005, 427.092502, 272.340707, 195.266844, 198.772486, 283.045793
0.01, 552.60837, 468.221633, 442.558518, 494.882485, 626.602731
0.015, 644.544181, 650.682725, 679.880841, 781.625422, 960.187203
0.02, 707.111064, 815.566675, 903.396334, 1055.170045, 1279.646798
0.025, 748.484848, 960.861109, 1110.384465, 1312.55562, 1581.693836
0.03, 775.70751, 1086.392546, 1299.280797, 1551.770216, 1863.999229
0.035, 793.668532, 1193.283718, 1469.561327, 1771.720905, 2125.180914
0.04, 805.526153, 1283.391755, 1621.537877, 1972.123892, 2364.711779
0.045, 813.290965, 1358.866483, 1756.122777, 2153.343485, 2582.775533
0.05, 818.254289, 1421.853723, 1874.606899, 2316.224401, 2780.100797
0.055, 821.263955, 1474.332043, 1978.473281, 2461.929406, 2957.800958
0.06, 822.88711, 1518.037584, 2069.261896, 2591.802751, 3117.229611
0.065, 823.515199, 1554.450713, 2148.474018, 2707.263418, 3259.864454
0.07, 823.420452, 1584.808925, 2217.51662, 2809.727721, 3387.216548
0.075, 822.798146, 1610.137089, 2277.671679, 2900.554591, 3500.76715
0.08, 821.790624, 1631.275921, 2330.084165, 2981.015329, 3601.925455
0.085, 820.50153, 1648.916671, 2375.762937, 3052.275813, 3692.004134
0.09, 819.009152, 1663.625156, 2415.58874, 3115.389827, 3772.204651
0.095, 817.371318, 1675.866212, 2450.326669, 3171.299949, 3843.61593
0.1, 815.632953, 1686.023723, 2480.636395, 3220.843334, 3907.214356
0.105, 813.826976, 1694.413955, 2507.087291, 3264.759721, 3963.870444
0.11, 811.98052, 1701.300245, 2530.169549, 3303.699438, 4014.357741
0.115, 810.112267, 1706.901443, 2550.304862, 3338.234084, 4059.359938
0.12, 808.238232, 1711.401263, 2567.857093, 3368.864527, 4099.480659
0.125, 806.36998, 1714.954946, 2583.139843, 3396.029806, 4135.252354
0.13, 804.516851, 1717.691935, 2596.424452, 3420.115139, 4167.144757
0.135, 802.685074, 1719.722993, 2607.945786, 3441.458143, 4195.571107
0.14, 800.880432, 1721.143309, 2617.90713, 3460.355071, 4220.896603
0.145, 799.106037, 1722.032953, 2626.486857, 3477.066144, 4243.443295
0.15, 797.365893, 1722.461317, 2633.838875, 3491.821335, 4263.496761
0.155, 795.66089, 1722.488006, 2640.0993, 3504.822592, 4281.307879
0.16, 793.992808, 1722.16462, 2645.386009, 3516.24918, 4297.100839
0.165, 792.36209, 1721.536087, 2649.803536, 3526.259009, 4311.074032
0.17, 790.769628, 1720.641105, 2653.443515, 3534.993089, 4323.403164
0.175, 789.215419, 1719.513926, 2656.387792, 3542.57508, 4334.246145
0.18, 787.699466, 1718.184353, 2658.707983, 3549.117077, 4343.74265
0.185, 786.220433, 1716.677741, 2660.467254, 3554.717831, 4352.018563
0.19, 784.778765, 1715.017221, 2661.722542, 3559.466306, 4359.18598
0.195, 783.373572, 1713.223253, 2662.525001, 3563.441235, 4365.34543
0.2, 782.003965, 1711.313188, 2662.919113, 3566.714235, 4370.588102
0.205, 780.669499, 1709.303037, 2662.944913, 3569.348916, 4374.994954
0.21, 779.36884, 1707.206591, 2662.639765, 3571.403994, 4378.639825
0.215, 778.101542, 1705.03586, 2662.035252, 3572.930178, 4381.58944
0.22, 776.866271, 1702.802408, 2661.160732, 3573.975065, 4383.903404
0.225, 775.662138, 1700.515134, 2660.042894, 3574.581357, 4385.636875
0.23, 774.489142, 1698.182932, 2658.704869, 3574.78731, 4386.838784
0.235, 773.34506, 1695.81381, 2657.168899, 3574.628064, 4387.554058
0.24, 772.230336, 1693.41444, 2655.45411, 3574.135201, 4387.82451
0.245, 771.142746, 1690.99105, 2653.578296, 3573.33808, 4387.68617
0.25, 770.082291, 1688.548532, 2651.557025, 3572.2625, 4387.17418
0.255, 769.048524, 1686.092225, 2649.404976, 3570.932482, 4386.319232
0.26, 768.039223, 1683.626132, 2647.135494, 3569.370712, 4385.149795
0.265, 767.054832, 1681.154256, 2644.760589, 3567.596762, 4383.691669
0.27, 766.094462, 1678.680156, 2642.291383, 3565.629315, 4381.969318
0.275, 765.156777, 1676.206946, 2639.737215, 3563.485273, 4380.004539
0.28, 764.241333, 1673.736849, 2637.107872, 3561.17976, 4377.816905
0.285, 763.347241, 1671.27298, 2634.411806, 3558.727456, 4375.425986
0.29, 762.4745, 1668.816673, 2631.655688, 3556.141261, 4372.847798
0.295, 761.621776, 1666.370597, 2628.847527, 3553.43274, 4370.098798
0.3, 760.788625, 1663.936086, 2625.993104, 3550.613903, 4367.193666
0.305, 759.974156, 1661.51492, 2623.098203, 3547.694092, 4364.144856
0.31, 759.178369, 1659.107988, 2620.168605, 3544.683091, 4360.965268
0.315, 758.400375, 1656.71707, 2617.20876, 3541.589354, 4357.666468
0.32, 757.63973, 1654.34261, 2614.223559, 3538.420887, 4354.259131
0.325, 756.895543, 1651.985498, 2611.217007, 3535.185697, 4350.7526
0.33, 756.167814, 1649.647069, 2608.192218, 3531.890011, 4347.155769
0.335, 755.455654, 1647.327767, 2605.153639, 3528.540056, 4343.477536
0.34, 754.758618, 1645.028037, 2602.103939, 3525.142061, 4339.725907
0.345, 754.076706, 1642.748325, 2599.046232, 3521.701363, 4335.90711
0.35, 753.409028, 1640.489519, 2595.983188, 3518.222855, 4332.028707
0.355, 752.755139, 1638.251174, 2592.91703, 3514.710985, 4328.096481
0.36, 752.115041, 1636.034626, 2589.849982, 3511.170647, 4324.116213
0.365, 751.487842, 1633.838985, 2586.784269, 3507.604954, 4320.093688
0.37, 750.873542, 1631.66514, 2583.722115, 3504.018354, 4316.033353
0.375, 750.271698, 1629.513536, 2580.664408, 3500.413961, 4311.939656
0.38, 749.681419, 1627.383283, 2577.613819, 3496.794889, 4307.81749
0.385, 749.103151, 1625.275272, 2574.570792, 3493.163807, 4303.67086
0.39, 748.536003, 1623.189057, 2571.537106, 3489.524274, 4299.502878
0.395, 747.98042, 1621.125082, 2568.514095, 3485.878068, 4295.317103
0.4, 747.435068, 1619.082905, 2565.50265, 3482.227858, 4291.117538
0.405, 746.900392, 1617.062523, 2562.504105, 3478.575425, 4286.905963
0.41, 746.375502, 1615.063938, 2559.518905, 3474.922992, 4282.686382
0.415, 745.860843, 1613.087149, 2556.547939, 3471.272782, 4278.460128
0.42, 745.355525, 1611.132156, 2553.592541, 3467.626132, 4274.230761
0.425, 744.859549, 1609.198515, 2550.652713, 3463.984374, 4269.999614
0.43, 744.372914, 1607.28578, 2547.729342, 3460.349733, 4265.769356
0.435, 743.89473, 1605.394842, 2544.822876, 3456.722655, 4261.541768
0.44, 743.425443, 1603.524366, 2541.934201, 3453.105362, 4257.318628
0.445, 742.964607, 1601.674796, 2539.06332, 3449.498301, 4253.101271
0.45, 742.511778, 1599.846132, 2536.211122, 3445.902804, 4248.891475
0.455, 742.066956, 1598.037931, 2533.377161, 3442.319763, 4244.691021
0.46, 741.629696, 1596.249747, 2530.562772, 3438.750511, 4240.500798
0.465, 741.200443, 1594.481579, 2527.76751, 3435.195049, 4236.32214
0.47, 740.778307, 1592.732984, 2524.991821, 3431.655156, 4232.155937
0.475, 740.363288, 1591.004406, 2522.235704, 3428.130386, 4228.003969
0.48, 739.955386, 1589.294955, 2519.500049, 3424.62252, 4223.866679
0.485, 739.554157, 1587.604631, 2516.783966, 3421.131557, 4219.744959
0.49, 739.160045, 1585.933435, 2514.088344, 3417.658387, 4215.639696
0.495, 738.77216, 1584.280921, 2511.413185, 3414.203009, 4211.551337
0.5, 738.390503, 1582.64709, 2508.758487, 3410.766315, 4207.481661
0.505, 738.015073, 1581.031052, 2506.124251, 3407.348302, 4203.430222
0.51, 737.645871, 1579.433251, 2503.510032, 3403.949417, 4199.397911
0.515, 737.282451, 1577.853688, 2500.91672, 3400.570549, 4195.385616
0.52, 736.924814, 1576.291028, 2498.34387, 3397.211699, 4191.393339
0.525, 736.57296, 1574.746161, 2495.791481, 3393.87242, 4187.421968
0.53, 736.226444, 1573.218198, 2493.259999, 3390.554048, 4183.471504
0.535, 735.885265, 1571.707138, 2490.748534, 3387.256137, 4179.542836
0.54, 735.549424, 1570.21298, 2488.257531, 3383.979134, 4175.635519
0.545, 735.218922, 1568.734837, 2485.786989, 3380.723037, 4171.750889
0.55, 734.893312, 1567.273597, 2483.336465, 3377.488291, 4167.888499
0.555, 734.572595, 1565.827925, 2480.906402, 3374.274452, 4164.048796
0.56, 734.256327, 1564.398267, 2478.495912, 3371.081965, 4160.232223
0.565, 733.945396, 1562.983733, 2476.105883, 3367.910829, 4156.438336
0.57, 733.638469, 1561.585213, 2473.735872, 3364.761489, 4152.66758
0.575, 733.336435, 1560.201372, 2471.385432, 3361.633501, 4148.920845
0.58, 733.038849, 1558.832654, 2469.054565, 3358.526864, 4145.19724
0.585, 732.745267, 1557.478616, 2466.74327, 3355.441578, 4141.49721
0.59, 732.456132, 1556.139257, 2464.451102, 3352.378089, 4137.820756
0.595, 732.171001, 1554.814132, 2462.178951, 3349.336396, 4134.168323
0.6, 731.889874, 1553.503242, 2459.925483, 3346.31561, 4130.539465
0.605, 731.61275, 1552.206586, 2457.690697, 3343.31662, 4126.934628
0.61, 731.339629, 1550.923274, 2455.475484, 3340.338982, 4123.35381
0.615, 731.070067, 1549.653752, 2453.278508, 3337.38314, 4119.796569
0.62, 730.804508, 1548.39713, 2451.100215, 3334.448204, 4116.263348
0.625, 730.542508, 1547.154298, 2448.940159, 3331.53462, 4112.753702
0.63, 730.284066, 1545.924365, 2446.798786, 3328.641942, 4109.268077
0.635, 730.028739, 1544.706887, 2444.675206, 3325.770616, 4105.806027
0.64, 729.777414, 1543.502309, 2442.569863, 3322.920197, 4102.367998
0.645, 729.529203, 1542.310186, 2440.481869, 3320.090684, 4098.9531
0.65, 729.284107, 1541.130518, 2438.412112, 3317.281633, 4095.562222
0.655, 729.042568, 1539.96286, 2436.359258, 3314.493934, 4092.194919
0.66, 728.803699, 1538.807213, 2434.324198, 3311.726251, 4088.850747
0.665, 728.568388, 1537.663131, 2432.30604, 3308.979476, 4085.530151
0.67, 728.336191, 1536.531059, 2430.305231, 3306.252717, 4082.232686
0.675, 728.106663, 1535.410107, 2428.32088, 3303.54642, 4078.958351
0.68, 727.880248, 1534.300721, 2426.353432, 3300.859695, 4075.706702
0.685, 727.656503, 1533.202456, 2424.402443, 3298.193432, 4072.478184
0.69, 727.435871, 1532.115311, 2422.467467, 3295.546741, 4069.272797
0.695, 727.217908, 1531.038841, 2420.549395, 3292.920067, 4066.08965
0.7, 727.002615, 1529.973048, 2418.646891, 3290.312965, 4062.92919
0.705, 726.78999, 1528.917485, 2416.760401, 3287.724991, 4059.791416
0.71, 726.579589, 1527.873043, 2414.88948, 3285.156589, 4056.675437
0.715, 726.372302, 1526.838387, 2413.034572, 3282.606869, 4053.582145
0.72, 726.167239, 1525.813962, 2411.194788, 3280.076721, 4050.510205
0.725, 725.964845, 1524.799323, 2409.370128, 3277.565256, 4047.460505
0.73, 725.76512, 1523.794915, 2407.561037, 3275.072029, 4044.432602
0.735, 725.567174, 1522.800293, 2405.766625, 3272.597929, 4041.426495
0.74, 725.371897, 1521.815012, 2403.986892, 3270.142067, 4038.441294
0.745, 725.178844, 1520.839073, 2402.221839, 3267.704887, 4035.477445
0.75, 724.988461, 1519.87292, 2400.471464, 3265.2855, 4032.534948
0.755, 724.799856, 1518.915663, 2398.735769, 3262.883906, 4029.613357
0.76, 724.613476, 1517.967302, 2397.013863, 3260.500105, 4026.712672
0.765, 724.429319, 1517.028283, 2395.305746, 3258.134542, 4023.832895
0.77, 724.247387, 1516.09816, 2393.611864, 3255.786326, 4020.973134
0.775, 724.067234, 1515.176489, 2391.931771, 3253.455014, 4018.13428
0.78, 723.88975, 1514.263269, 2390.265468, 3251.141495, 4015.314998
0.785, 723.713601, 1513.358946, 2388.61251, 3248.844879, 4012.516178
0.79, 723.539675, 1512.463075, 2386.972896, 3246.565166, 4009.737375
0.795, 723.367529, 1511.57521, 2385.346627, 3244.302357, 4006.978144
0.8, 723.197607, 1510.695352, 2383.733257, 3242.05645, 4004.238486
0.805, 723.029465, 1509.823946, 2382.132788, 3239.826558, 4001.518399
0.81, 722.863101, 1508.960546, 2380.545218, 3237.613568, 3998.81744
0.815, 722.698517, 1508.104709, 2378.970103, 3235.416592, 3996.135608
0.82, 722.535712, 1507.256433, 2377.407443, 3233.23563, 3993.472904
0.825, 722.374686, 1506.416164, 2375.857684, 3231.070682, 3990.828882
0.83, 722.21544, 1505.583458, 2374.319934, 3228.921302, 3988.203542
0.835, 722.057973, 1504.758313, 2372.794195, 3226.787935, 3985.59644
0.84, 721.902285, 1503.940285, 2371.280465, 3224.669693, 3983.008021
0.845, 721.747932, 1503.129819, 2369.778746, 3222.567019, 3980.43784
0.85, 721.595358, 1502.326026, 2368.288592, 3220.479915, 3977.885451
0.855, 721.444564, 1501.529795, 2366.810449, 3218.407489, 3975.350855
0.86, 721.295103, 1500.740236, 2365.343426, 3216.350187, 3972.834497
0.865, 721.146978, 1499.957794, 2363.887968, 3214.307564, 3970.335042
0.87, 721.000631, 1499.182024, 2362.444076, 3212.279621, 3967.853381
0.875, 720.856064, 1498.413372, 2361.01086, 3210.266357, 3965.389067
0.88, 720.712387, 1497.650947, 2359.588764, 3208.267771, 3962.942101
0.885, 720.570489, 1496.895194, 2358.177788, 3206.282976, 3960.511593
0.89, 720.430369, 1496.146114, 2356.777489, 3204.312414, 3958.098434
0.895, 720.29114, 1495.403261, 2355.38831, 3202.356087, 3955.701288
0.9, 720.15369, 1494.667081, 2354.009361, 3200.413549, 3953.321491
0.905, 720.01713, 1493.936683, 2352.640644, 3198.484801, 3950.957707
0.91, 719.882349, 1493.212513, 2351.282603, 3196.569842, 3948.609936
0.915, 719.748457, 1492.49457, 2349.934792, 3194.668228, 3946.278624
0.92, 719.616345, 1491.782855, 2348.597212, 3192.780404, 3943.963325
0.925, 719.485568, 1491.076923, 2347.269419, 3190.905479, 3941.663596
0.93, 719.35568, 1490.376773, 2345.951856, 3189.043454, 3939.379435
0.935, 719.227126, 1489.682406, 2344.643634, 3187.194774, 3937.111287
0.94, 719.099907, 1488.994266, 2343.345644, 3185.358994, 3934.858264
0.945, 718.974022, 1488.311464, 2342.057439, 3183.536113, 3932.620809
0.95, 718.849027, 1487.634, 2340.778131, 3181.725687, 3930.398034
0.955, 718.725367, 1486.962319, 2339.508609, 3179.928162, 3928.190827
0.96, 718.603041, 1486.295976, 2338.248428, 3178.142646, 3925.998299
0.965, 718.481604, 1485.635415, 2336.997589, 3176.369586, 3923.820451
0.97, 718.361502, 1484.979747, 2335.756091, 3174.608535, 3921.657281
0.975, 718.24229, 1484.329862, 2334.523044, 3172.85994, 3919.508346
0.98, 718.124412, 1483.684871, 2333.299339, 3171.123355, 3917.37409
0.985, 718.007424, 1483.044772, 2332.08453, 3169.398335, 3915.254069
0.99, 717.89177, 1482.410456, 2330.878617, 3167.684881, 3913.147837
0.995, 717.777006, 1481.780588, 2329.681157, 3165.983437, 3911.055839
1, 717.777006, 1481.780588, 2329.681157, 3165.983437, 3911.055839
ENDTABLE

MU_REF_X 1.0


LOG_ENTRY Used Dataset: Tire: Longitudinal Force; { Mech. Sim. FSAE Longitudinal Force } Mech. Sim. FSAE: Fx vs. Slip Angle
#Library : Tire: Longitudinal Force
#DataSet : Mech. Sim. FSAE: Fx vs. Slip Angle
#Category: Mech. Sim. FSAE Longitudinal Force
#FileID  : TireFx_adee6b26-e157-401c-b916-23b295cb8005
#Product : CarSim 2020.0
#VehCode Tire: Fx

END
