PARSFILE
#FullDataName Tire: Longitudinal Force`175/65 R14`Touring Tires
#CheckBox0 0    

#RingCtrl0 CARPET_FROM_ZERO
#RadioCtrl0 0    
#RadioCtrl1 0    

*3D_XLabel Vertical load (N)
*3D_YLabel Abs. slip ratio [Kappa] (-)
*3D_ZLabel Abs. longitudinal tire force Fx (N)

#DiagramTwo0
*3D_DATA 8, 51 ! columns x rows
FX_TIRE_CARPET 2D_FROM_ZERO
0, 980.665, 1961.33, 2941.995, 3922.66, 4903.325, 5883.99, 6864.655, 7845.32
0.02, 497.65, 974.51, 1427.4, 1854.57, 2254.85, 2627.42, 2971.73, 3287.41
0.04, 766.97, 1507.63, 2217.72, 2894.64, 3536.53, 4141.89, 4709.5, 5238.37
0.06, 884.12, 1742.03, 2569.37, 3363.41, 4122.12, 4843.79, 5526.98, 6170.42
0.08, 935.41, 1845.55, 2726.18, 3574.64, 4388.89, 5167.24, 5908.21, 6610.47
0.1, 958.07, 1891.79, 2797.06, 3671.31, 4512.54, 5319.1, 6089.54, 6822.55
0.12, 967.18, 1910.79, 2826.86, 3712.88, 4566.94, 5387.41, 6172.88, 6922.07
0.14, 969.39, 1915.85, 2835.53, 3725.99, 4585.37, 5412.07, 6204.74, 6962.12
0.16, 967.92, 1913.45, 2832.83, 3723.68, 4584.18, 5412.8, 6208.18, 6969.13
0.18, 964.45, 1906.97, 2823.87, 3712.83, 4572.06, 5400.05, 6195.51, 6957.25
0.2, 959.93, 1898.31, 2811.51, 3697.27, 4553.83, 5379.71, 6173.65, 6934.48
0.22, 954.88, 1888.54, 2797.4, 3679.23, 4532.32, 5355.22, 6146.67, 6905.54
0.24, 949.63, 1878.3, 2782.51, 3660.05, 4509.23, 5328.63, 6117.03, 6873.3
0.26, 944.35, 1867.98, 2767.43, 3640.52, 4485.59, 5301.24, 6086.25, 6839.54
0.28, 939.16, 1857.81, 2752.52, 3621.14, 4462.03, 5273.8, 6055.28, 6805.38
0.3, 934.13, 1847.92, 2737.99, 3602.2, 4438.93, 5246.82, 6024.7, 6771.51
0.32, 929.28, 1838.39, 2723.95, 3583.86, 4416.52, 5220.58, 5994.88, 6738.37
0.34, 924.64, 1829.25, 2710.48, 3566.24, 4394.93, 5195.24, 5966.02, 6706.23
0.36, 920.22, 1820.53, 2697.59, 3549.35, 4374.23, 5170.9, 5938.24, 6675.22
0.38, 916.01, 1812.21, 2685.31, 3533.24, 4354.43, 5147.59, 5911.59, 6645.43
0.4, 912.01, 1804.31, 2673.61, 3517.87, 4335.54, 5125.32, 5886.1, 6616.89
0.42, 908.21, 1796.79, 2662.47, 3503.23, 4317.52, 5104.06, 5861.74, 6589.58
0.44, 904.6, 1789.64, 2651.88, 3489.3, 4300.36, 5083.79, 5838.49, 6563.49
0.46, 901.17, 1782.85, 2641.81, 3476.05, 4284.02, 5064.47, 5816.31, 6538.56
0.48, 897.91, 1776.39, 2632.23, 3463.43, 4268.46, 5046.06, 5795.15, 6514.77
0.5, 894.81, 1770.25, 2623.12, 3451.42, 4253.63, 5028.5, 5774.96, 6492.05
0.52, 891.86, 1764.41, 2614.44, 3439.97, 4239.49, 5011.76, 5755.69, 6470.36
0.54, 889.06, 1758.85, 2606.18, 3429.07, 4226.01, 4995.78, 5737.3, 6449.63
0.56, 886.38, 1753.54, 2598.3, 3418.67, 4213.16, 4980.53, 5719.74, 6429.83
0.58, 883.84, 1748.49, 2590.78, 3408.74, 4200.88, 4965.97, 5702.95, 6410.89
0.6, 881.41, 1743.67, 2583.61, 3399.26, 4189.15, 4952.05, 5686.9, 6392.77
0.62, 879.09, 1739.06, 2576.75, 3390.21, 4177.94, 4938.74, 5671.54, 6375.43
0.64, 876.87, 1734.66, 2570.2, 3381.55, 4167.22, 4926, 5656.84, 6358.82
0.66, 874.75, 1730.44, 2563.93, 3373.26, 4156.95, 4913.8, 5642.75, 6342.91
0.68, 872.72, 1726.41, 2557.93, 3365.32, 4147.11, 4902.1, 5629.25, 6327.64
0.7, 870.78, 1722.55, 2552.17, 3357.71, 4137.68, 4890.89, 5616.3, 6312.99
0.72, 868.91, 1718.85, 2546.66, 3350.41, 4128.64, 4880.13, 5603.87, 6298.93
0.74, 867.13, 1715.3, 2541.37, 3343.41, 4119.95, 4869.8, 5591.92, 6285.41
0.76, 865.41, 1711.89, 2536.29, 3336.68, 4111.61, 4859.87, 5580.44, 6272.42
0.78, 863.77, 1708.61, 2531.4, 3330.21, 4103.59, 4850.32, 5569.4, 6259.92
0.8, 862.18, 1705.46, 2526.71, 3324, 4095.87, 4841.14, 5558.77, 6247.88
0.82, 860.66, 1702.43, 2522.19, 3318.01, 4088.44, 4832.29, 5548.54, 6236.29
0.84, 859.19, 1699.51, 2517.84, 3312.25, 4081.29, 4823.77, 5538.68, 6225.12
0.86, 857.78, 1696.7, 2513.65, 3306.69, 4074.39, 4815.56, 5529.17, 6214.34
0.88, 856.42, 1693.99, 2509.61, 3301.34, 4067.75, 4807.64, 5520, 6203.95
0.9, 855.11, 1691.38, 2505.71, 3296.17, 4061.33, 4799.99, 5511.15, 6193.91
0.92, 853.84, 1688.86, 2501.95, 3291.19, 4055.14, 4792.61, 5502.6, 6184.22
0.94, 852.62, 1686.42, 2498.31, 3286.37, 4049.15, 4785.48, 5494.34, 6174.85
0.96, 851.44, 1684.07, 2494.8, 3281.72, 4043.37, 4778.58, 5486.35, 6165.78
0.98, 850.29, 1681.8, 2491.41, 3277.21, 4037.78, 4771.91, 5478.62, 6157.02
1, 849.19, 1679.6, 2488.12, 3272.86, 4032.37, 4765.46, 5471.15, 6148.53
1.02, 849.19, 1679.6, 2488.12, 3272.86, 4032.37, 4765.46, 5471.15, 6148.53
ENDTABLE

MU_REF_X 1.0


LOG_ENTRY Used Dataset: Tire: Longitudinal Force; { Touring Tires } 175/65 R14
#Library : Tire: Longitudinal Force
#DataSet : 175/65 R14
#Category: Touring Tires
#FileID  : TireFx_85022984-db32-4ff1-98e3-9d6b8f3429f2
#Product : CarSim 2020.0
#VehCode Tire: Fx

END
