PARSFILE
#FullDataName Calculator: Symbolic`Sine Wave: Stop = 6.28, Step = 0.01`Sine and Cosine
#RingCtrl0 1
#RingCtrl1 5
#RingCtrl2 5
#RadioCtrl0 0    

*START 0
*STOP 6.2832
*STEP 0.01
*X S
*Y SIN(S)

#DiagramOne0
CALCULATOR_TABLE
0, 0
0.01, 0.0099998
0.02, 0.019999
0.03, 0.029996
0.04, 0.039989
0.05, 0.049979
0.06, 0.059964
0.07, 0.069943
0.08, 0.079915
0.09, 0.089879
0.1, 0.099833
0.11, 0.10978
0.12, 0.11971
0.13, 0.12963
0.14, 0.13954
0.15, 0.14944
0.16, 0.15932
0.17, 0.16918
0.18, 0.17903
0.19, 0.18886
0.2, 0.19867
0.21, 0.20846
0.22, 0.21823
0.23, 0.22798
0.24, 0.2377
0.25, 0.2474
0.26, 0.25708
0.27, 0.26673
0.28, 0.27636
0.29, 0.28595
0.3, 0.29552
0.31, 0.30506
0.32, 0.31457
0.33, 0.32404
0.34, 0.33349
0.35, 0.3429
0.36, 0.35227
0.37, 0.36162
0.38, 0.37092
0.39, 0.38019
0.4, 0.38942
0.41, 0.39861
0.42, 0.40776
0.43, 0.41687
0.44, 0.42594
0.45, 0.43497
0.46, 0.44395
0.47, 0.45289
0.48, 0.46178
0.49, 0.47063
0.5, 0.47943
0.51, 0.48818
0.52, 0.49688
0.53, 0.50553
0.54, 0.51414
0.55, 0.52269
0.56, 0.53119
0.57, 0.53963
0.58, 0.54802
0.59, 0.55636
0.6, 0.56464
0.61, 0.57287
0.62, 0.58104
0.63, 0.58914
0.64, 0.5972
0.65, 0.60519
0.66, 0.61312
0.67, 0.62099
0.68, 0.62879
0.69, 0.63654
0.7, 0.64422
0.71, 0.65183
0.72, 0.65938
0.73, 0.66687
0.74, 0.67429
0.75, 0.68164
0.76, 0.68892
0.77, 0.69614
0.78, 0.70328
0.79, 0.71035
0.8, 0.71736
0.81, 0.72429
0.82, 0.73115
0.83, 0.73793
0.84, 0.74464
0.85, 0.75128
0.86, 0.75784
0.87, 0.76433
0.88, 0.77074
0.89, 0.77707
0.9, 0.78333
0.91, 0.7895
0.92, 0.7956
0.93, 0.80162
0.94, 0.80756
0.95, 0.81342
0.96, 0.81919
0.97, 0.82489
0.98, 0.8305
0.99, 0.83603
1, 0.84147
1.01, 0.84683
1.02, 0.85211
1.03, 0.8573
1.04, 0.8624
1.05, 0.86742
1.06, 0.87236
1.07, 0.8772
1.08, 0.88196
1.09, 0.88663
1.1, 0.89121
1.11, 0.8957
1.12, 0.9001
1.13, 0.90441
1.14, 0.90863
1.15, 0.91276
1.16, 0.9168
1.17, 0.92075
1.18, 0.92461
1.19, 0.92837
1.2, 0.93204
1.21, 0.93562
1.22, 0.9391
1.23, 0.94249
1.24, 0.94578
1.25, 0.94898
1.26, 0.95209
1.27, 0.9551
1.28, 0.95802
1.29, 0.96084
1.3, 0.96356
1.31, 0.96618
1.32, 0.96872
1.33, 0.97115
1.34, 0.97348
1.35, 0.97572
1.36, 0.97786
1.37, 0.97991
1.38, 0.98185
1.39, 0.9837
1.4, 0.98545
1.41, 0.9871
1.42, 0.98865
1.43, 0.9901
1.44, 0.99146
1.45, 0.99271
1.46, 0.99387
1.47, 0.99492
1.48, 0.99588
1.49, 0.99674
1.5, 0.99749
1.51, 0.99815
1.52, 0.99871
1.53, 0.99917
1.54, 0.99953
1.55, 0.99978
1.56, 0.99994
1.57, 1
1.58, 0.99996
1.59, 0.99982
1.6, 0.99957
1.61, 0.99923
1.62, 0.99879
1.63, 0.99825
1.64, 0.99761
1.65, 0.99687
1.66, 0.99602
1.67, 0.99508
1.68, 0.99404
1.69, 0.9929
1.7, 0.99166
1.71, 0.99033
1.72, 0.98889
1.73, 0.98735
1.74, 0.98572
1.75, 0.98399
1.76, 0.98215
1.77, 0.98022
1.78, 0.9782
1.79, 0.97607
1.8, 0.97385
1.81, 0.97153
1.82, 0.96911
1.83, 0.96659
1.84, 0.96398
1.85, 0.96128
1.86, 0.95847
1.87, 0.95557
1.88, 0.95258
1.89, 0.94949
1.9, 0.9463
1.91, 0.94302
1.92, 0.93965
1.93, 0.93618
1.94, 0.93262
1.95, 0.92896
1.96, 0.92521
1.97, 0.92137
1.98, 0.91744
1.99, 0.91341
2, 0.9093
2.01, 0.90509
2.02, 0.90079
2.03, 0.89641
2.04, 0.89193
2.05, 0.88736
2.06, 0.88271
2.07, 0.87796
2.08, 0.87313
2.09, 0.86821
2.1, 0.86321
2.11, 0.85812
2.12, 0.85294
2.13, 0.84768
2.14, 0.84233
2.15, 0.8369
2.16, 0.83138
2.17, 0.82578
2.18, 0.8201
2.19, 0.81434
2.2, 0.8085
2.21, 0.80257
2.22, 0.79657
2.23, 0.79048
2.24, 0.78432
2.25, 0.77807
2.26, 0.77175
2.27, 0.76535
2.28, 0.75888
2.29, 0.75233
2.3, 0.74571
2.31, 0.73901
2.32, 0.73223
2.33, 0.72538
2.34, 0.71846
2.35, 0.71147
2.36, 0.70441
2.37, 0.69728
2.38, 0.69007
2.39, 0.6828
2.4, 0.67546
2.41, 0.66806
2.42, 0.66058
2.43, 0.65304
2.44, 0.64543
2.45, 0.63776
2.46, 0.63003
2.47, 0.62223
2.48, 0.61437
2.49, 0.60645
2.5, 0.59847
2.51, 0.59043
2.52, 0.58233
2.53, 0.57417
2.54, 0.56596
2.55, 0.55768
2.56, 0.54936
2.57, 0.54097
2.58, 0.53253
2.59, 0.52404
2.6, 0.5155
2.61, 0.50691
2.62, 0.49826
2.63, 0.48957
2.64, 0.48082
2.65, 0.47203
2.66, 0.46319
2.67, 0.45431
2.68, 0.44537
2.69, 0.4364
2.7, 0.42738
2.71, 0.41832
2.72, 0.40921
2.73, 0.40007
2.74, 0.39088
2.75, 0.38166
2.76, 0.3724
2.77, 0.3631
2.78, 0.35376
2.79, 0.34439
2.8, 0.33499
2.81, 0.32555
2.82, 0.31608
2.83, 0.30657
2.84, 0.29704
2.85, 0.28748
2.86, 0.27789
2.87, 0.26827
2.88, 0.25862
2.89, 0.24895
2.9, 0.23925
2.91, 0.22953
2.92, 0.21978
2.93, 0.21002
2.94, 0.20023
2.95, 0.19042
2.96, 0.1806
2.97, 0.17075
2.98, 0.16089
2.99, 0.15101
3, 0.14112
3.01, 0.13121
3.02, 0.12129
3.03, 0.11136
3.04, 0.10142
3.05, 0.091465
3.06, 0.081502
3.07, 0.071532
3.08, 0.061554
3.09, 0.05157
3.1, 0.041581
3.11, 0.031587
3.12, 0.021591
3.13, 0.011592
3.14, 0.0015927
3.15, -0.0084072
3.16, -0.018406
3.17, -0.028404
3.18, -0.038398
3.19, -0.048388
3.2, -0.058374
3.21, -0.068354
3.22, -0.078327
3.23, -0.088292
3.24, -0.098249
3.25, -0.1082
3.26, -0.11813
3.27, -0.12805
3.28, -0.13797
3.29, -0.14786
3.3, -0.15775
3.31, -0.16761
3.32, -0.17746
3.33, -0.18729
3.34, -0.19711
3.35, -0.2069
3.36, -0.21668
3.37, -0.22643
3.38, -0.23616
3.39, -0.24586
3.4, -0.25554
3.41, -0.2652
3.42, -0.27482
3.43, -0.28443
3.44, -0.294
3.45, -0.30354
3.46, -0.31305
3.47, -0.32254
3.48, -0.33199
3.49, -0.3414
3.5, -0.35078
3.51, -0.36013
3.52, -0.36944
3.53, -0.37871
3.54, -0.38795
3.55, -0.39715
3.56, -0.40631
3.57, -0.41542
3.58, -0.4245
3.59, -0.43353
3.6, -0.44252
3.61, -0.45147
3.62, -0.46037
3.63, -0.46922
3.64, -0.47803
3.65, -0.48679
3.66, -0.4955
3.67, -0.50416
3.68, -0.51277
3.69, -0.52133
3.7, -0.52984
3.71, -0.53829
3.72, -0.54669
3.73, -0.55504
3.74, -0.56333
3.75, -0.57156
3.76, -0.57974
3.77, -0.58786
3.78, -0.59592
3.79, -0.60392
3.8, -0.61186
3.81, -0.61974
3.82, -0.62755
3.83, -0.63531
3.84, -0.643
3.85, -0.65063
3.86, -0.65819
3.87, -0.66568
3.88, -0.67311
3.89, -0.68047
3.9, -0.68777
3.91, -0.69499
3.92, -0.70215
3.93, -0.70923
3.94, -0.71625
3.95, -0.72319
3.96, -0.73006
3.97, -0.73686
3.98, -0.74358
3.99, -0.75023
4, -0.7568
4.01, -0.7633
4.02, -0.76972
4.03, -0.77607
4.04, -0.78234
4.05, -0.78853
4.06, -0.79464
4.07, -0.80067
4.08, -0.80662
4.09, -0.81249
4.1, -0.81828
4.11, -0.82398
4.12, -0.82961
4.13, -0.83515
4.14, -0.84061
4.15, -0.84598
4.16, -0.85127
4.17, -0.85648
4.18, -0.8616
4.19, -0.86663
4.2, -0.87158
4.21, -0.87643
4.22, -0.88121
4.23, -0.88589
4.24, -0.89048
4.25, -0.89499
4.26, -0.89941
4.27, -0.90373
4.28, -0.90797
4.29, -0.91211
4.3, -0.91617
4.31, -0.92013
4.32, -0.924
4.33, -0.92778
4.34, -0.93146
4.35, -0.93505
4.36, -0.93855
4.37, -0.94196
4.38, -0.94527
4.39, -0.94848
4.4, -0.9516
4.41, -0.95463
4.42, -0.95756
4.43, -0.96039
4.44, -0.96313
4.45, -0.96577
4.46, -0.96832
4.47, -0.97077
4.48, -0.97312
4.49, -0.97537
4.5, -0.97753
4.51, -0.97959
4.52, -0.98155
4.53, -0.98341
4.54, -0.98518
4.55, -0.98684
4.56, -0.98841
4.57, -0.98988
4.58, -0.99125
4.59, -0.99252
4.6, -0.99369
4.61, -0.99476
4.62, -0.99574
4.63, -0.99661
4.64, -0.99738
4.65, -0.99805
4.66, -0.99863
4.67, -0.9991
4.68, -0.99948
4.69, -0.99975
4.7, -0.99992
4.71, -1
4.72, -0.99997
4.73, -0.99984
4.74, -0.99962
4.75, -0.99929
4.76, -0.99887
4.77, -0.99834
4.78, -0.99772
4.79, -0.99699
4.8, -0.99616
4.81, -0.99524
4.82, -0.99422
4.83, -0.99309
4.84, -0.99187
4.85, -0.99055
4.86, -0.98913
4.87, -0.98761
4.88, -0.98599
4.89, -0.98427
4.9, -0.98245
4.91, -0.98054
4.92, -0.97853
4.93, -0.97642
4.94, -0.97421
4.95, -0.9719
4.96, -0.9695
4.97, -0.967
4.98, -0.96441
4.99, -0.96171
5, -0.95892
5.01, -0.95604
5.02, -0.95306
5.03, -0.94998
5.04, -0.94681
5.05, -0.94355
5.06, -0.94019
5.07, -0.93674
5.08, -0.93319
5.09, -0.92955
5.1, -0.92581
5.11, -0.92199
5.12, -0.91807
5.13, -0.91406
5.14, -0.90996
5.15, -0.90577
5.16, -0.90148
5.17, -0.89711
5.18, -0.89265
5.19, -0.8881
5.2, -0.88345
5.21, -0.87873
5.22, -0.87391
5.23, -0.869
5.24, -0.86401
5.25, -0.85893
5.26, -0.85377
5.27, -0.84852
5.28, -0.84319
5.29, -0.83777
5.3, -0.83227
5.31, -0.82668
5.32, -0.82101
5.33, -0.81526
5.34, -0.80943
5.35, -0.80352
5.36, -0.79753
5.37, -0.79145
5.38, -0.7853
5.39, -0.77907
5.4, -0.77276
5.41, -0.76638
5.42, -0.75992
5.43, -0.75338
5.44, -0.74677
5.45, -0.74008
5.46, -0.73332
5.47, -0.72648
5.48, -0.71957
5.49, -0.71259
5.5, -0.70554
5.51, -0.69842
5.52, -0.69123
5.53, -0.68397
5.54, -0.67664
5.55, -0.66924
5.56, -0.66178
5.57, -0.65425
5.58, -0.64665
5.59, -0.63899
5.6, -0.63127
5.61, -0.62348
5.62, -0.61563
5.63, -0.60772
5.64, -0.59975
5.65, -0.59172
5.66, -0.58362
5.67, -0.57548
5.68, -0.56727
5.69, -0.559
5.7, -0.55069
5.71, -0.54231
5.72, -0.53388
5.73, -0.5254
5.74, -0.51687
5.75, -0.50828
5.76, -0.49964
5.77, -0.49095
5.78, -0.48222
5.79, -0.47343
5.8, -0.4646
5.81, -0.45572
5.82, -0.4468
5.83, -0.43783
5.84, -0.42882
5.85, -0.41976
5.86, -0.41067
5.87, -0.40153
5.88, -0.39235
5.89, -0.38313
5.9, -0.37388
5.91, -0.36458
5.92, -0.35525
5.93, -0.34589
5.94, -0.33649
5.95, -0.32705
5.96, -0.31759
5.97, -0.30809
5.98, -0.29856
5.99, -0.289
6, -0.27942
6.01, -0.2698
6.02, -0.26016
6.03, -0.25049
6.04, -0.2408
6.05, -0.23108
6.06, -0.22134
6.07, -0.21157
6.08, -0.20179
6.09, -0.19199
6.1, -0.18216
6.11, -0.17232
6.12, -0.16246
6.13, -0.15259
6.14, -0.1427
6.15, -0.13279
6.16, -0.12287
6.17, -0.11294
6.18, -0.103
6.19, -0.093051
6.2, -0.083089
6.21, -0.07312
6.22, -0.063143
6.23, -0.05316
6.24, -0.043172
6.25, -0.033179
6.26, -0.023183
6.27, -0.013185
6.28, -0.0031853
ENDTABLE

LOG_ENTRY Used Dataset: Calculator: Symbolic; { Sine and Cosine } Sine Wave: Stop = 6.28, Step = 0.01
#Library : Calculator: Symbolic
#DataSet : Sine Wave: Stop = 6.28, Step = 0.01
#Category: Sine and Cosine
#FileID  : Calc_3f0daa0e-fd38-4c37-b257-c493a173be10
#Product : TruckSim 2020.1
#VehCode Calculator

END
