PARSFILE
#FullDataName Calculator: Symbolic`Cos Wave`Sine and Cosine
#RingCtrl0 1
#RingCtrl1 5
#RingCtrl2 5
#RadioCtrl0 0    

*START 0
*STOP 6.35
*STEP 0.1
*X S
*Y COS(S)-1

#DiagramOne0
CALCULATOR_TABLE
0, 0
0.1, -0.004995834722
0.2, -0.01993342216
0.3, -0.04466351087
0.4, -0.078939006
0.5, -0.1224174381
0.6, -0.1746643851
0.7, -0.2351578127
0.8, -0.3032932907
0.9, -0.3783900317
1, -0.4596976941
1.1, -0.5464038786
1.2, -0.6376422455
1.3, -0.7325011714
1.4, -0.8300328571
1.5, -0.9292627983
1.6, -1.029199522
1.7, -1.128844494
1.8, -1.227202095
1.9, -1.323289567
2, -1.416146837
2.1, -1.504846105
2.2, -1.588501117
2.3, -1.666276021
2.4, -1.737393716
2.5, -1.801143616
2.6, -1.856888753
2.7, -1.904072142
2.8, -1.942222341
2.9, -1.970958165
3, -1.989992497
3.1, -1.99913515
3.2, -1.998294776
3.3, -1.98747977
3.4, -1.966798193
3.5, -1.936456687
3.6, -1.896758416
3.7, -1.848100032
3.8, -1.790967712
3.9, -1.725932304
4, -1.653643621
4.1, -1.574823947
4.2, -1.490260821
4.3, -1.400799172
4.4, -1.30733287
4.5, -1.210795799
4.6, -1.112152527
4.7, -1.012388663
4.8, -0.9125010166
4.9, -0.8134876306
5, -0.7163378145
5.1, -0.6220222573
5.2, -0.5314833287
5.3, -0.4456256638
5.4, -0.3653071241
5.5, -0.2913302257
5.6, -0.2244341215
5.7, -0.1652872152
5.8, -0.1144804831
5.9, -0.07252156926
6, -0.03982971335
6.1, -0.01673156156
6.2, -0.003457902977
6.3, -0.0001413636166
ENDTABLE

LOG_ENTRY Used Dataset: Calculator: Symbolic; { Sine and Cosine } Cos Wave
#Library : Calculator: Symbolic
#DataSet : Cos Wave
#Category: Sine and Cosine
#FileID  : Calc_3982bc16-9d83-4f1f-ad3b-af45cc5abd00
#Product : TruckSim 2020.1
#VehCode Calculator

END
