PARSFILE
#FullDataName Calculator: Symbolic`Figure 8`
#RingCtrl0 1
#RingCtrl1 5
#RingCtrl2 5
#RadioCtrl0 0    

*START 0
*STOP 10
*STEP 0.1
*X SIN(S)
*Y SIN(S) * COS(S)

#DiagramOne0
CALCULATOR_TABLE
0, 0
0.09983341665, 0.0993346654
0.1986693308, 0.1947091712
0.2955202067, 0.2823212367
0.3894183423, 0.3586780454
0.4794255386, 0.4207354924
0.5646424734, 0.466019543
0.6442176872, 0.492724865
0.7173560909, 0.4997868015
0.7833269096, 0.4869238154
0.8414709848, 0.4546487134
0.8912073601, 0.4042482019
0.932039086, 0.3377315903
0.9635581854, 0.2577506859
0.98544973, 0.1674940751
0.9974949866, 0.07056000403
0.999573603, -0.02918707171
0.9916648105, -0.127770551
0.9738476309, -0.2212602216
0.9463000877, -0.3059289455
0.9092974268, -0.3784012477
0.8632093666, -0.4357878862
0.8084964038, -0.4758010369
0.7457052122, -0.4968455018
0.6754631806, -0.4980823044
0.5984721441, -0.4794621373
0.5155013718, -0.4417273279
0.4273798802, -0.3863822438
0.3349881502, -0.3156333189
0.2392493292, -0.2323010897
0.1411200081, -0.1397077491
0.04158066243, -0.04154470141
-0.05837414343, 0.05827460243
-0.1577456941, 0.1557706818
-0.255541102, 0.2470566756
-0.3507832277, 0.3284932994
-0.4425204433, 0.3968339319
-0.5298361409, 0.4493540479
-0.6118578909, 0.483959836
-0.6877661592, 0.4992716727
-0.7568024953, 0.4946791233
-0.8182771111, 0.4703652783
-0.8715757724, 0.427299454
-0.9161659367, 0.3671985489
-0.9516020739, 0.2924585964
-0.9775301177, 0.2060592426
-0.9936910036, 0.1114449571
-0.9999232576, 0.01238771273
-0.9961646088, -0.08716339061
-0.9824526126, -0.1832395646
-0.9589242747, -0.2720105554
-0.9258146823, -0.3499373438
-0.8834546557, -0.4139132345
-0.8322674422, -0.4613877108
-0.7727644876, -0.490468115
-0.7055403256, -0.4999951033
-0.6312666379, -0.4895888646
-0.5506855426, -0.4596642628
-0.4646021794, -0.4114142975
-0.3738766648, -0.3467625424
-0.2794154982, -0.268286459
-0.1821625043, -0.1791146411
-0.08308940282, -0.08280208772
0.01681390048, 0.01681152361
0.1165492049, 0.1157549126
0.2151199881, 0.2100835184
0.3115413635, 0.2960367574
0.4048499206, 0.370187945
0.4941133511, 0.4295809074
0.5784397644, 0.4718478347
0.6569865987, 0.4953036778
0.7289690401, 0.4990133264
0.7936678638, 0.4828288883
0.8504366206, 0.4473955861
0.8987080958, 0.3941260337
0.9379999768, 0.3251439201
0.967919672, 0.2431993444
0.9881682339, 0.1515591784
0.9985433454, 0.05387682615
0.9989413418, -0.04595342511
0.9893582466, -0.1439516583
0.9698898108, -0.2362109932
0.9407305567, -0.3190533412
0.9021718338, -0.3891760393
0.8545989081, -0.4437835168
0.7984871126, -0.4806987459
0.7343970979, -0.498450033
0.6629692301, -0.4963296902
0.5849171929, -0.474422249
0.5010208565, -0.4336010897
0.4121184852, -0.3754936234
0.3190983623, -0.3024164112
0.2228899141, -0.217282811
0.1244544235, -0.1234868309
0.02477542545, -0.02476782044
-0.07515112046, 0.07493860483
-0.1743267812, 0.1716574644
-0.2717606264, 0.2615328826
-0.3664791293, 0.34098181
-0.4575358938, 0.4068368688
-0.5440211109, 0.4564726254
ENDTABLE

LOG_ENTRY Used Dataset: Calculator: Symbolic; Figure 8
#Library : Calculator: Symbolic
#DataSet : Figure 8
#Category: 
#FileID  : Calc_8b7bd18a-b394-4a26-b2a6-c810fe2709b2
#Product : TruckSim 2020.1
#VehCode Calculator

END
