PARSFILE
#FullDataName Suspension: Longitudinal Movement`Tour Bus - Steer Axle`Tour Bus
#CheckBox0 0    

#RingCtrl0 SPLINE
#RingCtrl1 CONSTANT
#RingCtrl2 ADD
SUSP_X_COMBINE ADD
*SCALAR2 0

#DiagramOne0
SUSP_X_TABLE SPLINE
-99, 14.11476
-96, 13.54866
-93, 13.0203
-90, 12.4542
-87, 11.92584
-84, 11.39748
-81, 10.86912
-78, 10.3785
-75, 9.88788
-72, 9.39726
-69, 8.90664
-66, 8.41602
-63, 7.96314
-60, 7.47252
-57, 7.01964
-54, 6.6045
-51, 6.15162
-48, 5.73648
-45, 5.32134
-42, 4.9062
-39, 4.49106
-36, 4.11366
-33, 3.69852
-30, 3.32112
-27, 2.94372
-24, 2.60406
-21, 2.2644
-18, 1.887
-15, 1.54734
-12, 1.24542
-9, 0.90576
-6, 0.60384
-3, 0.30192
0, 0
3, -0.30192
6, -0.5661
9, -0.83028
12, -1.09446
15, -1.35864
18, -1.58508
21, -1.84926
24, -2.0757
27, -2.30214
30, -2.49084
33, -2.71728
36, -2.90598
39, -3.09468
42, -3.28338
45, -3.43434
48, -3.62304
51, -3.774
54, -3.92496
57, -4.03818
60, -4.18914
63, -4.30236
66, -4.41558
69, -4.5288
72, -4.60428
75, -4.67976
78, -4.79298
81, -4.83072
84, -4.9062
87, -4.98168
90, -5.01942
93, -5.05716
96, -5.05716
99, -5.0949
102, -5.0949
ENDTABLE
SUSP_X_JNC_OTHER_SIDE_CONSTANT 0
#RadioCtrl0 0    
#RadioCtrl1 0    

#DiagramOne0
SUSP_X_AXLE_TABLE SPLINE
-99, 14.11476
-96, 13.54866
-93, 13.0203
-90, 12.4542
-87, 11.92584
-84, 11.39748
-81, 10.86912
-78, 10.3785
-75, 9.88788
-72, 9.39726
-69, 8.90664
-66, 8.41602
-63, 7.96314
-60, 7.47252
-57, 7.01964
-54, 6.6045
-51, 6.15162
-48, 5.73648
-45, 5.32134
-42, 4.9062
-39, 4.49106
-36, 4.11366
-33, 3.69852
-30, 3.32112
-27, 2.94372
-24, 2.60406
-21, 2.2644
-18, 1.887
-15, 1.54734
-12, 1.24542
-9, 0.90576
-6, 0.60384
-3, 0.30192
0, 0
3, -0.30192
6, -0.5661
9, -0.83028
12, -1.09446
15, -1.35864
18, -1.58508
21, -1.84926
24, -2.0757
27, -2.30214
30, -2.49084
33, -2.71728
36, -2.90598
39, -3.09468
42, -3.28338
45, -3.43434
48, -3.62304
51, -3.774
54, -3.92496
57, -4.03818
60, -4.18914
63, -4.30236
66, -4.41558
69, -4.5288
72, -4.60428
75, -4.67976
78, -4.79298
81, -4.83072
84, -4.9062
87, -4.98168
90, -5.01942
93, -5.05716
96, -5.05716
99, -5.0949
102, -5.0949
ENDTABLE

LOG_ENTRY Used Dataset: Suspension: Longitudinal Movement; { Tour Bus } Tour Bus - Steer Axle
#Library : Suspension: Longitudinal Movement
#DataSet : Tour Bus - Steer Axle
#Category: Tour Bus
#FileID  : SusX_6521a477-8aae-444f-934d-3d1676b6f881
#Product : TruckSim 2020.1
#VehCode Longitudinal Movement

END
