PARSFILE
#FullDataName Road: Animator Repeated Object`Autocross Course Cones #1`* * * HUR Cones
#RingCtrl0 2
#RingCtrl1 0
#DiagramOne0
*POINTS_TABLE
0, -2.5
5, -2.5
10, -2.5
15, -2.5
20, -2.5
25, -2.5
30, -2.5
35, -2.5
40, -2.5
45, -2.5
50, -2.5
55, -2.5
60, -2.5
65, -2.5
70, -2.5
75, -2.5
80, -2.5
85, -2.5
90, -2.5
95, -2.5
100, -2.5
105, -2.5
110, -2.5
115, -2.5
120, -2.5
125, -2.5
130, -2.5
135, -2.5
140, -2.5
145, -2.5
150, -2.5
155, -2.5
160, -2.5
165, -2.5
170, -2.5
175, -2.5
180, -2.5
185, -2.5
190, -2.5
195, -2.5
200, -2.5
205, -2.5
210, -2.5
215, -2.5
220, -2.5
225, -2.5
230, -2.5
235, -2.5
240, -2.5
245, -2.5
250, -2.5
255, -2.5
260, -2.5
265, -2.5
270, -2.5
275, -2.5
280, -2.5
285, -2.5
290, -2.5
295, -2.5
300, -2.5
305, -2.5
310, -2.5
315, -2.5
320, -2.5
325, -2.5
330, -2.5
335, -2.5
340, -2.5
345, -2.5
350, -2.5
355, -2.5
360, -2.5
365, -2.5
370, -2.5
375, -2.5
380, -2.5
385, -2.5
390, -2.5
395, -2.5
400, -2.5
405, -2.5
410, -2.5
415, -2.5
420, -2.5
425, -2.5
430, -2.5
435, -2.5
440, -2.5
445, -2.5
450, -2.5
455, -2.5
460, -2.5
465, -2.5
470, -2.5
475, -2.5
480, -2.5
485, -2.5
490, -2.5
495, -2.5
500, -2.5
505, -2.5
510, -2.5
515, -2.5
520, -2.5
525, -2.5
530, -2.5
535, -2.5
540, -2.5
545, -2.5
550, -2.5
555, -2.5
560, -2.5
565, -2.5
570, -2.5
575, -2.5
580, -2.5
585, -2.5
590, -2.5
595, -2.5
600, -2.5
605, -2.5
610, -2.5
615, -2.5
620, -2.5
625, -2.5
630, -2.5
635, -2.5
640, -2.5
645, -2.5
650, -2.5
655, -2.5
660, -2.5
665, -2.5
670, -2.5
675, -2.5
680, -2.5
685, -2.5
690, -2.5
695, -2.5
700, -2.5
705, -2.5
710, -2.5
715, -2.5
720, -2.5
725, -2.5
730, -2.5
735, -2.5
740, -2.5
745, -2.5
750, -2.5
755, -2.5
760, -2.5
765, -2.5
770, -2.5
775, -2.5
780, -2.5
785, -2.5
790, -2.5
795, -2.5
800, -2.5
805, -2.5
810, -2.5
815, -2.5
820, -2.5
825, -2.5
830, -2.5
835, -2.5
840, -2.5
845, -2.5
850, -2.5
855, -2.5
860, -2.5
865, -2.5
870, -2.5
875, -2.5
880, -2.5
885, -2.5
890, -2.5
895, -2.5
900, -2.5
905, -2.5
910, -2.5
915, -2.5
920, -2.5
925, -2.5
930, -2.5
935, -2.5
940, -2.5
945, -2.5
950, -2.5
955, -2.5
960, -2.5
965, -2.5
970, -2.5
975, -2.5
980, -2.5
985, -2.5
990, -2.5
995, -2.5
1000, -2.5
1005, -2.5
1010, -2.5
1015, -2.5
1020, -2.5
1025, -2.5
1030, -2.5
1035, -2.5
1040, -2.5
1045, -2.5
1050, -2.5
1055, -2.5
1060, -2.5
1065, -2.5
1070, -2.5
1075, -2.5
1080, -2.5
1085, -2.5
1090, -2.5
1095, -2.5
1100, -2.5
1105, -2.5
1110, -2.5
1115, -2.5
1120, -2.5
1125, -2.5
1130, -2.5
1135, -2.5
1140, -2.5
1145, -2.5
1150, -2.5
1155, -2.5
1160, -2.5
1165, -2.5
1170, -2.5
1175, -2.5
1180, -2.5
1185, -2.5
1190, -2.5
1195, -2.5
1200, -2.5
1205, -2.5
1210, -2.5
1215, -2.5
1220, -2.5
1225, -2.5
0, 2.5
5, 2.5
10, 2.5
15, 2.5
20, 2.5
25, 2.5
30, 2.5
35, 2.5
40, 2.5
45, 2.5
50, 2.5
55, 2.5
60, 2.5
65, 2.5
70, 2.5
75, 2.5
80, 2.5
85, 2.5
90, 2.5
95, 2.5
100, 2.5
105, 2.5
110, 2.5
115, 2.5
120, 2.5
125, 2.5
130, 2.5
135, 2.5
140, 2.5
145, 2.5
150, 2.5
155, 2.5
160, 2.5
165, 2.5
170, 2.5
175, 2.5
180, 2.5
185, 2.5
190, 2.5
195, 2.5
200, 2.5
205, 2.5
210, 2.5
215, 2.5
220, 2.5
225, 2.5
230, 2.5
235, 2.5
240, 2.5
245, 2.5
250, 2.5
255, 2.5
260, 2.5
265, 2.5
270, 2.5
275, 2.5
280, 2.5
285, 2.5
290, 2.5
295, 2.5
300, 2.5
305, 2.5
310, 2.5
315, 2.5
320, 2.5
325, 2.5
330, 2.5
335, 2.5
340, 2.5
345, 2.5
350, 2.5
355, 2.5
360, 2.5
365, 2.5
370, 2.5
375, 2.5
380, 2.5
385, 2.5
390, 2.5
395, 2.5
400, 2.5
405, 2.5
410, 2.5
415, 2.5
420, 2.5
425, 2.5
430, 2.5
435, 2.5
440, 2.5
445, 2.5
450, 2.5
455, 2.5
460, 2.5
465, 2.5
470, 2.5
475, 2.5
480, 2.5
485, 2.5
490, 2.5
495, 2.5
500, 2.5
505, 2.5
510, 2.5
515, 2.5
520, 2.5
525, 2.5
530, 2.5
535, 2.5
540, 2.5
545, 2.5
550, 2.5
555, 2.5
560, 2.5
565, 2.5
570, 2.5
575, 2.5
580, 2.5
585, 2.5
590, 2.5
595, 2.5
600, 2.5
605, 2.5
610, 2.5
615, 2.5
620, 2.5
625, 2.5
630, 2.5
635, 2.5
640, 2.5
645, 2.5
650, 2.5
655, 2.5
660, 2.5
665, 2.5
670, 2.5
675, 2.5
680, 2.5
685, 2.5
690, 2.5
695, 2.5
700, 2.5
705, 2.5
710, 2.5
715, 2.5
720, 2.5
725, 2.5
730, 2.5
735, 2.5
740, 2.5
745, 2.5
750, 2.5
755, 2.5
760, 2.5
765, 2.5
770, 2.5
775, 2.5
780, 2.5
785, 2.5
790, 2.5
795, 2.5
800, 2.5
805, 2.5
810, 2.5
815, 2.5
820, 2.5
825, 2.5
830, 2.5
835, 2.5
840, 2.5
845, 2.5
850, 2.5
855, 2.5
860, 2.5
865, 2.5
870, 2.5
875, 2.5
880, 2.5
885, 2.5
890, 2.5
895, 2.5
900, 2.5
905, 2.5
910, 2.5
915, 2.5
920, 2.5
925, 2.5
930, 2.5
935, 2.5
940, 2.5
945, 2.5
950, 2.5
955, 2.5
960, 2.5
965, 2.5
970, 2.5
975, 2.5
980, 2.5
985, 2.5
990, 2.5
995, 2.5
1000, 2.5
1005, 2.5
1010, 2.5
1015, 2.5
1020, 2.5
1025, 2.5
1030, 2.5
1035, 2.5
1040, 2.5
1045, 2.5
1050, 2.5
1055, 2.5
1060, 2.5
1065, 2.5
1070, 2.5
1075, 2.5
1080, 2.5
1085, 2.5
1090, 2.5
1095, 2.5
1100, 2.5
1105, 2.5
1110, 2.5
1115, 2.5
1120, 2.5
1125, 2.5
1130, 2.5
1135, 2.5
1140, 2.5
1145, 2.5
1150, 2.5
1155, 2.5
1160, 2.5
1165, 2.5
1170, 2.5
1175, 2.5
1180, 2.5
1185, 2.5
1190, 2.5
1195, 2.5
1200, 2.5
1205, 2.5
1210, 2.5
1215, 2.5
1220, 2.5
1225, 2.5
ENDTABLE
#RadioCtrl0 0    

#CheckBox0 0    



SPECIAL_PARSFILE Animator\STL\Shape_779f3bdc-916c-4cf1-af00-e21db3ccca79.par
#BlueLink0 Animator: Shape File Link`Traffic Cone` Mech. Sim. FSAE: Shape Files` , 3D Object`Shape_779f3bdc-916c-4cf1-af00-e21db3ccca79


LOG_ENTRY Used Dataset: Road: Animator Repeated Object; { * * * HUR Cones } Autocross Course Cones #1
#Library : Road: Animator Repeated Object
#DataSet : Autocross Course Cones #1
#Category: * * * HUR Cones
#FileID  : AniRep_abb798d9-4585-448e-b597-84a853e68c20
#Product : CarSim 2020.0
#VehCode Repeated Object

END
