PARSFILE
#FullDataName Road: Animator Repeated Object`Autocross Course Cones #2`* * * HUR Cones
#RingCtrl0 2
#RingCtrl1 0
#DiagramOne0
*POINTS_TABLE
0, -2.5
5, -2.5
10, -2.5
15, -2.5
20, -2.5
25, -2.5
30, -2.5
35, -2.5
40, -2.5
45, -2.5
50, -2.5
55, -2.5
60, -2.5
65, -2.5
70, -2.5
75, -2.5
80, -2.5
85, -2.5
90, -2.5
95, -2.5
100, -2.5
105, -2.5
110, -2.5
115, -2.5
120, -2.5
125, -2.5
130, -2.5
135, -2.5
140, -2.5
145, -2.5
150, -2.5
155, -2.5
160, -2.5
165, -2.5
170, -2.5
175, -2.5
180, -2.5
185, -2.5
190, -2.5
195, -2.5
200, -2.5
205, -2.5
210, -2.5
215, -2.5
220, -2.5
225, -2.5
230, -2.5
235, -2.5
240, -2.5
245, -2.5
250, -2.5
255, -2.5
260, -2.5
265, -2.5
270, -2.5
275, -2.5
280, -2.5
285, -2.5
290, -2.5
295, -2.5
300, -2.5
305, -2.5
310, -2.5
315, -2.5
320, -2.5
325, -2.5
330, -2.5
335, -2.5
340, -2.5
345, -2.5
350, -2.5
355, -2.5
360, -2.5
365, -2.5
370, -2.5
375, -2.5
380, -2.5
385, -2.5
390, -2.5
395, -2.5
400, -2.5
405, -2.5
410, -2.5
415, -2.5
420, -2.5
425, -2.5
430, -2.5
435, -2.5
440, -2.5
445, -2.5
450, -2.5
455, -2.5
460, -2.5
465, -2.5
470, -2.5
475, -2.5
480, -2.5
485, -2.5
490, -2.5
495, -2.5
500, -2.5
505, -2.5
510, -2.5
515, -2.5
520, -2.5
525, -2.5
530, -2.5
535, -2.5
540, -2.5
545, -2.5
550, -2.5
555, -2.5
560, -2.5
565, -2.5
570, -2.5
575, -2.5
580, -2.5
585, -2.5
590, -2.5
595, -2.5
600, -2.5
605, -2.5
610, -2.5
615, -2.5
620, -2.5
625, -2.5
630, -2.5
635, -2.5
640, -2.5
645, -2.5
650, -2.5
655, -2.5
660, -2.5
665, -2.5
670, -2.5
675, -2.5
680, -2.5
685, -2.5
690, -2.5
695, -2.5
700, -2.5
705, -2.5
710, -2.5
715, -2.5
720, -2.5
725, -2.5
730, -2.5
735, -2.5
740, -2.5
745, -2.5
750, -2.5
755, -2.5
760, -2.5
765, -2.5
0, 2.5
5, 2.5
10, 2.5
15, 2.5
20, 2.5
25, 2.5
30, 2.5
35, 2.5
40, 2.5
45, 2.5
50, 2.5
55, 2.5
60, 2.5
65, 2.5
70, 2.5
75, 2.5
80, 2.5
85, 2.5
90, 2.5
95, 2.5
100, 2.5
105, 2.5
110, 2.5
115, 2.5
120, 2.5
125, 2.5
130, 2.5
135, 2.5
140, 2.5
145, 2.5
150, 2.5
155, 2.5
160, 2.5
165, 2.5
170, 2.5
175, 2.5
180, 2.5
185, 2.5
190, 2.5
195, 2.5
200, 2.5
205, 2.5
210, 2.5
215, 2.5
220, 2.5
225, 2.5
230, 2.5
235, 2.5
240, 2.5
245, 2.5
250, 2.5
255, 2.5
260, 2.5
265, 2.5
270, 2.5
275, 2.5
280, 2.5
285, 2.5
290, 2.5
295, 2.5
300, 2.5
305, 2.5
310, 2.5
315, 2.5
320, 2.5
325, 2.5
330, 2.5
335, 2.5
340, 2.5
345, 2.5
350, 2.5
355, 2.5
360, 2.5
365, 2.5
370, 2.5
375, 2.5
380, 2.5
385, 2.5
390, 2.5
395, 2.5
400, 2.5
405, 2.5
410, 2.5
415, 2.5
420, 2.5
425, 2.5
430, 2.5
435, 2.5
440, 2.5
445, 2.5
450, 2.5
455, 2.5
460, 2.5
465, 2.5
470, 2.5
475, 2.5
480, 2.5
485, 2.5
490, 2.5
495, 2.5
500, 2.5
505, 2.5
510, 2.5
515, 2.5
520, 2.5
525, 2.5
530, 2.5
535, 2.5
540, 2.5
545, 2.5
550, 2.5
555, 2.5
560, 2.5
565, 2.5
570, 2.5
575, 2.5
580, 2.5
585, 2.5
590, 2.5
595, 2.5
600, 2.5
605, 2.5
610, 2.5
615, 2.5
620, 2.5
625, 2.5
630, 2.5
635, 2.5
640, 2.5
645, 2.5
650, 2.5
655, 2.5
660, 2.5
665, 2.5
670, 2.5
675, 2.5
680, 2.5
685, 2.5
690, 2.5
695, 2.5
700, 2.5
705, 2.5
710, 2.5
715, 2.5
720, 2.5
725, 2.5
730, 2.5
735, 2.5
740, 2.5
745, 2.5
750, 2.5
755, 2.5
760, 2.5
765, 2.5
ENDTABLE
#RadioCtrl0 0    

#CheckBox0 0    



SPECIAL_PARSFILE Animator\STL\Shape_779f3bdc-916c-4cf1-af00-e21db3ccca79.par
#BlueLink0 Animator: Shape File Link`Traffic Cone` Mech. Sim. FSAE: Shape Files` , 3D Object`Shape_779f3bdc-916c-4cf1-af00-e21db3ccca79


LOG_ENTRY Used Dataset: Road: Animator Repeated Object; { * * * HUR Cones } Autocross Course Cones #2
#Library : Road: Animator Repeated Object
#DataSet : Autocross Course Cones #2
#Category: * * * HUR Cones
#FileID  : AniRep_cd942b90-8421-48c5-a8b5-73b632d56061
#Product : CarSim 2020.0
#VehCode Repeated Object

END
