PARSFILE
#FullDataName Polygonal Shape Coordinates`Left Wall: Second Segment`6-Lane Highway
SET_IPOLYGON_FOR_ID 0
#DiagramOne0
POLY_SHAPE_TABLE
435, 16.41
440, 16.41
445, 16.41
450, 16.41
455, 16.41
460, 16.41
465, 16.41
470, 16.41
475, 16.41
480, 16.41
485, 16.41
490, 16.41
495, 16.41
500, 16.41
505, 16.41
510, 16.41
515, 16.41
520, 16.41
525, 16.41
530, 16.41
535, 16.41
540, 16.41
545, 16.41
550, 16.41
555, 16.41
560, 16.41
565, 16.41
570, 16.41
575, 16.41
580, 16.41
585, 16.41
590, 16.41
595, 16.41
600, 16.41
605, 16.41
610, 16.41
615, 16.41
620, 16.41
625, 16.41
630, 16.41
635, 16.41
640, 16.41
645, 16.41
650, 16.41
655, 16.41
660, 16.41
665, 16.41
670, 16.41
675, 16.41
680, 16.41
685, 16.41
690, 16.41
695, 16.41
700, 16.41
705, 16.41
710, 16.41
715, 16.41
720, 16.41
725, 16.41
730, 16.41
735, 16.41
740, 16.41
745, 16.41
750, 16.41
755, 16.41
760, 16.41
765, 16.41
770, 16.41
775, 16.41
780, 16.41
785, 16.41
790, 16.41
795, 16.41
800, 16.41
805, 16.41
810, 16.41
815, 16.41
820, 16.41
825, 16.41
830, 16.41
835, 16.41
840, 16.41
845, 16.41
850, 16.41
855, 16.41
860, 16.41
865, 16.41
870, 16.41
875, 16.41
880, 16.41
885, 16.41
890, 16.41
895, 16.41
900, 16.41
905, 16.41
910, 16.41
915, 16.41
920, 16.41
925, 16.41
930, 16.41
935, 16.41
940, 16.41
945, 16.41
950, 16.41
955, 16.41
960, 16.41
965, 16.41
970, 16.41
975, 16.41
980, 16.41
985, 16.41
990, 16.41
995, 16.41
1000, 16.41
ENDTABLE
#RadioCtrl0 0    


LOG_ENTRY Used Dataset: Polygonal Shape Coordinates; { 6-Lane Highway } Left Wall: Second Segment
#Library : Polygonal Shape Coordinates
#DataSet : Left Wall: Second Segment
#Category: 6-Lane Highway
#FileID  : poly_b23cd0ec-ab10-411b-a6db-39b60b1f328f
#Product : TruckSim 2020.1
#VehCode Polygonal Coordinates

END
