PARSFILE
#FullDataName Path: X-Y Coordinates for Segment`Clothoid w/ Negative Curvature`Clothoid Tables
#RingCtrl0 1
DEFINE_XY_TABLES 1
ITAB_XY = NTAB_XY
XY_TABLE_ID = ITAB_XY
SET_DESCRIPTION XY_TABLE_ID Clothoid w/ Negative Curvature
XY_SEGMENT_ID = XY_TABLE_ID

#CheckBox0 0    
#CheckBox1 0    
#CheckBox3 0    

#RadioCtrl0 0    

#DiagramOne0
SEGMENT_XY_TABLE
0.0000, 0.0000, 0.0000
1.5000, 0.0000, 1.5000
3.0000, -0.0001, 3.0000
4.5000, -0.0004, 4.5000
6.0000, -0.0009, 6.0000
7.5000, -0.0018, 7.5000
9.0000, -0.0030, 9.0000
10.5000, -0.0048, 10.5000
12.0000, -0.0072, 12.0000
13.5000, -0.0103, 13.5000
15.0000, -0.0141, 15.0000
16.5000, -0.0187, 16.5000
18.0000, -0.0243, 18.0000
19.5000, -0.0309, 19.5000
20.9999, -0.0386, 21.0000
22.4999, -0.0475, 22.5000
23.9999, -0.0576, 24.0000
25.4998, -0.0691, 25.5000
26.9998, -0.0820, 27.0000
28.4997, -0.0965, 28.5000
29.9996, -0.1125, 30.0000
31.4995, -0.1302, 31.5000
32.9994, -0.1497, 33.0000
34.4992, -0.1711, 34.5000
35.9991, -0.1944, 36.0000
37.4988, -0.2197, 37.5000
38.9986, -0.2472, 39.0000
40.4983, -0.2768, 40.5000
41.9980, -0.3087, 42.0000
43.4976, -0.3430, 43.5000
44.9971, -0.3797, 45.0000
46.4966, -0.4189, 46.5000
47.9960, -0.4608, 48.0000
49.4954, -0.5053, 49.5000
50.9946, -0.5527, 51.0000
52.4938, -0.6029, 52.5000
53.9928, -0.6560, 54.0000
55.4918, -0.7122, 55.5000
56.9906, -0.7715, 57.0000
58.4893, -0.8341, 58.5000
59.9879, -0.8999, 60.0000
61.4863, -0.9690, 61.5000
62.9845, -1.0417, 63.0000
64.4826, -1.1179, 64.5000
65.9804, -1.1977, 66.0000
67.4781, -1.2812, 67.5000
68.9756, -1.3684, 69.0000
70.4728, -1.4596, 70.5000
71.9698, -1.5547, 72.0000
73.4665, -1.6539, 73.5000
74.9629, -1.7572, 75.0000
76.4591, -1.8647, 76.5000
77.9549, -1.9765, 78.0000
79.4504, -2.0926, 79.5000
80.9455, -2.2133, 81.0000
82.4403, -2.3384, 82.5000
83.9347, -2.4682, 84.0000
85.4286, -2.6027, 85.5000
86.9222, -2.7420, 87.0000
88.4152, -2.8862, 88.5000
89.9078, -3.0353, 90.0000
91.3998, -3.1894, 91.4999
92.8914, -3.3487, 93.0000
94.3823, -3.5132, 94.5000
95.8727, -3.6829, 96.0000
97.3624, -3.8580, 97.5000
98.8515, -4.0386, 99.0000
100.3400, -4.2247, 100.5001
101.8280, -4.4164, 102.0004
103.3150, -4.6137, 103.5004
104.8010, -4.8169, 105.0002
106.2860, -5.0259, 106.4999
107.7710, -5.2408, 108.0003
109.2540, -5.4618, 109.4997
110.7370, -5.6888, 111.0000
112.2190, -5.9220, 112.5002
113.7000, -6.1615, 114.0004
115.1790, -6.4073, 115.4997
116.6580, -6.6594, 117.0001
118.1350, -6.9181, 118.4996
119.6120, -7.1833, 120.0002
121.0870, -7.4552, 121.5000
122.5610, -7.7338, 123.0001
124.0330, -8.0192, 124.4995
125.5050, -8.3115, 126.0003
126.9750, -8.6107, 127.5004
128.4430, -8.9169, 129.0000
129.9100, -9.2303, 130.5001
131.3750, -9.5508, 131.9998
132.8390, -9.8785, 133.5000
134.3010, -10.2136, 134.9999
135.7610, -10.5561, 136.4995
137.2200, -10.9061, 137.9999
138.6770, -11.2636, 139.5001
140.1320, -11.6287, 141.0003
141.5850, -12.0015, 142.5003
143.0360, -12.3820, 144.0004
144.4840, -12.7704, 145.4996
145.9310, -13.1667, 146.9999
147.3760, -13.5710, 148.5003
148.8180, -13.9832, 150.0001
150.2580, -14.4036, 151.5002
151.6950, -14.8322, 152.9998
153.1300, -15.2690, 154.4998
154.5630, -15.7142, 156.0003
155.9920, -16.1676, 157.4995
157.4190, -16.6296, 158.9995
158.8440, -17.1000, 160.5001
160.2650, -17.5790, 161.9997
161.6840, -18.0666, 163.5001
163.0990, -18.5629, 164.9996
164.5120, -19.0680, 166.5002
165.9210, -19.5818, 167.9999
167.3270, -20.1046, 169.5000
168.7300, -20.6362, 171.0003
170.1290, -21.1769, 172.5002
171.5240, -21.7266, 173.9996
172.9160, -22.2853, 175.4995
174.3050, -22.8533, 177.0002
175.6890, -23.4304, 178.4997
177.0700, -24.0168, 180.0000
178.4470, -24.6125, 181.5003
179.8190, -25.2175, 182.9998
181.1870, -25.8320, 184.4995
182.5520, -26.4559, 186.0003
183.9110, -27.0893, 187.4997
185.2660, -27.7322, 188.9994
186.6170, -28.3848, 190.4998
187.9630, -29.0469, 191.9998
189.3040, -29.7188, 193.4997
190.6400, -30.4003, 194.9995
191.9720, -31.0916, 196.5002
193.2980, -31.7927, 198.0002
194.6180, -32.5036, 199.4994
194.9700, -32.6949, 199.9001
195.0580, -32.7428, 200.0002
ENDTABLE

#EMBEDDED_NOTES
#Clothoid Segment w/Negative Curvature
#END_EMBEDDED_NOTES

LOG_ENTRY Used Dataset: Path: X-Y Coordinates for Segment; { Clothoid Tables } Clothoid w/ Negative Curvature
#Library : Path: X-Y Coordinates for Segment
#DataSet : Clothoid w/ Negative Curvature
#Category: Clothoid Tables
#FileID  : XYtab_3f4d4a75-e5cf-444c-bf45-055f0e4ecf9f
#Product : TruckSim 2020.1
#VehCode X-Y Coordinates of Segment

END
