PARSFILE
#FullDataName Path: X-Y Coordinates`Figure 8, 9.125 m Radius`FSAE
#RingCtrl0 1
SET_IPATH_FOR_ID 0
DEFINE_XY_TABLES 1
ITAB_XY = NTAB_XY
XY_TABLE_ID = ITAB_XY
SET_DESCRIPTION PATH_ID Figure 8, 9.125 m Radius
SET_DESCRIPTION XY_TABLE_ID Figure 8, 9.125 m Radius
IPATHSEG = 1
PATH_ID_DM = PATH_ID
SEGMENT_TYPE = 1
XY_SEGMENT_ID = XY_TABLE_ID

#CheckBox0 0    
OPT_PATH_LOOP 0
#CheckBox1 0    
#CheckBox2 0    
#CheckBox4 0    

#RadioCtrl0 0    

SPATH_START -10
#DiagramOne0
SEGMENT_XY_TABLE
-10.0000, 0.0000, -10.0000
0.0000, 0.0000, 0.0000
0.1592, -0.0014, 0.1592
0.3185, -0.0056, 0.3186
0.4776, -0.0125, 0.4778
0.6365, -0.0222, 0.6370
0.7953, -0.0347, 0.7963
0.9538, -0.0500, 0.9555
1.1121, -0.0680, 1.1149
1.2699, -0.0888, 1.2740
1.4275, -0.1123, 1.4334
1.5845, -0.1386, 1.5925
1.7411, -0.1677, 1.7518
1.8972, -0.1994, 1.9111
2.0527, -0.2339, 2.0704
2.2075, -0.2711, 2.2296
2.3617, -0.3109, 2.3889
2.5152, -0.3535, 2.5482
2.6679, -0.3987, 2.7074
2.8198, -0.4466, 2.8667
2.9708, -0.4971, 3.0259
3.1209, -0.5503, 3.1852
3.2701, -0.6061, 3.3444
3.4183, -0.6644, 3.5037
3.5654, -0.7254, 3.6629
3.7115, -0.7889, 3.8223
3.8564, -0.8549, 3.9815
4.0001, -0.9235, 4.1407
4.1427, -0.9946, 4.3001
4.2839, -1.0681, 4.4592
4.4239, -1.1441, 4.6185
4.5625, -1.2225, 4.7778
4.6997, -1.3033, 4.9370
4.8355, -1.3866, 5.0963
4.9698, -1.4721, 5.2555
5.1026, -1.5600, 5.4148
5.2339, -1.6502, 5.5741
5.3635, -1.7427, 5.7333
5.4916, -1.8374, 5.8926
5.6179, -1.9344, 6.0518
5.7425, -2.0335, 6.2110
5.8654, -2.1348, 6.3703
5.9865, -2.2383, 6.5296
6.1058, -2.3438, 6.6889
6.2232, -2.4514, 6.8481
6.3388, -2.5610, 7.0074
6.4523, -2.6726, 7.1666
6.5640, -2.7862, 7.3259
6.6736, -2.9018, 7.4852
6.7812, -3.0192, 7.6445
6.8867, -3.1385, 7.8037
6.9902, -3.2596, 7.9630
7.0915, -3.3824, 8.1222
7.1906, -3.5071, 8.2815
7.2875, -3.6334, 8.4407
7.3823, -3.7615, 8.6000
7.4748, -3.8911, 8.7593
7.5650, -4.0224, 8.9186
7.6529, -4.1552, 9.0778
7.7384, -4.2895, 9.2370
7.8217, -4.4253, 9.3963
7.9025, -4.5625, 9.5556
7.9809, -4.7011, 9.7148
8.0569, -4.8411, 9.8741
8.1304, -4.9823, 10.0333
8.2015, -5.1249, 10.1926
8.2701, -5.2686, 10.3519
8.3361, -5.4135, 10.5111
8.3996, -5.5596, 10.6704
8.4606, -5.7067, 10.8296
8.5189, -5.8549, 10.9889
8.5747, -6.0041, 11.1482
8.6279, -6.1542, 11.3074
8.6784, -6.3052, 11.4667
8.7263, -6.4571, 11.6259
8.7715, -6.6098, 11.7852
8.8141, -6.7633, 11.9445
8.8539, -6.9175, 12.1037
8.8911, -7.0723, 12.2629
8.9256, -7.2278, 12.4222
8.9573, -7.3839, 12.5815
8.9864, -7.5405, 12.7408
9.0127, -7.6975, 12.9000
9.0362, -7.8550, 13.0592
9.0570, -8.0129, 13.2185
9.0750, -8.1712, 13.3778
9.0903, -8.3297, 13.5370
9.1028, -8.4885, 13.6963
9.1125, -8.6474, 13.8555
9.1194, -8.8065, 14.0148
9.1236, -8.9657, 14.1740
9.1250, -9.1250, 14.3333
9.1236, -9.2843, 14.4926
9.1194, -9.4435, 14.6519
9.1125, -9.6026, 14.8112
9.1028, -9.7615, 14.9703
9.0903, -9.9203, 15.1296
9.0750, -10.0788, 15.2889
9.0570, -10.2371, 15.4482
9.0362, -10.3950, 15.6075
9.0127, -10.5525, 15.7667
8.9864, -10.7095, 15.9259
8.9573, -10.8661, 16.0852
8.9256, -11.0222, 16.2445
8.8911, -11.1777, 16.4037
8.8539, -11.3325, 16.5629
8.8141, -11.4867, 16.7222
8.7715, -11.6402, 16.8815
8.7263, -11.7929, 17.0408
8.6784, -11.9448, 17.2000
8.6279, -12.0958, 17.3592
8.5747, -12.2459, 17.5185
8.5189, -12.3951, 17.6778
8.4606, -12.5433, 17.8370
8.3996, -12.6904, 17.9963
8.3361, -12.8365, 18.1556
8.2701, -12.9814, 18.3148
8.2015, -13.1251, 18.4740
8.1304, -13.2677, 18.6334
8.0569, -13.4089, 18.7926
7.9809, -13.5489, 18.9519
7.9025, -13.6875, 19.1111
7.8217, -13.8247, 19.2703
7.7384, -13.9605, 19.4296
7.6529, -14.0948, 19.5889
7.5650, -14.2276, 19.7481
7.4748, -14.3589, 19.9074
7.3823, -14.4885, 20.0666
7.2875, -14.6166, 20.2260
7.1906, -14.7429, 20.3852
7.0915, -14.8676, 20.5445
6.9902, -14.9904, 20.7037
6.8867, -15.1115, 20.8630
6.7812, -15.2308, 21.0222
6.6736, -15.3482, 21.1815
6.5640, -15.4638, 21.3408
6.4523, -15.5774, 21.5001
6.3388, -15.6890, 21.6593
6.2232, -15.7986, 21.8186
6.1058, -15.9062, 21.9778
5.9865, -16.0117, 22.1371
5.8654, -16.1152, 22.2964
5.7425, -16.2165, 22.4556
5.6179, -16.3156, 22.6148
5.4916, -16.4126, 22.7741
5.3635, -16.5073, 22.9334
5.2339, -16.5998, 23.0926
5.1026, -16.6900, 23.2519
4.9698, -16.7779, 23.4112
4.8355, -16.8634, 23.5704
4.6997, -16.9467, 23.7297
4.5625, -17.0275, 23.8889
4.4239, -17.1059, 24.0481
4.2839, -17.1819, 24.2074
4.1427, -17.2554, 24.3666
4.0001, -17.3265, 24.5260
3.8564, -17.3951, 24.6852
3.7115, -17.4611, 24.8444
3.5654, -17.5246, 25.0037
3.4183, -17.5856, 25.1630
3.2701, -17.6439, 25.3222
3.1209, -17.6997, 25.4815
2.9708, -17.7529, 25.6408
2.8198, -17.8034, 25.8000
2.6679, -17.8513, 25.9593
2.5152, -17.8965, 26.1185
2.3617, -17.9391, 26.2778
2.2075, -17.9790, 26.4371
2.0527, -18.0161, 26.5963
1.8972, -18.0506, 26.7556
1.7411, -18.0823, 26.9149
1.5845, -18.1114, 27.0741
1.4275, -18.1377, 27.2333
1.2699, -18.1612, 27.3927
1.1121, -18.1820, 27.5518
0.9538, -18.2000, 27.7111
0.7953, -18.2153, 27.8704
0.6365, -18.2278, 28.0297
0.4776, -18.2375, 28.1889
0.3185, -18.2444, 28.3481
0.1592, -18.2486, 28.5075
0.0000, -18.2500, 28.6667
-0.1593, -18.2486, 28.8260
-0.3185, -18.2444, 28.9852
-0.4776, -18.2375, 29.1445
-0.6365, -18.2278, 29.3037
-0.7953, -18.2153, 29.4630
-0.9538, -18.2000, 29.6222
-1.1121, -18.1820, 29.7815
-1.2700, -18.1612, 29.9408
-1.4275, -18.1377, 30.1000
-1.5845, -18.1114, 30.2592
-1.7411, -18.0823, 30.4185
-1.8972, -18.0506, 30.5778
-2.0527, -18.0161, 30.7371
-2.2075, -17.9789, 30.8963
-2.3617, -17.9391, 31.0555
-2.5152, -17.8965, 31.2148
-2.6679, -17.8513, 31.3741
-2.8198, -17.8034, 31.5334
-2.9708, -17.7529, 31.6926
-3.1209, -17.6997, 31.8518
-3.2701, -17.6439, 32.0111
-3.4183, -17.5856, 32.1704
-3.5654, -17.5246, 32.3296
-3.7115, -17.4611, 32.4889
-3.8564, -17.3951, 32.6482
-4.0001, -17.3265, 32.8074
-4.1427, -17.2554, 32.9667
-4.2839, -17.1819, 33.1259
-4.4239, -17.1059, 33.2852
-4.5625, -17.0275, 33.4445
-4.6997, -16.9466, 33.6037
-4.8355, -16.8634, 33.7630
-4.9698, -16.7779, 33.9222
-5.1026, -16.6900, 34.0815
-5.2339, -16.5998, 34.2407
-5.3635, -16.5073, 34.4000
-5.4916, -16.4125, 34.5593
-5.6179, -16.3156, 34.7185
-5.7426, -16.2165, 34.8778
-5.8654, -16.1151, 35.0371
-5.9865, -16.0117, 35.1963
-6.1058, -15.9062, 35.3556
-6.2232, -15.7986, 35.5148
-6.3388, -15.6890, 35.6741
-6.4524, -15.5773, 35.8334
-6.5640, -15.4638, 35.9926
-6.6736, -15.3482, 36.1519
-6.7812, -15.2308, 36.3111
-6.8867, -15.1115, 36.4704
-6.9902, -14.9904, 36.6297
-7.0915, -14.8675, 36.7890
-7.1906, -14.7429, 36.9482
-7.2876, -14.6166, 37.1074
-7.3823, -14.4885, 37.2667
-7.4748, -14.3589, 37.4260
-7.5650, -14.2276, 37.5853
-7.6529, -14.0948, 37.7445
-7.7384, -13.9605, 37.9037
-7.8217, -13.8247, 38.0630
-7.9025, -13.6875, 38.2222
-7.9809, -13.5489, 38.3815
-8.0569, -13.4089, 38.5408
-8.1304, -13.2677, 38.7000
-8.2015, -13.1251, 38.8593
-8.2701, -12.9814, 39.0185
-8.3361, -12.8365, 39.1778
-8.3996, -12.6904, 39.3371
-8.4606, -12.5433, 39.4963
-8.5189, -12.3951, 39.6556
-8.5747, -12.2459, 39.8149
-8.6279, -12.0958, 39.9741
-8.6784, -11.9448, 40.1333
-8.7263, -11.7929, 40.2926
-8.7715, -11.6402, 40.4519
-8.8141, -11.4867, 40.6112
-8.8540, -11.3325, 40.7704
-8.8911, -11.1777, 40.9296
-8.9256, -11.0222, 41.0889
-8.9573, -10.8661, 41.2482
-8.9864, -10.7095, 41.4075
-9.0127, -10.5525, 41.5667
-9.0362, -10.3949, 41.7260
-9.0570, -10.2370, 41.8853
-9.0750, -10.0788, 42.0445
-9.0903, -9.9203, 42.2037
-9.1028, -9.7615, 42.3630
-9.1125, -9.6026, 42.5222
-9.1194, -9.4434, 42.6816
-9.1236, -9.2842, 42.8408
-9.1250, -9.1250, 43.0000
-9.1236, -8.9657, 43.1593
-9.1194, -8.8065, 43.3186
-9.1125, -8.6474, 43.4778
-9.1028, -8.4885, 43.6370
-9.0903, -8.3297, 43.7963
-9.0750, -8.1712, 43.9556
-9.0570, -8.0129, 44.1149
-9.0362, -7.8550, 44.2741
-9.0127, -7.6975, 44.4334
-8.9864, -7.5404, 44.5927
-8.9573, -7.3839, 44.7519
-8.9256, -7.2278, 44.9111
-8.8911, -7.0723, 45.0704
-8.8539, -6.9174, 45.2297
-8.8141, -6.7633, 45.3889
-8.7715, -6.6098, 45.5482
-8.7263, -6.4571, 45.7074
-8.6784, -6.3052, 45.8667
-8.6279, -6.1542, 46.0259
-8.5747, -6.0041, 46.1852
-8.5189, -5.8549, 46.3445
-8.4605, -5.7067, 46.5038
-8.3996, -5.5596, 46.6630
-8.3361, -5.4135, 46.8223
-8.2701, -5.2686, 46.9815
-8.2015, -5.1249, 47.1407
-8.1304, -4.9823, 47.3001
-8.0569, -4.8411, 47.4593
-7.9809, -4.7011, 47.6186
-7.9025, -4.5625, 47.7778
-7.8216, -4.4253, 47.9371
-7.7384, -4.2895, 48.0963
-7.6529, -4.1552, 48.2555
-7.5650, -4.0224, 48.4148
-7.4748, -3.8911, 48.5741
-7.3823, -3.7614, 48.7334
-7.2875, -3.6334, 48.8927
-7.1906, -3.5071, 49.0519
-7.0914, -3.3824, 49.2112
-6.9901, -3.2596, 49.3704
-6.8867, -3.1385, 49.5296
-6.7812, -3.0192, 49.6889
-6.6736, -2.9018, 49.8481
-6.5640, -2.7862, 50.0074
-6.4523, -2.6726, 50.1668
-6.3387, -2.5610, 50.3260
-6.2232, -2.4514, 50.4852
-6.1058, -2.3438, 50.6445
-5.9865, -2.2383, 50.8037
-5.8654, -2.1348, 50.9630
-5.7425, -2.0335, 51.1223
-5.6179, -1.9344, 51.2815
-5.4915, -1.8374, 51.4408
-5.3635, -1.7427, 51.6001
-5.2339, -1.6502, 51.7593
-5.1026, -1.5600, 51.9186
-4.9698, -1.4721, 52.0778
-4.8355, -1.3866, 52.2370
-4.6997, -1.3033, 52.3964
-4.5625, -1.2225, 52.5556
-4.4239, -1.1441, 52.7148
-4.2839, -1.0681, 52.8741
-4.1426, -0.9946, 53.0334
-4.0001, -0.9235, 53.1926
-3.8564, -0.8549, 53.3519
-3.7115, -0.7889, 53.5111
-3.5654, -0.7254, 53.6704
-3.4183, -0.6644, 53.8297
-3.2701, -0.6061, 53.9889
-3.1209, -0.5503, 54.1482
-2.9708, -0.4971, 54.3075
-2.8198, -0.4466, 54.4667
-2.6679, -0.3987, 54.6259
-2.5152, -0.3535, 54.7852
-2.3617, -0.3109, 54.9445
-2.2075, -0.2710, 55.1038
-2.0527, -0.2339, 55.2630
-1.8972, -0.1994, 55.4222
-1.7411, -0.1676, 55.5815
-1.5845, -0.1386, 55.7408
-1.4274, -0.1123, 55.9001
-1.2699, -0.0888, 56.0593
-1.1120, -0.0680, 56.2186
-0.9538, -0.0500, 56.3778
-0.7953, -0.0347, 56.5371
-0.6365, -0.0222, 56.6964
-0.4775, -0.0125, 56.8556
-0.3184, -0.0056, 57.0149
-0.1592, -0.0014, 57.1742
0.0000, 0.0000, 57.3334
0.1592, -0.0014, 57.4926
0.3185, -0.0056, 57.6519
0.4776, -0.0125, 57.8112
0.6365, -0.0222, 57.9704
0.7953, -0.0347, 58.1297
0.9538, -0.0500, 58.2889
1.1121, -0.0680, 58.4482
1.2699, -0.0888, 58.6074
1.4275, -0.1123, 58.7667
1.5845, -0.1386, 58.9259
1.7411, -0.1677, 59.0852
1.8972, -0.1994, 59.2445
2.0527, -0.2339, 59.4038
2.2075, -0.2711, 59.5630
2.3617, -0.3109, 59.7222
2.5152, -0.3535, 59.8815
2.6679, -0.3987, 60.0408
2.8198, -0.4466, 60.2000
2.9708, -0.4971, 60.3593
3.1209, -0.5503, 60.5185
3.2701, -0.6061, 60.6778
3.4183, -0.6644, 60.8371
3.5654, -0.7254, 60.9963
3.7115, -0.7889, 61.1556
3.8564, -0.8549, 61.3148
4.0001, -0.9235, 61.4741
4.1427, -0.9946, 61.6334
4.2839, -1.0681, 61.7926
4.4239, -1.1441, 61.9519
4.5625, -1.2225, 62.1111
4.6997, -1.3033, 62.2704
4.8355, -1.3866, 62.4297
4.9698, -1.4721, 62.5889
5.1026, -1.5600, 62.7481
5.2339, -1.6502, 62.9074
5.3635, -1.7427, 63.0666
5.4916, -1.8374, 63.2260
5.6179, -1.9344, 63.3852
5.7425, -2.0335, 63.5444
5.8654, -2.1348, 63.7037
5.9865, -2.2383, 63.8630
6.1058, -2.3438, 64.0222
6.2232, -2.4514, 64.1815
6.3388, -2.5610, 64.3408
6.4523, -2.6726, 64.5000
6.5640, -2.7862, 64.6593
6.6736, -2.9018, 64.8186
6.7812, -3.0192, 64.9778
6.8867, -3.1385, 65.1371
6.9902, -3.2596, 65.2964
7.0915, -3.3824, 65.4556
7.1906, -3.5071, 65.6149
7.2875, -3.6334, 65.7740
7.3823, -3.7615, 65.9334
7.4748, -3.8911, 66.0926
7.5650, -4.0224, 66.2519
7.6529, -4.1552, 66.4112
7.7384, -4.2895, 66.5704
7.8217, -4.4253, 66.7297
7.9025, -4.5625, 66.8889
7.9809, -4.7011, 67.0482
8.0569, -4.8411, 67.2075
8.1304, -4.9823, 67.3666
8.2015, -5.1249, 67.5260
8.2701, -5.2686, 67.6852
8.3361, -5.4135, 67.8444
8.3996, -5.5596, 68.0037
8.4606, -5.7067, 68.1630
8.5189, -5.8549, 68.3223
8.5747, -6.0041, 68.4815
8.6279, -6.1542, 68.6408
8.6784, -6.3052, 68.8000
8.7263, -6.4571, 68.9593
8.7715, -6.6098, 69.1185
8.8141, -6.7633, 69.2778
8.8539, -6.9175, 69.4371
8.8911, -7.0723, 69.5963
8.9256, -7.2278, 69.7556
8.9573, -7.3839, 69.9149
8.9864, -7.5405, 70.0741
9.0127, -7.6975, 70.2333
9.0362, -7.8550, 70.3926
9.0570, -8.0129, 70.5518
9.0750, -8.1712, 70.7112
9.0903, -8.3297, 70.8704
9.1028, -8.4885, 71.0297
9.1125, -8.6474, 71.1889
9.1194, -8.8065, 71.3481
9.1236, -8.9657, 71.5074
9.1250, -9.1250, 71.6667
9.1236, -9.2843, 71.8260
9.1194, -9.4435, 71.9853
9.1125, -9.6026, 72.1445
9.1028, -9.7615, 72.3037
9.0903, -9.9203, 72.4630
9.0750, -10.0788, 72.6222
9.0570, -10.2371, 72.7816
9.0362, -10.3950, 72.9408
9.0127, -10.5525, 73.1001
8.9864, -10.7095, 73.2592
8.9573, -10.8661, 73.4185
8.9256, -11.0222, 73.5778
8.8911, -11.1777, 73.7371
8.8539, -11.3325, 73.8963
8.8141, -11.4867, 74.0556
8.7715, -11.6402, 74.2149
8.7263, -11.7929, 74.3741
8.6784, -11.9448, 74.5334
8.6279, -12.0958, 74.6926
8.5747, -12.2459, 74.8519
8.5189, -12.3951, 75.0111
8.4606, -12.5433, 75.1704
8.3996, -12.6904, 75.3296
8.3361, -12.8365, 75.4889
8.2701, -12.9814, 75.6482
8.2015, -13.1251, 75.8074
8.1304, -13.2677, 75.9667
8.0569, -13.4089, 76.1259
7.9809, -13.5489, 76.2852
7.9025, -13.6875, 76.4445
7.8217, -13.8247, 76.6037
7.7384, -13.9605, 76.7630
7.6529, -14.0948, 76.9222
7.5650, -14.2276, 77.0815
7.4748, -14.3589, 77.2408
7.3823, -14.4885, 77.4000
7.2875, -14.6166, 77.5594
7.1906, -14.7429, 77.7185
7.0915, -14.8676, 77.8778
6.9902, -14.9904, 78.0370
6.8867, -15.1115, 78.1963
6.7812, -15.2308, 78.3556
6.6736, -15.3482, 78.5148
6.5640, -15.4638, 78.6741
6.4523, -15.5774, 78.8334
6.3388, -15.6890, 78.9926
6.2232, -15.7986, 79.1519
6.1058, -15.9062, 79.3112
5.9865, -16.0117, 79.4704
5.8654, -16.1152, 79.6297
5.7425, -16.2165, 79.7890
5.6179, -16.3156, 79.9482
5.4916, -16.4126, 80.1074
5.3635, -16.5073, 80.2667
5.2339, -16.5998, 80.4260
5.1026, -16.6900, 80.5853
4.9698, -16.7779, 80.7445
4.8355, -16.8634, 80.9037
4.6997, -16.9467, 81.0630
4.5625, -17.0275, 81.2223
4.4239, -17.1059, 81.3815
4.2839, -17.1819, 81.5408
4.1427, -17.2554, 81.7000
4.0001, -17.3265, 81.8593
3.8564, -17.3951, 82.0186
3.7115, -17.4611, 82.1778
3.5654, -17.5246, 82.3371
3.4183, -17.5856, 82.4963
3.2701, -17.6439, 82.6556
3.1209, -17.6997, 82.8149
2.9708, -17.7529, 82.9741
2.8198, -17.8034, 83.1334
2.6679, -17.8513, 83.2926
2.5152, -17.8965, 83.4519
2.3617, -17.9391, 83.6112
2.2075, -17.9790, 83.7705
2.0527, -18.0161, 83.9296
1.8972, -18.0506, 84.0889
1.7411, -18.0823, 84.2482
1.5845, -18.1114, 84.4075
1.4275, -18.1377, 84.5667
1.2699, -18.1612, 84.7260
1.1121, -18.1820, 84.8852
0.9538, -18.2000, 85.0445
0.7953, -18.2153, 85.2037
0.6365, -18.2278, 85.3630
0.4776, -18.2375, 85.5222
0.3185, -18.2444, 85.6815
0.1592, -18.2486, 85.8408
0.0000, -18.2500, 86.0000
-0.1593, -18.2486, 86.1593
-0.3185, -18.2444, 86.3186
-0.4776, -18.2375, 86.4779
-0.6365, -18.2278, 86.6370
-0.7953, -18.2153, 86.7963
-0.9538, -18.2000, 86.9556
-1.1121, -18.1820, 87.1149
-1.2700, -18.1612, 87.2742
-1.4275, -18.1377, 87.4334
-1.5845, -18.1114, 87.5926
-1.7411, -18.0823, 87.7519
-1.8972, -18.0506, 87.9112
-2.0527, -18.0161, 88.0704
-2.2075, -17.9789, 88.2296
-2.3617, -17.9391, 88.3889
-2.5152, -17.8965, 88.5482
-2.6679, -17.8513, 88.7074
-2.8198, -17.8034, 88.8667
-2.9708, -17.7529, 89.0259
-3.1209, -17.6997, 89.1852
-3.2701, -17.6439, 89.3445
-3.4183, -17.5856, 89.5037
-3.5654, -17.5246, 89.6630
-3.7115, -17.4611, 89.8223
-3.8564, -17.3951, 89.9815
-4.0001, -17.3265, 90.1407
-4.1427, -17.2554, 90.3001
-4.2839, -17.1819, 90.4593
-4.4239, -17.1059, 90.6186
-4.5625, -17.0275, 90.7778
-4.6997, -16.9466, 90.9371
-4.8355, -16.8634, 91.0963
-4.9698, -16.7779, 91.2556
-5.1026, -16.6900, 91.4148
-5.2339, -16.5998, 91.5741
-5.3635, -16.5073, 91.7333
-5.4916, -16.4125, 91.8927
-5.6179, -16.3156, 92.0519
-5.7426, -16.2165, 92.2112
-5.8654, -16.1151, 92.3704
-5.9865, -16.0117, 92.5297
-6.1058, -15.9062, 92.6889
-6.2232, -15.7986, 92.8482
-6.3388, -15.6890, 93.0075
-6.4524, -15.5773, 93.1668
-6.5640, -15.4638, 93.3260
-6.6736, -15.3482, 93.4852
-6.7812, -15.2308, 93.6445
-6.8867, -15.1115, 93.8038
-6.9902, -14.9904, 93.9631
-7.0915, -14.8675, 94.1223
-7.1906, -14.7429, 94.2815
-7.2876, -14.6166, 94.4408
-7.3823, -14.4885, 94.6001
-7.4748, -14.3589, 94.7593
-7.5650, -14.2276, 94.9186
-7.6529, -14.0948, 95.0779
-7.7384, -13.9605, 95.2371
-7.8217, -13.8247, 95.3964
-7.9025, -13.6875, 95.5556
-7.9809, -13.5489, 95.7148
-8.0569, -13.4089, 95.8741
-8.1304, -13.2677, 96.0333
-8.2015, -13.1251, 96.1927
-8.2701, -12.9814, 96.3519
-8.3361, -12.8365, 96.5111
-8.3996, -12.6904, 96.6704
-8.4606, -12.5433, 96.8297
-8.5189, -12.3951, 96.9889
-8.5747, -12.2459, 97.1482
-8.6279, -12.0958, 97.3075
-8.6784, -11.9448, 97.4667
-8.7263, -11.7929, 97.6260
-8.7715, -11.6402, 97.7852
-8.8141, -11.4867, 97.9445
-8.8540, -11.3325, 98.1038
-8.8911, -11.1777, 98.2630
-8.9256, -11.0222, 98.4223
-8.9573, -10.8661, 98.5815
-8.9864, -10.7095, 98.7408
-9.0127, -10.5525, 98.9000
-9.0362, -10.3949, 99.0594
-9.0570, -10.2370, 99.2186
-9.0750, -10.0788, 99.3778
-9.0903, -9.9203, 99.5371
-9.1028, -9.7615, 99.6964
-9.1125, -9.6026, 99.8556
-9.1194, -9.4434, 100.0149
-9.1236, -9.2842, 100.1742
-9.1250, -9.1250, 100.3334
-9.1236, -8.9657, 100.4927
-9.1194, -8.8065, 100.6519
-9.1125, -8.6474, 100.8112
-9.1028, -8.4885, 100.9704
-9.0903, -8.3297, 101.1297
-9.0750, -8.1712, 101.2889
-9.0570, -8.0129, 101.4482
-9.0362, -7.8550, 101.6075
-9.0127, -7.6975, 101.7667
-8.9864, -7.5404, 101.9260
-8.9573, -7.3839, 102.0852
-8.9256, -7.2278, 102.2445
-8.8911, -7.0723, 102.4038
-8.8539, -6.9174, 102.5631
-8.8141, -6.7633, 102.7222
-8.7715, -6.6098, 102.8815
-8.7263, -6.4571, 103.0408
-8.6784, -6.3052, 103.2001
-8.6279, -6.1542, 103.3593
-8.5747, -6.0041, 103.5185
-8.5189, -5.8549, 103.6778
-8.4605, -5.7067, 103.8371
-8.3996, -5.5596, 103.9963
-8.3361, -5.4135, 104.1556
-8.2701, -5.2686, 104.3149
-8.2015, -5.1249, 104.4741
-8.1304, -4.9823, 104.6334
-8.0569, -4.8411, 104.7926
-7.9809, -4.7011, 104.9519
-7.9025, -4.5625, 105.1111
-7.8216, -4.4253, 105.2704
-7.7384, -4.2895, 105.4297
-7.6529, -4.1552, 105.5889
-7.5650, -4.0224, 105.7481
-7.4748, -3.8911, 105.9074
-7.3823, -3.7614, 106.0667
-7.2875, -3.6334, 106.2260
-7.1906, -3.5071, 106.3852
-7.0914, -3.3824, 106.5446
-6.9901, -3.2596, 106.7038
-6.8867, -3.1385, 106.8630
-6.7812, -3.0192, 107.0223
-6.6736, -2.9018, 107.1815
-6.5640, -2.7862, 107.3408
-6.4523, -2.6726, 107.5001
-6.3387, -2.5610, 107.6594
-6.2232, -2.4514, 107.8186
-6.1058, -2.3438, 107.9778
-5.9865, -2.2383, 108.1371
-5.8654, -2.1348, 108.2964
-5.7425, -2.0335, 108.4557
-5.6179, -1.9344, 108.6149
-5.4915, -1.8374, 108.7742
-5.3635, -1.7427, 108.9334
-5.2339, -1.6502, 109.0926
-5.1026, -1.5600, 109.2519
-4.9698, -1.4721, 109.4112
-4.8355, -1.3866, 109.5704
-4.6997, -1.3033, 109.7297
-4.5625, -1.2225, 109.8889
-4.4239, -1.1441, 110.0482
-4.2839, -1.0681, 110.2075
-4.1426, -0.9946, 110.3668
-4.0001, -0.9235, 110.5260
-3.8564, -0.8549, 110.6852
-3.7115, -0.7889, 110.8445
-3.5654, -0.7254, 111.0038
-3.4183, -0.6644, 111.1630
-3.2701, -0.6061, 111.3223
-3.1209, -0.5503, 111.4816
-2.9708, -0.4971, 111.6408
-2.8198, -0.4466, 111.8000
-2.6679, -0.3987, 111.9593
-2.5152, -0.3535, 112.1186
-2.3617, -0.3109, 112.2779
-2.2075, -0.2710, 112.4371
-2.0527, -0.2339, 112.5963
-1.8972, -0.1994, 112.7556
-1.7411, -0.1676, 112.9149
-1.5845, -0.1386, 113.0742
-1.4274, -0.1123, 113.2335
-1.2699, -0.0888, 113.3927
-1.1120, -0.0680, 113.5520
-0.9538, -0.0500, 113.7112
-0.7953, -0.0347, 113.8704
-0.6365, -0.0222, 114.0297
-0.4775, -0.0125, 114.1890
-0.3184, -0.0056, 114.3483
-0.1592, -0.0014, 114.5075
0.0000, 0.0000, 114.6667
0.1592, 0.0014, 114.8259
0.3185, 0.0056, 114.9853
0.4776, 0.0125, 115.1445
0.6365, 0.0222, 115.3037
0.7953, 0.0347, 115.4630
0.9538, 0.0500, 115.6222
1.1121, 0.0680, 115.7816
1.2699, 0.0888, 115.9407
1.4275, 0.1123, 116.1001
1.5845, 0.1386, 116.2593
1.7411, 0.1677, 116.4185
1.8972, 0.1994, 116.5778
2.0527, 0.2339, 116.7371
2.2075, 0.2711, 116.8963
2.3617, 0.3109, 117.0556
2.5152, 0.3535, 117.2149
2.6679, 0.3987, 117.3741
2.8198, 0.4466, 117.5334
2.9708, 0.4971, 117.6926
3.1209, 0.5503, 117.8519
3.2701, 0.6061, 118.0112
3.4183, 0.6644, 118.1704
3.5654, 0.7254, 118.3297
3.7115, 0.7889, 118.4890
3.8564, 0.8549, 118.6482
4.0001, 0.9235, 118.8074
4.1427, 0.9946, 118.9668
4.2839, 1.0681, 119.1259
4.4239, 1.1441, 119.2852
4.5625, 1.2225, 119.4445
4.6997, 1.3033, 119.6037
4.8355, 1.3866, 119.7630
4.9698, 1.4721, 119.9222
5.1026, 1.5600, 120.0815
5.2339, 1.6502, 120.2408
5.3635, 1.7427, 120.4000
5.4916, 1.8374, 120.5593
5.6179, 1.9344, 120.7186
5.7425, 2.0335, 120.8778
5.8654, 2.1348, 121.0370
5.9865, 2.2383, 121.1963
6.1058, 2.3438, 121.3556
6.2232, 2.4514, 121.5148
6.3388, 2.5610, 121.6741
6.4523, 2.6726, 121.8333
6.5640, 2.7862, 121.9926
6.6736, 2.9018, 122.1519
6.7812, 3.0192, 122.3112
6.8867, 3.1385, 122.4704
6.9902, 3.2596, 122.6297
7.0915, 3.3824, 122.7889
7.1906, 3.5071, 122.9482
7.2875, 3.6334, 123.1074
7.3823, 3.7615, 123.2668
7.4748, 3.8911, 123.4260
7.5650, 4.0224, 123.5853
7.6529, 4.1552, 123.7445
7.7384, 4.2895, 123.9037
7.8217, 4.4253, 124.0631
7.9025, 4.5625, 124.2223
7.9809, 4.7011, 124.3815
8.0569, 4.8411, 124.5408
8.1304, 4.9823, 124.7000
8.2015, 5.1249, 124.8593
8.2701, 5.2686, 125.0186
8.3361, 5.4135, 125.1778
8.3996, 5.5596, 125.3371
8.4606, 5.7067, 125.4964
8.5189, 5.8549, 125.6556
8.5747, 6.0041, 125.8149
8.6279, 6.1542, 125.9742
8.6784, 6.3052, 126.1334
8.7263, 6.4571, 126.2926
8.7715, 6.6098, 126.4519
8.8141, 6.7633, 126.6112
8.8539, 6.9175, 126.7704
8.8911, 7.0723, 126.9297
8.9256, 7.2278, 127.0889
8.9573, 7.3839, 127.2482
8.9864, 7.5405, 127.4075
9.0127, 7.6975, 127.5667
9.0362, 7.8550, 127.7259
9.0570, 8.0129, 127.8852
9.0750, 8.1712, 128.0445
9.0903, 8.3297, 128.2038
9.1028, 8.4885, 128.3630
9.1125, 8.6474, 128.5222
9.1194, 8.8065, 128.6815
9.1236, 8.9657, 128.8407
9.1250, 9.1250, 129.0001
9.1236, 9.2843, 129.1594
9.1194, 9.4435, 129.3186
9.1125, 9.6026, 129.4779
9.1028, 9.7615, 129.6371
9.0903, 9.9203, 129.7964
9.0750, 10.0788, 129.9556
9.0570, 10.2371, 130.1149
9.0362, 10.3950, 130.2742
9.0127, 10.5525, 130.4334
8.9864, 10.7095, 130.5926
8.9573, 10.8661, 130.7519
8.9256, 11.0222, 130.9112
8.8911, 11.1777, 131.0705
8.8539, 11.3325, 131.2297
8.8141, 11.4867, 131.3889
8.7715, 11.6402, 131.5482
8.7263, 11.7929, 131.7075
8.6784, 11.9448, 131.8667
8.6279, 12.0958, 132.0260
8.5747, 12.2459, 132.1852
8.5189, 12.3951, 132.3445
8.4606, 12.5433, 132.5038
8.3996, 12.6904, 132.6630
8.3361, 12.8365, 132.8223
8.2701, 12.9814, 132.9815
8.2015, 13.1251, 133.1408
8.1304, 13.2677, 133.3001
8.0569, 13.4089, 133.4593
7.9809, 13.5489, 133.6186
7.9025, 13.6875, 133.7778
7.8217, 13.8247, 133.9370
7.7384, 13.9605, 134.0964
7.6529, 14.0948, 134.2556
7.5650, 14.2276, 134.4148
7.4748, 14.3589, 134.5741
7.3823, 14.4885, 134.7333
7.2875, 14.6166, 134.8927
7.1906, 14.7429, 135.0519
7.0915, 14.8676, 135.2112
6.9902, 14.9904, 135.3704
6.8867, 15.1115, 135.5297
6.7812, 15.2308, 135.6889
6.6736, 15.3482, 135.8482
6.5640, 15.4638, 136.0075
6.4523, 15.5774, 136.1668
6.3388, 15.6890, 136.3260
6.2232, 15.7986, 136.4853
6.1058, 15.9062, 136.6445
5.9865, 16.0117, 136.8038
5.8654, 16.1152, 136.9631
5.7425, 16.2165, 137.1223
5.6179, 16.3156, 137.2815
5.4916, 16.4126, 137.4408
5.3635, 16.5073, 137.6001
5.2339, 16.5998, 137.7593
5.1026, 16.6900, 137.9186
4.9698, 16.7779, 138.0779
4.8355, 16.8634, 138.2371
4.6997, 16.9467, 138.3964
4.5625, 17.0275, 138.5556
4.4239, 17.1059, 138.7149
4.2839, 17.1819, 138.8742
4.1427, 17.2554, 139.0333
4.0001, 17.3265, 139.1927
3.8564, 17.3951, 139.3519
3.7115, 17.4611, 139.5111
3.5654, 17.5246, 139.6704
3.4183, 17.5856, 139.8297
3.2701, 17.6439, 139.9889
3.1209, 17.6997, 140.1482
2.9708, 17.7529, 140.3075
2.8198, 17.8034, 140.4667
2.6679, 17.8513, 140.6260
2.5152, 17.8965, 140.7852
2.3617, 17.9391, 140.9445
2.2075, 17.9790, 141.1038
2.0527, 18.0161, 141.2630
1.8972, 18.0506, 141.4223
1.7411, 18.0823, 141.5816
1.5845, 18.1114, 141.7408
1.4275, 18.1377, 141.9000
1.2699, 18.1612, 142.0594
1.1121, 18.1820, 142.2185
0.9538, 18.2000, 142.3779
0.7953, 18.2153, 142.5371
0.6365, 18.2278, 142.6964
0.4776, 18.2375, 142.8556
0.3185, 18.2444, 143.0148
0.1592, 18.2486, 143.1742
0.0000, 18.2500, 143.3334
-0.1593, 18.2486, 143.4927
-0.3185, 18.2444, 143.6520
-0.4776, 18.2375, 143.8112
-0.6365, 18.2278, 143.9704
-0.7953, 18.2153, 144.1297
-0.9538, 18.2000, 144.2889
-1.1121, 18.1820, 144.4483
-1.2700, 18.1612, 144.6075
-1.4275, 18.1377, 144.7668
-1.5845, 18.1114, 144.9259
-1.7411, 18.0823, 145.0852
-1.8972, 18.0506, 145.2445
-2.0527, 18.0161, 145.4038
-2.2075, 17.9789, 145.5630
-2.3617, 17.9391, 145.7223
-2.5152, 17.8965, 145.8816
-2.6679, 17.8513, 146.0408
-2.8198, 17.8034, 146.2001
-2.9708, 17.7529, 146.3593
-3.1209, 17.6997, 146.5185
-3.2701, 17.6439, 146.6778
-3.4183, 17.5856, 146.8371
-3.5654, 17.5246, 146.9963
-3.7115, 17.4611, 147.1556
-3.8564, 17.3951, 147.3149
-4.0001, 17.3265, 147.4741
-4.1427, 17.2554, 147.6334
-4.2839, 17.1819, 147.7926
-4.4239, 17.1059, 147.9519
-4.5625, 17.0275, 148.1112
-4.6997, 16.9466, 148.2704
-4.8355, 16.8634, 148.4297
-4.9698, 16.7779, 148.5889
-5.1026, 16.6900, 148.7482
-5.2339, 16.5998, 148.9075
-5.3635, 16.5073, 149.0667
-5.4916, 16.4125, 149.2260
-5.6179, 16.3156, 149.3852
-5.7426, 16.2165, 149.5445
-5.8654, 16.1151, 149.7038
-5.9865, 16.0117, 149.8630
-6.1058, 15.9062, 150.0223
-6.2232, 15.7986, 150.1815
-6.3388, 15.6890, 150.3408
-6.4524, 15.5773, 150.5001
-6.5640, 15.4638, 150.6593
-6.6736, 15.3482, 150.8186
-6.7812, 15.2308, 150.9779
-6.8867, 15.1115, 151.1371
-6.9902, 14.9904, 151.2964
-7.0915, 14.8675, 151.4557
-7.1906, 14.7429, 151.6149
-7.2876, 14.6166, 151.7741
-7.3823, 14.4885, 151.9334
-7.4748, 14.3589, 152.0927
-7.5650, 14.2276, 152.2520
-7.6529, 14.0948, 152.4112
-7.7384, 13.9605, 152.5704
-7.8217, 13.8247, 152.7297
-7.9025, 13.6875, 152.8890
-7.9809, 13.5489, 153.0482
-8.0569, 13.4089, 153.2075
-8.1304, 13.2677, 153.3667
-8.2015, 13.1251, 153.5260
-8.2701, 12.9814, 153.6853
-8.3361, 12.8365, 153.8445
-8.3996, 12.6904, 154.0038
-8.4606, 12.5433, 154.1630
-8.5189, 12.3951, 154.3223
-8.5747, 12.2459, 154.4816
-8.6279, 12.0958, 154.6408
-8.6784, 11.9448, 154.8001
-8.7263, 11.7929, 154.9593
-8.7715, 11.6402, 155.1186
-8.8141, 11.4867, 155.2779
-8.8540, 11.3325, 155.4372
-8.8911, 11.1777, 155.5963
-8.9256, 11.0222, 155.7556
-8.9573, 10.8661, 155.9149
-8.9864, 10.7095, 156.0742
-9.0127, 10.5525, 156.2334
-9.0362, 10.3949, 156.3927
-9.0570, 10.2370, 156.5520
-9.0750, 10.0788, 156.7112
-9.0903, 9.9203, 156.8704
-9.1028, 9.7615, 157.0297
-9.1125, 9.6026, 157.1889
-9.1194, 9.4434, 157.3483
-9.1236, 9.2842, 157.5075
-9.1250, 9.1250, 157.6667
-9.1236, 8.9657, 157.8260
-9.1194, 8.8065, 157.9853
-9.1125, 8.6474, 158.1445
-9.1028, 8.4885, 158.3037
-9.0903, 8.3297, 158.4630
-9.0750, 8.1712, 158.6223
-9.0570, 8.0129, 158.7816
-9.0362, 7.8550, 158.9409
-9.0127, 7.6975, 159.1001
-8.9864, 7.5404, 159.2594
-8.9573, 7.3839, 159.4186
-8.9256, 7.2278, 159.5779
-8.8911, 7.0723, 159.7371
-8.8539, 6.9174, 159.8964
-8.8141, 6.7633, 160.0556
-8.7715, 6.6098, 160.2149
-8.7263, 6.4571, 160.3741
-8.6784, 6.3052, 160.5334
-8.6279, 6.1542, 160.6926
-8.5747, 6.0041, 160.8519
-8.5189, 5.8549, 161.0112
-8.4605, 5.7067, 161.1705
-8.3996, 5.5596, 161.3297
-8.3361, 5.4135, 161.4890
-8.2701, 5.2686, 161.6482
-8.2015, 5.1249, 161.8074
-8.1304, 4.9823, 161.9668
-8.0569, 4.8411, 162.1260
-7.9809, 4.7011, 162.2853
-7.9025, 4.5625, 162.4445
-7.8216, 4.4253, 162.6038
-7.7384, 4.2895, 162.7630
-7.6529, 4.1552, 162.9222
-7.5650, 4.0224, 163.0815
-7.4748, 3.8911, 163.2408
-7.3823, 3.7614, 163.4001
-7.2875, 3.6334, 163.5594
-7.1906, 3.5071, 163.7186
-7.0914, 3.3824, 163.8779
-6.9901, 3.2596, 164.0371
-6.8867, 3.1385, 164.1964
-6.7812, 3.0192, 164.3556
-6.6736, 2.9018, 164.5149
-6.5640, 2.7862, 164.6742
-6.4523, 2.6726, 164.8335
-6.3387, 2.5610, 164.9927
-6.2232, 2.4514, 165.1519
-6.1058, 2.3438, 165.3112
-5.9865, 2.2383, 165.4704
-5.8654, 2.1348, 165.6298
-5.7425, 2.0335, 165.7890
-5.6179, 1.9344, 165.9482
-5.4915, 1.8374, 166.1076
-5.3635, 1.7427, 166.2668
-5.2339, 1.6502, 166.4260
-5.1026, 1.5600, 166.5853
-4.9698, 1.4721, 166.7446
-4.8355, 1.3866, 166.9038
-4.6997, 1.3033, 167.0631
-4.5625, 1.2225, 167.2223
-4.4239, 1.1441, 167.3815
-4.2839, 1.0681, 167.5408
-4.1426, 0.9946, 167.7001
-4.0001, 0.9235, 167.8594
-3.8564, 0.8549, 168.0186
-3.7115, 0.7889, 168.1778
-3.5654, 0.7254, 168.3371
-3.4183, 0.6644, 168.4964
-3.2701, 0.6061, 168.6556
-3.1209, 0.5503, 168.8149
-2.9708, 0.4971, 168.9742
-2.8198, 0.4466, 169.1334
-2.6679, 0.3987, 169.2927
-2.5152, 0.3535, 169.4519
-2.3617, 0.3109, 169.6112
-2.2075, 0.2710, 169.7705
-2.0527, 0.2339, 169.9297
-1.8972, 0.1994, 170.0890
-1.7411, 0.1676, 170.2483
-1.5845, 0.1386, 170.4075
-1.4274, 0.1123, 170.5668
-1.2699, 0.0888, 170.7261
-1.1120, 0.0680, 170.8853
-0.9538, 0.0500, 171.0445
-0.7953, 0.0347, 171.2038
-0.6365, 0.0222, 171.3631
-0.4775, 0.0125, 171.5224
-0.3184, 0.0056, 171.6816
-0.1592, 0.0014, 171.8409
0.0000, 0.0000, 172.0001
0.1592, 0.0014, 172.1593
0.3185, 0.0056, 172.3186
0.4776, 0.0125, 172.4779
0.6365, 0.0222, 172.6371
0.7953, 0.0347, 172.7964
0.9538, 0.0500, 172.9556
1.1121, 0.0680, 173.1149
1.2699, 0.0888, 173.2741
1.4275, 0.1123, 173.4334
1.5845, 0.1386, 173.5926
1.7411, 0.1677, 173.7519
1.8972, 0.1994, 173.9112
2.0527, 0.2339, 174.0705
2.2075, 0.2711, 174.2297
2.3617, 0.3109, 174.3889
2.5152, 0.3535, 174.5482
2.6679, 0.3987, 174.7075
2.8198, 0.4466, 174.8668
2.9708, 0.4971, 175.0260
3.1209, 0.5503, 175.1852
3.2701, 0.6061, 175.3445
3.4183, 0.6644, 175.5038
3.5654, 0.7254, 175.6630
3.7115, 0.7889, 175.8223
3.8564, 0.8549, 175.9815
4.0001, 0.9235, 176.1408
4.1427, 0.9946, 176.3001
4.2839, 1.0681, 176.4593
4.4239, 1.1441, 176.6186
4.5625, 1.2225, 176.7778
4.6997, 1.3033, 176.9371
4.8355, 1.3866, 177.0964
4.9698, 1.4721, 177.2556
5.1026, 1.5600, 177.4148
5.2339, 1.6502, 177.5741
5.3635, 1.7427, 177.7334
5.4916, 1.8374, 177.8927
5.6179, 1.9344, 178.0519
5.7425, 2.0335, 178.2111
5.8654, 2.1348, 178.3704
5.9865, 2.2383, 178.5297
6.1058, 2.3438, 178.6889
6.2232, 2.4514, 178.8482
6.3388, 2.5610, 179.0075
6.4523, 2.6726, 179.1667
6.5640, 2.7862, 179.3260
6.6736, 2.9018, 179.4853
6.7812, 3.0192, 179.6445
6.8867, 3.1385, 179.8038
6.9902, 3.2596, 179.9631
7.0915, 3.3824, 180.1223
7.1906, 3.5071, 180.2816
7.2875, 3.6334, 180.4408
7.3823, 3.7615, 180.6001
7.4748, 3.8911, 180.7593
7.5650, 4.0224, 180.9186
7.6529, 4.1552, 181.0779
7.7384, 4.2895, 181.2371
7.8217, 4.4253, 181.3964
7.9025, 4.5625, 181.5556
7.9809, 4.7011, 181.7149
8.0569, 4.8411, 181.8742
8.1304, 4.9823, 182.0334
8.2015, 5.1249, 182.1927
8.2701, 5.2686, 182.3519
8.3361, 5.4135, 182.5112
8.3996, 5.5596, 182.6705
8.4606, 5.7067, 182.8297
8.5189, 5.8549, 182.9890
8.5747, 6.0041, 183.1483
8.6279, 6.1542, 183.3075
8.6784, 6.3052, 183.4667
8.7263, 6.4571, 183.6260
8.7715, 6.6098, 183.7853
8.8141, 6.7633, 183.9446
8.8539, 6.9175, 184.1038
8.8911, 7.0723, 184.2630
8.9256, 7.2278, 184.4223
8.9573, 7.3839, 184.5816
8.9864, 7.5405, 184.7409
9.0127, 7.6975, 184.9000
9.0362, 7.8550, 185.0593
9.0570, 8.0129, 185.2186
9.0750, 8.1712, 185.3779
9.0903, 8.3297, 185.5371
9.1028, 8.4885, 185.6964
9.1125, 8.6474, 185.8556
9.1194, 8.8065, 186.0148
9.1236, 8.9657, 186.1741
9.1250, 9.1250, 186.3334
9.1236, 9.2843, 186.4927
9.1194, 9.4435, 186.6520
9.1125, 9.6026, 186.8112
9.1028, 9.7615, 186.9704
9.0903, 9.9203, 187.1297
9.0750, 10.0788, 187.2889
9.0570, 10.2371, 187.4483
9.0362, 10.3950, 187.6075
9.0127, 10.5525, 187.7668
8.9864, 10.7095, 187.9260
8.9573, 10.8661, 188.0852
8.9256, 11.0222, 188.2445
8.8911, 11.1777, 188.4038
8.8539, 11.3325, 188.5630
8.8141, 11.4867, 188.7223
8.7715, 11.6402, 188.8816
8.7263, 11.7929, 189.0408
8.6784, 11.9448, 189.2001
8.6279, 12.0958, 189.3593
8.5747, 12.2459, 189.5186
8.5189, 12.3951, 189.6779
8.4606, 12.5433, 189.8371
8.3996, 12.6904, 189.9964
8.3361, 12.8365, 190.1557
8.2701, 12.9814, 190.3149
8.2015, 13.1251, 190.4741
8.1304, 13.2677, 190.6335
8.0569, 13.4089, 190.7926
7.9809, 13.5489, 190.9519
7.9025, 13.6875, 191.1112
7.8217, 13.8247, 191.2704
7.7384, 13.9605, 191.4297
7.6529, 14.0948, 191.5889
7.5650, 14.2276, 191.7482
7.4748, 14.3589, 191.9075
7.3823, 14.4885, 192.0667
7.2875, 14.6166, 192.2261
7.1906, 14.7429, 192.3853
7.0915, 14.8676, 192.5445
6.9902, 14.9904, 192.7037
6.8867, 15.1115, 192.8630
6.7812, 15.2308, 193.0223
6.6736, 15.3482, 193.1815
6.5640, 15.4638, 193.3408
6.4523, 15.5774, 193.5002
6.3388, 15.6890, 193.6593
6.2232, 15.7986, 193.8186
6.1058, 15.9062, 193.9779
5.9865, 16.0117, 194.1371
5.8654, 16.1152, 194.2964
5.7425, 16.2165, 194.4557
5.6179, 16.3156, 194.6149
5.4916, 16.4126, 194.7742
5.3635, 16.5073, 194.9335
5.2339, 16.5998, 195.0927
5.1026, 16.6900, 195.2520
4.9698, 16.7779, 195.4112
4.8355, 16.8634, 195.5704
4.6997, 16.9467, 195.7298
4.5625, 17.0275, 195.8890
4.4239, 17.1059, 196.0482
4.2839, 17.1819, 196.2075
4.1427, 17.2554, 196.3667
4.0001, 17.3265, 196.5260
3.8564, 17.3951, 196.6853
3.7115, 17.4611, 196.8445
3.5654, 17.5246, 197.0038
3.4183, 17.5856, 197.1631
3.2701, 17.6439, 197.3223
3.1209, 17.6997, 197.4816
2.9708, 17.7529, 197.6408
2.8198, 17.8034, 197.8001
2.6679, 17.8513, 197.9593
2.5152, 17.8965, 198.1186
2.3617, 17.9391, 198.2779
2.2075, 17.9790, 198.4372
2.0527, 18.0161, 198.5964
1.8972, 18.0506, 198.7556
1.7411, 18.0823, 198.9149
1.5845, 18.1114, 199.0742
1.4275, 18.1377, 199.2334
1.2699, 18.1612, 199.3927
1.1121, 18.1820, 199.5519
0.9538, 18.2000, 199.7112
0.7953, 18.2153, 199.8705
0.6365, 18.2278, 200.0297
0.4776, 18.2375, 200.1889
0.3185, 18.2444, 200.3482
0.1592, 18.2486, 200.5075
0.0000, 18.2500, 200.6668
-0.1593, 18.2486, 200.8261
-0.3185, 18.2444, 200.9853
-0.4776, 18.2375, 201.1446
-0.6365, 18.2278, 201.3038
-0.7953, 18.2153, 201.4631
-0.9538, 18.2000, 201.6223
-1.1121, 18.1820, 201.7816
-1.2700, 18.1612, 201.9409
-1.4275, 18.1377, 202.1001
-1.5845, 18.1114, 202.2593
-1.7411, 18.0823, 202.4186
-1.8972, 18.0506, 202.5779
-2.0527, 18.0161, 202.7372
-2.2075, 17.9789, 202.8964
-2.3617, 17.9391, 203.0556
-2.5152, 17.8965, 203.2149
-2.6679, 17.8513, 203.3742
-2.8198, 17.8034, 203.5334
-2.9708, 17.7529, 203.6927
-3.1209, 17.6997, 203.8519
-3.2701, 17.6439, 204.0112
-3.4183, 17.5856, 204.1705
-3.5654, 17.5246, 204.3297
-3.7115, 17.4611, 204.4890
-3.8564, 17.3951, 204.6482
-4.0001, 17.3265, 204.8075
-4.1427, 17.2554, 204.9668
-4.2839, 17.1819, 205.1260
-4.4239, 17.1059, 205.2853
-4.5625, 17.0275, 205.4445
-4.6997, 16.9466, 205.6038
-4.8355, 16.8634, 205.7631
-4.9698, 16.7779, 205.9223
-5.1026, 16.6900, 206.0815
-5.2339, 16.5998, 206.2408
-5.3635, 16.5073, 206.4000
-5.4916, 16.4125, 206.5594
-5.6179, 16.3156, 206.7186
-5.7426, 16.2165, 206.8779
-5.8654, 16.1151, 207.0371
-5.9865, 16.0117, 207.1964
-6.1058, 15.9062, 207.3556
-6.2232, 15.7986, 207.5149
-6.3388, 15.6890, 207.6742
-6.4524, 15.5773, 207.8335
-6.5640, 15.4638, 207.9927
-6.6736, 15.3482, 208.1520
-6.7812, 15.2308, 208.3112
-6.8867, 15.1115, 208.4705
-6.9902, 14.9904, 208.6298
-7.0915, 14.8675, 208.7890
-7.1906, 14.7429, 208.9482
-7.2876, 14.6166, 209.1075
-7.3823, 14.4885, 209.2668
-7.4748, 14.3589, 209.4260
-7.5650, 14.2276, 209.5853
-7.6529, 14.0948, 209.7446
-7.7384, 13.9605, 209.9038
-7.8217, 13.8247, 210.0631
-7.9025, 13.6875, 210.2223
-7.9809, 13.5489, 210.3816
-8.0569, 13.4089, 210.5409
-8.1304, 13.2677, 210.7000
-8.2015, 13.1251, 210.8594
-8.2701, 12.9814, 211.0186
-8.3361, 12.8365, 211.1778
-8.3996, 12.6904, 211.3371
-8.4606, 12.5433, 211.4964
-8.5189, 12.3951, 211.6556
-8.5747, 12.2459, 211.8149
-8.6279, 12.0958, 211.9742
-8.6784, 11.9448, 212.1334
-8.7263, 11.7929, 212.2927
-8.7715, 11.6402, 212.4519
-8.8141, 11.4867, 212.6112
-8.8540, 11.3325, 212.7705
-8.8911, 11.1777, 212.9297
-8.9256, 11.0222, 213.0890
-8.9573, 10.8661, 213.2483
-8.9864, 10.7095, 213.4075
-9.0127, 10.5525, 213.5667
-9.0362, 10.3949, 213.7261
-9.0570, 10.2370, 213.8853
-9.0750, 10.0788, 214.0446
-9.0903, 9.9203, 214.2038
-9.1028, 9.7615, 214.3631
-9.1125, 9.6026, 214.5223
-9.1194, 9.4434, 214.6816
-9.1236, 9.2842, 214.8409
-9.1250, 9.1250, 215.0001
-9.1236, 8.9657, 215.1594
-9.1194, 8.8065, 215.3187
-9.1125, 8.6474, 215.4779
-9.1028, 8.4885, 215.6371
-9.0903, 8.3297, 215.7964
-9.0750, 8.1712, 215.9556
-9.0570, 8.0129, 216.1149
-9.0362, 7.8550, 216.2742
-9.0127, 7.6975, 216.4335
-8.9864, 7.5404, 216.5927
-8.9573, 7.3839, 216.7519
-8.9256, 7.2278, 216.9112
-8.8911, 7.0723, 217.0705
-8.8539, 6.9174, 217.2298
-8.8141, 6.7633, 217.3890
-8.7715, 6.6098, 217.5483
-8.7263, 6.4571, 217.7075
-8.6784, 6.3052, 217.8668
-8.6279, 6.1542, 218.0260
-8.5747, 6.0041, 218.1852
-8.5189, 5.8549, 218.3445
-8.4605, 5.7067, 218.5038
-8.3996, 5.5596, 218.6630
-8.3361, 5.4135, 218.8223
-8.2701, 5.2686, 218.9816
-8.2015, 5.1249, 219.1408
-8.1304, 4.9823, 219.3001
-8.0569, 4.8411, 219.4593
-7.9809, 4.7011, 219.6186
-7.9025, 4.5625, 219.7779
-7.8216, 4.4253, 219.9371
-7.7384, 4.2895, 220.0964
-7.6529, 4.1552, 220.2556
-7.5650, 4.0224, 220.4149
-7.4748, 3.8911, 220.5742
-7.3823, 3.7614, 220.7335
-7.2875, 3.6334, 220.8927
-7.1906, 3.5071, 221.0519
-7.0914, 3.3824, 221.2113
-6.9901, 3.2596, 221.3705
-6.8867, 3.1385, 221.5297
-6.7812, 3.0192, 221.6890
-6.6736, 2.9018, 221.8482
-6.5640, 2.7862, 222.0075
-6.4523, 2.6726, 222.1668
-6.3387, 2.5610, 222.3261
-6.2232, 2.4514, 222.4853
-6.1058, 2.3438, 222.6445
-5.9865, 2.2383, 222.8038
-5.8654, 2.1348, 222.9631
-5.7425, 2.0335, 223.1224
-5.6179, 1.9344, 223.2816
-5.4915, 1.8374, 223.4409
-5.3635, 1.7427, 223.6001
-5.2339, 1.6502, 223.7594
-5.1026, 1.5600, 223.9187
-4.9698, 1.4721, 224.0779
-4.8355, 1.3866, 224.2371
-4.6997, 1.3033, 224.3964
-4.5625, 1.2225, 224.5557
-4.4239, 1.1441, 224.7149
-4.2839, 1.0681, 224.8742
-4.1426, 0.9946, 225.0335
-4.0001, 0.9235, 225.1927
-3.8564, 0.8549, 225.3520
-3.7115, 0.7889, 225.5112
-3.5654, 0.7254, 225.6705
-3.4183, 0.6644, 225.8297
-3.2701, 0.6061, 225.9890
-3.1209, 0.5503, 226.1483
-2.9708, 0.4971, 226.3075
-2.8198, 0.4466, 226.4667
-2.6679, 0.3987, 226.6260
-2.5152, 0.3535, 226.7853
-2.3617, 0.3109, 226.9446
-2.2075, 0.2710, 227.1038
-2.0527, 0.2339, 227.2630
-1.8972, 0.1994, 227.4223
-1.7411, 0.1676, 227.5816
-1.5845, 0.1386, 227.7409
-1.4274, 0.1123, 227.9002
-1.2699, 0.0888, 228.0594
-1.1120, 0.0680, 228.2187
-0.9538, 0.0500, 228.3779
-0.7953, 0.0347, 228.5371
-0.6365, 0.0222, 228.6964
-0.4775, 0.0125, 228.8557
-0.3184, 0.0056, 229.0150
-0.1592, 0.0014, 229.1742
0.0000, 0.0000, 229.3334
10.0000, 0.0000, 239.3334
ENDTABLE

LOG_ENTRY Used Dataset: Path: X-Y Coordinates; { FSAE } Figure 8, 9.125 m Radius
#Library : Path: X-Y Coordinates
#DataSet : Figure 8, 9.125 m Radius
#Category: FSAE
#FileID  : PathXY_a7f3ac84-babd-4433-912c-3a96d56f6ef9
#Product : CarSim 2020.0
#VehCode X-Y Coordinates of Path

END
