PARSFILE
#FullDataName Path: X-Y Coordinates`Autocross Course #2`* * * HUR Tracks
#RingCtrl0 1
#RingCtrl1 1
SMTH_PASS 1
SET_IPATH_FOR_ID 0
DEFINE_XY_TABLES 1
ITAB_XY = NTAB_XY
XY_TABLE_ID = ITAB_XY
SET_DESCRIPTION PATH_ID Autocross Course #2
SET_DESCRIPTION XY_TABLE_ID Autocross Course #2
IPATHSEG = 1
PATH_ID_DM = PATH_ID
SEGMENT_TYPE = 1
XY_SEGMENT_ID = XY_TABLE_ID

#CheckBox0 0    
OPT_PATH_LOOP 0
#CheckBox1 1    
#CheckBox2 0    
#CheckBox3 0    
#CheckBox4 0    

#RadioCtrl0 1    

SMTH_MINACC 0.01
#DiagramOne0
SEGMENT_XY_TABLE
-36.3670, 47.2097, 0.0000
-35.4778, 46.3206, 1.2574
-34.5887, 45.4314, 2.5149
-33.6996, 44.5424, 3.7722
-32.8104, 43.6531, 5.0298
-31.9213, 42.7641, 6.2871
-31.0320, 41.8747, 7.5448
-30.1429, 40.9857, 8.8021
-29.2537, 40.0965, 10.0597
-28.3646, 39.2074, 11.3170
-27.4754, 38.3182, 12.5746
-26.5863, 37.4291, 13.8319
-25.6971, 36.5399, 15.0894
-24.8080, 35.6507, 16.3469
-23.9189, 34.7617, 17.6042
-23.0296, 33.8723, 18.8619
-22.1406, 32.9834, 20.1191
-21.2514, 32.0941, 21.3767
-20.3623, 31.2051, 22.6340
-19.4731, 30.3158, 23.8916
-18.5840, 29.4268, 25.1489
-17.6947, 28.5374, 26.4066
-16.8057, 27.6485, 27.6638
-15.9164, 26.7591, 28.9215
-15.0273, 25.8701, 30.1788
-14.1382, 24.9809, 31.4363
-13.2490, 24.0918, 32.6937
-12.3598, 23.2026, 33.9512
-11.4707, 22.3135, 35.2086
-10.5815, 21.4243, 36.4661
-9.6924, 20.5352, 37.7235
-8.8032, 19.6460, 38.9810
-7.9141, 18.7568, 40.2385
-7.0250, 17.8678, 41.4958
-6.1358, 16.9785, 42.7534
-5.2467, 16.0895, 44.0107
-4.3574, 15.2002, 45.2683
-3.4684, 14.3111, 46.5256
-2.5792, 13.4219, 47.7832
-1.6901, 12.5328, 49.0405
-0.8009, 11.6435, 50.2981
0.0883, 10.7546, 51.5554
0.9775, 9.8652, 52.8131
1.8665, 8.9763, 54.0703
2.7558, 8.0869, 55.3280
3.6449, 7.1979, 56.5853
4.5341, 6.3087, 57.8428
5.4232, 5.4196, 59.1002
6.3124, 4.5304, 60.3577
7.2015, 3.6413, 61.6151
8.0907, 2.7521, 62.8726
8.9798, 1.8629, 64.1301
9.8689, 0.9739, 65.3874
10.7582, 0.0845, 66.6451
11.6472, -0.8044, 67.9023
12.5365, -1.6938, 69.1600
13.4255, -2.5827, 70.4172
14.3147, -3.4720, 71.6747
15.2385, -4.3986, 72.9832
16.2889, -5.3192, 74.3799
17.4167, -6.0165, 75.7059
18.6493, -6.5316, 77.0418
19.9490, -6.8448, 78.3787
21.2831, -6.9504, 79.7169
22.6173, -6.8443, 81.0554
23.9177, -6.5298, 82.3932
25.1514, -6.0138, 83.7305
26.2869, -5.3086, 85.0672
27.2953, -4.4313, 86.4038
28.1510, -3.4023, 87.7421
28.8326, -2.2456, 89.0847
29.3234, -0.9883, 90.4344
29.6132, 0.3403, 91.7942
29.6979, 1.7086, 93.1651
29.5806, 3.0827, 94.5442
29.2702, 4.4258, 95.9227
28.7783, 5.6984, 97.2871
28.1135, 6.8617, 98.6269
27.3121, 7.8497, 99.8991
26.3908, 8.7764, 101.2058
25.4183, 9.7490, 102.5812
24.4444, 10.7229, 103.9585
23.4704, 11.6968, 105.3359
22.4965, 12.6707, 106.7132
21.5226, 13.6446, 108.0905
20.5487, 14.6186, 109.4679
19.5747, 15.5925, 110.8453
18.6008, 16.5664, 112.2226
17.6269, 17.5403, 113.5999
16.6530, 18.5143, 114.9772
15.6791, 19.4882, 116.3545
14.7051, 20.4621, 117.7319
13.7312, 21.4360, 119.1092
12.7573, 22.4099, 120.4865
11.7834, 23.3839, 121.8639
10.8094, 24.3578, 123.2413
9.8355, 25.3317, 124.6186
8.8710, 26.2964, 125.9827
8.4401, 26.7559, 126.6127
8.0344, 27.2450, 127.2481
7.6591, 27.7576, 127.8834
7.3155, 28.2924, 128.5191
7.0049, 28.8472, 129.1549
6.7284, 29.4200, 129.7910
6.4870, 30.0087, 130.4272
6.2816, 30.6113, 131.0639
6.1128, 31.2256, 131.7009
5.9813, 31.8492, 132.3383
5.8873, 32.4800, 132.9760
5.8313, 33.1157, 133.6142
5.8132, 33.7539, 134.2526
5.8330, 34.3923, 134.8913
5.8906, 35.0284, 135.5300
5.9857, 35.6597, 136.1685
6.1180, 36.2840, 136.8066
6.2871, 36.8989, 137.4444
6.4923, 37.5020, 138.0814
6.7332, 38.0911, 138.7179
7.0089, 38.6641, 139.3537
7.3187, 39.2190, 139.9893
7.6616, 39.7537, 140.6245
8.0363, 40.2662, 141.2593
8.4415, 40.7551, 141.8943
8.8757, 41.2185, 142.5294
9.3373, 41.6545, 143.1643
9.8246, 42.0618, 143.7994
10.3357, 42.4387, 144.4345
10.8689, 42.7843, 145.0699
11.4220, 43.0967, 145.7051
11.9932, 43.3752, 146.3406
12.5801, 43.6185, 146.9759
13.1807, 43.8260, 147.6113
13.7929, 43.9969, 148.2469
14.4142, 44.1302, 148.8824
15.0425, 44.2261, 149.5180
15.6755, 44.2836, 150.1536
16.3110, 44.2936, 150.7891
17.1345, 44.2882, 151.6127
17.9581, 44.2909, 152.4363
18.7816, 44.2895, 153.2598
19.6052, 44.2902, 154.0834
20.4287, 44.2899, 154.9069
21.2523, 44.2901, 155.7305
22.0758, 44.2900, 156.5540
22.8994, 44.2900, 157.3776
23.7229, 44.2900, 158.2011
24.5465, 44.2900, 159.0247
25.3699, 44.2991, 159.8481
26.3822, 44.2854, 160.8605
27.3930, 44.2209, 161.8734
28.4003, 44.1208, 162.8856
29.4028, 43.9775, 163.8983
30.3987, 43.7954, 164.9107
31.3866, 43.5726, 165.9234
32.3645, 43.3106, 166.9358
33.3311, 43.0092, 167.9483
34.2848, 42.6691, 168.9609
35.2239, 42.2910, 169.9732
36.1471, 41.8753, 170.9857
37.0527, 41.4225, 171.9982
37.9393, 40.9340, 173.0105
38.8055, 40.4099, 174.0229
39.6499, 39.8513, 175.0353
40.4710, 39.2591, 176.0477
41.2676, 38.6344, 177.0600
42.0383, 37.9780, 178.0724
42.7819, 37.2909, 179.0848
43.4971, 36.5746, 180.0970
44.1829, 35.8300, 181.1093
44.8381, 35.0582, 182.1217
45.4617, 34.2606, 183.1342
46.0525, 33.4384, 184.1466
46.6097, 32.5930, 185.1591
47.1323, 31.7257, 186.1717
47.6196, 30.8379, 187.1845
48.0707, 29.9312, 188.1972
48.4849, 29.0068, 189.2101
48.8615, 28.0663, 190.2232
49.2000, 27.1113, 191.2365
49.4998, 26.1433, 192.2498
49.7605, 25.1638, 193.2634
49.9816, 24.1743, 194.2773
50.1629, 23.1766, 195.2914
50.3040, 22.1723, 196.3055
50.4048, 21.1629, 197.3199
50.4651, 20.1502, 198.3344
50.4954, 19.1359, 199.3492
50.5102, 18.1394, 200.3458
50.5176, 17.1435, 201.3417
50.5213, 16.1476, 202.3376
50.5231, 15.1518, 203.3334
50.5241, 14.1561, 204.3291
50.5245, 13.1603, 205.3249
50.5248, 12.1645, 206.3207
50.5249, 11.1687, 207.3165
50.5249, 10.1729, 208.3123
50.5250, 9.1771, 209.3081
50.5250, 8.1813, 210.3039
50.5250, 7.1855, 211.2997
50.5250, 6.1897, 212.2955
50.5250, 5.1939, 213.2913
50.5250, 4.1982, 214.2870
50.5250, 3.2024, 215.2828
50.5250, 2.2066, 216.2786
50.5250, 1.2108, 217.2744
50.5161, 0.2149, 218.2704
50.4832, -0.8794, 219.3652
50.3596, -1.9815, 220.4742
50.1736, -3.0594, 221.5680
49.9376, -4.1243, 222.6588
49.6589, -5.1761, 223.7468
49.3418, -6.2137, 224.8318
48.9886, -7.2358, 225.9132
48.6011, -8.2412, 226.9907
48.1804, -9.2287, 228.0641
47.7275, -10.1971, 229.1332
47.2431, -11.1455, 230.1981
46.7282, -12.0728, 231.2588
46.1836, -12.9781, 232.3153
45.6101, -13.8604, 233.3676
45.0089, -14.7189, 234.4156
44.3807, -15.5526, 235.4595
43.7266, -16.3608, 236.4993
43.0475, -17.1426, 237.5348
42.3445, -17.8975, 238.5664
41.6187, -18.6245, 239.5936
40.8712, -19.3230, 240.6167
40.1029, -19.9925, 241.6358
39.3151, -20.6322, 242.6506
38.5088, -21.2420, 243.6615
37.6854, -21.8208, 244.6680
36.8457, -22.3687, 245.6706
35.9911, -22.8847, 246.6689
35.1227, -23.3690, 247.6633
34.2416, -23.8208, 248.6534
33.3492, -24.2401, 249.6394
32.4465, -24.6267, 250.6214
31.5348, -24.9800, 251.5992
30.6154, -25.3003, 252.5728
29.6893, -25.5871, 253.5423
28.7578, -25.8407, 254.5077
27.8220, -26.0607, 255.4690
26.8833, -26.2473, 256.4261
25.9428, -26.4007, 257.3790
25.0015, -26.5207, 258.3279
24.0607, -26.6075, 259.2727
23.1217, -26.6615, 260.2133
22.1855, -26.6825, 261.1497
21.2533, -26.6715, 262.0820
20.3261, -26.6277, 263.0102
19.4051, -26.5527, 263.9343
18.4915, -26.4457, 264.8541
17.5862, -26.3078, 265.7698
16.6903, -26.1395, 266.6814
15.8048, -25.9406, 267.5890
14.9308, -25.7125, 268.4922
14.0692, -25.4550, 269.3915
13.2211, -25.1692, 270.2865
12.3872, -24.8555, 271.1774
11.5686, -24.5145, 272.0642
10.7663, -24.1470, 272.9467
9.9808, -23.7535, 273.8252
9.2132, -23.3351, 274.6994
8.4641, -22.8921, 275.5697
7.7345, -22.4256, 276.4357
7.0249, -21.9363, 277.2977
6.3363, -21.4251, 278.1553
5.6691, -20.8926, 279.0089
5.0239, -20.3399, 279.8585
4.4016, -19.7679, 280.7037
3.8025, -19.1773, 281.5450
3.2272, -18.5692, 282.3821
2.6315, -17.9017, 283.2768
2.0641, -17.3943, 284.0379
1.4773, -16.8263, 284.8546
0.5779, -15.8843, 286.1570
-0.3284, -14.9777, 287.4390
-1.2457, -14.0603, 288.7363
-2.1629, -13.1432, 290.0333
-3.0802, -12.2258, 291.3307
-3.9974, -11.3087, 292.6277
-4.9146, -10.3914, 293.9249
-5.8318, -9.4742, 295.2220
-6.7490, -8.5571, 296.5191
-7.6664, -7.6396, 297.8165
-8.5835, -6.7226, 299.1134
-9.5008, -5.8052, 300.4108
-10.4180, -4.8880, 301.7079
-11.3352, -3.9709, 303.0049
-12.2526, -3.0534, 304.3024
-13.1697, -2.1364, 305.5993
-14.0870, -1.2190, 306.8966
-15.0042, -0.3018, 308.1937
-15.9214, 0.6153, 309.4908
-16.8388, 1.5328, 310.7883
-17.7559, 2.4498, 312.0852
-18.6732, 3.3672, 313.3825
-19.5904, 4.2844, 314.6796
-20.5076, 5.2015, 315.9767
-21.4250, 6.1190, 317.2741
-22.3422, 7.0361, 318.5712
-23.2594, 7.9534, 319.8684
-24.1766, 8.8706, 321.1655
-25.1291, 9.8259, 322.5145
-26.1789, 10.7461, 323.9105
-27.3066, 11.4431, 325.2362
-28.5393, 11.9583, 326.5722
-29.8390, 12.2715, 327.9092
-31.1731, 12.3771, 329.2474
-32.5073, 12.2710, 330.5858
-33.8077, 11.9565, 331.9237
-35.0414, 11.4404, 333.2610
-36.1769, 10.7355, 334.5975
-37.1853, 9.8579, 335.9343
-38.0410, 8.8290, 337.2726
-38.7226, 7.6723, 338.6152
-39.2134, 6.4151, 339.9648
-39.5032, 5.0865, 341.3246
-39.6426, 3.7200, 342.6982
-39.7093, 2.3743, 344.0455
-39.7422, 1.0363, 345.3839
-39.7586, -0.2998, 346.7201
-39.7668, -1.6355, 348.0559
-39.7709, -2.9712, 349.3916
-39.7730, -4.3068, 350.7272
-39.7740, -5.6424, 352.0628
-39.7745, -6.9780, 353.3984
-39.7747, -8.3136, 354.7340
-39.7749, -9.6491, 356.0695
-39.7749, -10.9847, 357.4051
-39.7750, -12.3203, 358.7407
-39.7750, -13.6559, 360.0763
-39.7750, -14.9915, 361.4119
-39.7750, -16.3271, 362.7475
-39.7750, -17.6627, 364.0831
-39.7750, -18.9982, 365.4186
-39.7750, -20.3338, 366.7542
-39.7750, -21.6694, 368.0898
-39.7370, -23.0061, 369.4270
-39.6025, -24.3865, 370.8140
-39.3470, -25.7553, 372.2064
-38.9617, -27.0910, 373.5966
-38.4452, -28.3730, 374.9787
-37.7984, -29.5832, 376.3509
-37.0236, -30.7059, 377.7150
-36.1262, -31.7294, 379.0762
-35.1159, -32.6431, 380.4384
-34.0062, -33.4367, 381.8027
-32.8122, -34.1001, 383.1686
-31.5501, -34.6250, 384.5355
-30.2361, -35.0046, 385.9032
-28.8873, -35.2344, 387.2714
-27.5199, -35.2724, 388.6394
-26.2302, -35.2375, 389.9295
-25.5396, -35.2713, 390.6210
-24.8539, -35.3519, 391.3114
-24.1767, -35.4916, 392.0029
-23.5133, -35.6837, 392.6935
-22.8674, -35.9294, 393.3846
-22.2436, -36.2261, 394.0753
-21.6458, -36.5724, 394.7662
-21.0781, -36.9657, 395.4568
-20.5442, -37.4037, 396.1474
-20.0474, -37.8837, 396.8382
-19.5912, -38.4023, 397.5289
-19.1785, -38.9563, 398.2197
-18.8119, -39.5425, 398.9111
-18.4939, -40.1567, 399.6028
-18.2263, -40.7954, 400.2952
-18.0111, -41.4542, 400.9883
-17.8492, -42.1292, 401.6824
-17.7417, -42.8159, 402.3775
-17.6888, -43.5098, 403.0734
-17.6908, -44.2064, 403.7700
-17.7472, -44.9011, 404.4670
-17.8574, -45.5890, 405.1637
-18.0208, -46.2656, 405.8597
-18.2362, -46.9258, 406.5542
-18.5026, -47.5655, 407.2471
-18.8188, -48.1802, 407.9384
-19.1835, -48.7663, 408.6287
-19.5945, -49.3200, 409.3183
-20.0494, -49.8381, 410.0077
-20.5452, -50.3177, 410.6975
-21.0786, -50.7553, 411.3875
-21.6459, -51.1484, 412.0777
-22.2434, -51.4944, 412.7681
-22.8671, -51.7910, 413.4587
-23.5128, -52.0364, 414.1495
-24.1763, -52.2290, 414.8404
-24.8533, -52.3672, 415.5314
-25.5393, -52.4507, 416.2224
-26.2300, -52.4650, 416.9133
-27.0542, -52.4575, 417.7375
-27.8783, -52.4613, 418.5616
-28.7025, -52.4594, 419.3858
-29.5267, -52.4603, 420.2100
-30.3508, -52.4598, 421.0341
-31.1729, -52.4189, 421.8572
-32.6052, -52.4814, 423.2909
-34.0074, -52.8438, 424.7392
-35.3303, -53.3888, 426.1699
-36.5524, -54.1496, 427.6095
-37.6361, -55.0924, 429.0459
-38.5560, -56.1985, 430.4845
-39.2886, -57.4420, 431.9278
-39.8163, -58.7935, 433.3787
-40.1278, -60.2218, 434.8405
-40.2189, -61.6928, 436.3144
-40.0927, -63.1699, 437.7968
-39.7590, -64.6138, 439.2788
-39.2303, -65.9817, 440.7453
-38.5156, -67.2323, 442.1857
-37.6186, -68.3336, 443.6061
-36.5486, -69.2689, 445.0273
-35.3330, -70.0225, 446.4575
-34.0086, -70.5751, 447.8926
-32.6111, -70.9124, 449.3302
-31.1748, -70.9686, 450.7676
-29.7731, -70.9407, 452.1696
-28.3714, -70.9546, 453.5714
-26.9696, -70.9477, 454.9732
-25.5678, -70.9512, 456.3750
-24.1660, -70.9494, 457.7768
-22.7642, -70.9503, 459.1786
-21.3624, -70.9499, 460.5804
-19.9606, -70.9501, 461.9822
-18.5588, -70.9500, 463.3840
-17.1570, -70.9500, 464.7858
-15.7552, -70.9500, 466.1876
-14.3534, -70.9500, 467.5894
-12.9516, -70.9500, 468.9912
-11.5498, -70.9500, 470.3930
-10.1480, -70.9500, 471.7948
-8.7462, -70.9500, 473.1966
-7.3444, -70.9500, 474.5984
-5.9426, -70.9500, 476.0002
-4.5408, -70.9500, 477.4020
-3.1390, -70.9500, 478.8038
-1.7372, -70.9500, 480.2056
-0.3354, -70.9500, 481.6074
1.0664, -70.9500, 483.0092
2.4682, -70.9500, 484.4110
3.8671, -71.0132, 485.8113
5.3440, -70.9173, 487.2913
6.7787, -70.5139, 488.7816
8.1166, -69.8866, 490.2593
9.3235, -69.0248, 491.7423
10.3575, -67.9624, 493.2248
11.1872, -66.7280, 494.7122
11.7872, -65.3570, 496.2087
12.1411, -63.8884, 497.7193
12.3796, -62.3639, 499.2624
12.5165, -61.4208, 500.2154
12.5939, -60.9569, 500.6857
12.6883, -60.4977, 501.1545
12.8033, -60.0442, 501.6223
12.9405, -59.5976, 502.0895
13.1005, -59.1594, 502.5560
13.2832, -58.7309, 503.0219
13.4886, -58.3131, 503.4874
13.7163, -57.9072, 503.9528
13.9656, -57.5147, 504.4178
14.2359, -57.1363, 504.8828
14.5263, -56.7733, 505.3477
14.8362, -56.4266, 505.8127
15.1645, -56.0972, 506.2778
15.5102, -55.7863, 506.7427
15.8723, -55.4946, 507.2077
16.2498, -55.2230, 507.6727
16.6415, -54.9721, 508.1379
17.0463, -54.7430, 508.6030
17.4629, -54.5362, 509.0681
17.8902, -54.3521, 509.5334
18.3268, -54.1916, 509.9986
18.7716, -54.0550, 510.4639
19.2231, -53.9426, 510.9292
19.6800, -53.8548, 511.3944
20.1410, -53.7920, 511.8597
20.6048, -53.7542, 512.3250
21.0700, -53.7472, 512.7903
21.9806, -53.7514, 513.7009
22.8912, -53.7493, 514.6115
23.8018, -53.7503, 515.5221
24.7124, -53.7498, 516.4327
25.6229, -53.7501, 517.3432
26.5335, -53.7500, 518.2538
27.4441, -53.7500, 519.1644
28.3547, -53.7500, 520.0750
29.2653, -53.7500, 520.9856
30.1759, -53.7500, 521.8962
31.0865, -53.7500, 522.8068
31.9971, -53.7500, 523.7174
32.9076, -53.7500, 524.6279
33.8182, -53.7500, 525.5385
34.7288, -53.7500, 526.4491
35.6394, -53.7500, 527.3597
36.5498, -53.7621, 528.2702
37.9649, -53.7439, 529.6854
39.3777, -53.6450, 531.1016
40.7845, -53.4939, 532.5165
42.1838, -53.2770, 533.9325
43.5719, -53.0012, 535.3478
44.9469, -52.6646, 536.7634
46.3057, -52.2682, 538.1788
47.6459, -51.8130, 539.5942
48.9650, -51.2996, 541.0097
50.2603, -50.7294, 542.4249
51.5296, -50.1029, 543.8404
52.7701, -49.4217, 545.2557
53.9797, -48.6870, 546.6709
55.1561, -47.9002, 548.0862
56.2969, -47.0626, 549.5015
57.4000, -46.1761, 550.9166
58.4633, -45.2421, 552.3319
59.4848, -44.2626, 553.7471
60.4624, -43.2393, 555.1623
61.3944, -42.1743, 556.5776
62.2790, -41.0694, 557.9929
63.1144, -39.9270, 559.4082
63.8991, -38.7488, 560.8238
64.6315, -37.5374, 562.2394
65.3103, -36.2950, 563.6551
65.9343, -35.0239, 565.0711
66.5022, -33.7265, 566.4874
67.0129, -32.4054, 567.9038
67.4656, -31.0628, 569.3206
67.8594, -29.7016, 570.7377
68.1936, -28.3240, 572.1552
68.4676, -26.9330, 573.5729
68.6810, -25.5310, 574.9911
68.8334, -24.1207, 576.4096
68.9246, -22.7049, 577.8283
68.9703, -21.2864, 579.2476
68.9927, -19.8951, 580.6390
69.0038, -18.5044, 582.0298
69.0094, -17.1140, 583.4202
69.0122, -15.7237, 584.8105
69.0136, -14.3333, 586.2009
69.0143, -12.9430, 587.5912
69.0147, -11.5527, 588.9815
69.0148, -10.1623, 590.3719
69.0149, -8.7720, 591.7622
69.0150, -7.3817, 593.1525
69.0150, -5.9913, 594.5429
69.0150, -4.6010, 595.9332
69.0150, -3.2107, 597.3235
69.0150, -1.8203, 598.7139
69.0150, -0.4300, 600.1042
69.0150, 0.9603, 601.4945
69.0150, 2.3507, 602.8849
69.0150, 3.7410, 604.2752
69.0150, 5.1313, 605.6655
69.0150, 6.5217, 607.0559
69.0150, 7.9120, 608.4462
69.0150, 9.3023, 609.8365
69.0150, 10.6927, 611.2269
69.0150, 12.0830, 612.6172
69.0150, 13.4733, 614.0075
69.0150, 14.8637, 615.3979
69.0150, 16.2540, 616.7882
69.0150, 17.6443, 618.1785
69.0150, 19.0347, 619.5689
69.0033, 20.4251, 620.9594
68.9618, 21.8412, 622.3761
68.8821, 23.2562, 623.7933
68.7598, 24.6683, 625.2107
68.5929, 26.0757, 626.6280
68.3804, 27.4767, 628.0450
68.1221, 28.8698, 629.4618
67.8180, 30.2533, 630.8784
67.4681, 31.6259, 632.2948
67.0729, 32.9858, 633.7110
66.6326, 34.3315, 635.1269
66.1478, 35.6615, 636.5425
65.6188, 36.9744, 637.9580
65.0463, 38.2689, 639.3734
64.4310, 39.5431, 640.7884
63.7734, 40.7961, 642.2035
63.0743, 42.0262, 643.6184
62.3343, 43.2321, 645.0332
61.5545, 44.4125, 646.4479
60.7356, 45.5660, 647.8626
59.8785, 46.6915, 649.2773
58.9843, 47.7876, 650.6918
58.0538, 48.8532, 652.1065
57.0882, 49.8869, 653.5211
56.0884, 50.8878, 654.9358
55.0558, 51.8547, 656.3504
53.9913, 52.7864, 657.7650
52.8962, 53.6821, 659.1798
51.7718, 54.5404, 660.5943
50.6193, 55.3609, 662.0091
49.4400, 56.1423, 663.4238
48.2351, 56.8838, 664.8385
47.0061, 57.5846, 666.2533
45.7543, 58.2439, 667.6681
44.4812, 58.8611, 669.0829
43.1881, 59.4353, 670.4978
41.8765, 59.9661, 671.9127
40.5480, 60.4526, 673.3275
39.2039, 60.8945, 674.7424
37.8457, 61.2911, 676.1573
36.4750, 61.6421, 677.5722
35.0934, 61.9472, 678.9871
33.7023, 62.2058, 680.4020
32.3034, 62.4179, 681.8169
30.8981, 62.5831, 683.2319
29.4880, 62.7012, 684.6469
28.0749, 62.7720, 686.0618
26.6600, 62.7840, 687.4768
25.2141, 62.7780, 688.9227
23.7682, 62.7810, 690.3686
22.3224, 62.7795, 691.8144
20.8765, 62.7803, 693.2603
19.4306, 62.7799, 694.7062
17.9847, 62.7801, 696.1521
16.5389, 62.7800, 697.5979
15.0930, 62.7800, 699.0438
13.6471, 62.7800, 700.4897
12.2012, 62.7800, 701.9356
10.7554, 62.7800, 703.3814
9.3095, 62.7800, 704.8273
7.8636, 62.7800, 706.2732
6.4177, 62.7800, 707.7191
4.9719, 62.7800, 709.1649
3.5260, 62.7800, 710.6108
2.0801, 62.7800, 712.0567
0.6342, 62.7800, 713.5026
-0.8116, 62.7800, 714.9484
-2.2575, 62.7800, 716.3943
-3.7034, 62.7800, 717.8402
-5.1493, 62.7800, 719.2861
-6.5951, 62.7800, 720.7319
-8.0410, 62.7800, 722.1778
-9.4869, 62.7800, 723.6237
-10.9328, 62.7800, 725.0696
-12.3786, 62.7800, 726.5154
-13.8245, 62.7800, 727.9613
-15.2704, 62.7800, 729.4072
-16.7162, 62.7800, 730.8530
-18.1621, 62.7800, 732.2989
-19.6080, 62.7800, 733.7448
-21.0539, 62.7800, 735.1907
-22.4997, 62.7800, 736.6365
-23.9456, 62.7800, 738.0824
-25.3915, 62.7800, 739.5283
-26.8374, 62.7800, 740.9742
-28.2832, 62.7800, 742.4200
-29.7291, 62.7800, 743.8659
-31.1729, 62.8348, 745.3107
-32.5064, 62.7519, 746.6468
-33.8087, 62.4265, 747.9891
-35.0409, 61.9149, 749.3233
-36.1771, 61.2084, 750.6613
-37.1853, 60.3313, 751.9976
-38.0410, 59.3023, 753.3359
-38.7226, 58.1456, 754.6785
-39.2134, 56.8883, 756.0282
-39.5032, 55.5597, 757.3880
-39.5879, 54.1914, 758.7589
-39.4706, 52.8173, 760.1380
-39.1602, 51.4742, 761.5165
-38.6683, 50.2016, 762.8809
-38.0035, 49.0383, 764.2208
-37.2043, 48.0525, 765.4898
-36.3670, 47.2097, 766.6778
ENDTABLE

LOG_ENTRY Used Dataset: Path: X-Y Coordinates; { * * * HUR Tracks } Autocross Course #2
#Library : Path: X-Y Coordinates
#DataSet : Autocross Course #2
#Category: * * * HUR Tracks
#FileID  : PathXY_27d1115e-f43e-4e8f-a007-18289cb06f75
#Product : CarSim 2020.0
#VehCode X-Y Coordinates of Path

END
