PARSFILE
#FullDataName Generic Table`Generator efficiency`Powertrain (HEV / EV)
#RingCtrl0 CARPET
#CheckBox0 1    

*3D_XLabel Generator torque load (N-m)
*3D_YLabel Generator speed (RPM)
*3D_ZLabel Efficiency (-)

#DiagramTwo0
*3D_DATA 13, 19 ! columns x rows
r_eff_gnrtr_CARPET 2D_LINEAR
0, -55, -45, -35, -25, -15, -5, 0, 5, 15, 25, 35, 45, 55
-5500, 0.836, 0.8455, 0.855, 0.8645, 0.855, 0.7505, 0.7505, 0.7505, 0.855, 0.8645, 0.855, 0.8455, 0.836
-4000, 0.836, 0.8455, 0.855, 0.8645, 0.855, 0.7505, 0.7505, 0.7505, 0.855, 0.8645, 0.855, 0.8455, 0.836
-3500, 0.8265, 0.836, 0.855, 0.855, 0.855, 0.76, 0.76, 0.76, 0.855, 0.855, 0.855, 0.836, 0.8265
-3000, 0.8075, 0.8265, 0.8455, 0.855, 0.855, 0.7695, 0.7695, 0.7695, 0.855, 0.855, 0.8455, 0.8265, 0.8075
-2500, 0.7885, 0.8075, 0.8265, 0.8455, 0.8455, 0.779, 0.779, 0.779, 0.8455, 0.8455, 0.8265, 0.8075, 0.7885
-2000, 0.76, 0.7885, 0.8075, 0.8265, 0.8455, 0.779, 0.779, 0.779, 0.8455, 0.8265, 0.8075, 0.7885, 0.76
-1500, 0.722, 0.7505, 0.779, 0.8075, 0.8265, 0.779, 0.779, 0.779, 0.8265, 0.8075, 0.779, 0.7505, 0.722
-1000, 0.646, 0.684, 0.722, 0.76, 0.798, 0.7695, 0.76, 0.7695, 0.798, 0.76, 0.722, 0.684, 0.646
-500, 0.494, 0.5415, 0.5985, 0.6555, 0.7315, 0.76, 0.76, 0.76, 0.7315, 0.6555, 0.5985, 0.5415, 0.494
0, 0.494, 0.5415, 0.5985, 0.6555, 0.7315, 0.76, 0.76, 0.76, 0.7315, 0.6555, 0.5985, 0.5415, 0.494
500, 0.494, 0.5415, 0.5985, 0.6555, 0.7315, 0.76, 0.76, 0.76, 0.7315, 0.6555, 0.5985, 0.5415, 0.494
1000, 0.646, 0.684, 0.722, 0.76, 0.798, 0.7695, 0.76, 0.7695, 0.798, 0.76, 0.722, 0.684, 0.646
1500, 0.722, 0.7505, 0.779, 0.8075, 0.8265, 0.779, 0.779, 0.779, 0.8265, 0.8075, 0.779, 0.7505, 0.722
2000, 0.76, 0.7885, 0.8075, 0.8265, 0.8455, 0.779, 0.779, 0.779, 0.8455, 0.8265, 0.8075, 0.7885, 0.76
2500, 0.7885, 0.8075, 0.8265, 0.8455, 0.8455, 0.779, 0.779, 0.779, 0.8455, 0.8455, 0.8265, 0.8075, 0.7885
3000, 0.8075, 0.8265, 0.8455, 0.855, 0.855, 0.7695, 0.7695, 0.7695, 0.855, 0.855, 0.8455, 0.8265, 0.8075
3500, 0.8265, 0.836, 0.855, 0.855, 0.855, 0.76, 0.76, 0.76, 0.855, 0.855, 0.855, 0.836, 0.8265
4000, 0.836, 0.8455, 0.855, 0.8645, 0.855, 0.7505, 0.7505, 0.7505, 0.855, 0.8645, 0.855, 0.8455, 0.836
5500, 0.836, 0.8455, 0.855, 0.8645, 0.855, 0.7505, 0.7505, 0.7505, 0.855, 0.8645, 0.855, 0.8455, 0.836
ENDTABLE

#RadioCtrl0 0    
#RadioCtrl1 0    

*KEYWORD r_eff_gnrtr
*X_LABEL Generator speed (RPM)
*Y_LABEL Efficiency (-)
*X_LABEL_2 Generator torque load (N-m)


LOG_ENTRY Used Dataset: Generic Table; { Powertrain (HEV / EV) } Generator efficiency
#Library : Generic Table
#DataSet : Generator efficiency
#Category: Powertrain (HEV / EV)
#FileID  : GenTab_1a3ad104-4c12-4abe-9041-6f0e6fcd4440
#Product : CarSim 2020.0
#VehCode table

END
