PARSFILE
#FullDataName Generic Table`Motor efficiency`Powertrain (HEV / EV)
#RingCtrl0 CARPET
#CheckBox0 1    

*3D_XLabel Motor output torque (N-m)
*3D_YLabel Motor speed (RPM)
*3D_ZLabel Efficiency (-)

#DiagramTwo0
*3D_DATA 23, 11 ! columns x rows
r_eff_motor_CARPET 2D_LINEAR
0, -305, -275, -245, -215, -185, -155, -125, -95, -65, -35, -5, 0, 5, 35, 65, 95, 125, 155, 185, 215, 245, 275, 305
0, 0.85975, 0.85975, 0.85975, 0.85975, 0.85975, 0.85975, 0.85975, 0.85975, 0.85975, 0.85975, 0.85975, 0.85975, 0.85975, 0.85975, 0.85975, 0.85975, 0.85975, 0.85975, 0.85975, 0.85975, 0.85975, 0.85975, 0.85975
500, 0.532, 0.5605, 0.589, 0.6175, 0.646, 0.684, 0.722, 0.76, 0.8075, 0.855, 0.8265, 0.85975, 0.8265, 0.855, 0.8075, 0.76, 0.722, 0.684, 0.646, 0.6175, 0.589, 0.5605, 0.532
1000, 0.684, 0.703, 0.722, 0.741, 0.7695, 0.7885, 0.817, 0.8455, 0.8645, 0.893, 0.8075, 0.85975, 0.8075, 0.893, 0.8645, 0.8455, 0.817, 0.7885, 0.7695, 0.741, 0.722, 0.703, 0.684
1500, 0.684, 0.703, 0.722, 0.741, 0.817, 0.836, 0.855, 0.874, 0.8835, 0.893, 0.7885, 0.85975, 0.7885, 0.893, 0.8835, 0.874, 0.855, 0.836, 0.817, 0.741, 0.722, 0.703, 0.684
2000, 0.684, 0.703, 0.722, 0.741, 0.817, 0.836, 0.874, 0.8835, 0.9025, 0.9025, 0.779, 0.85975, 0.779, 0.9025, 0.9025, 0.8835, 0.874, 0.836, 0.817, 0.741, 0.722, 0.703, 0.684
2500, 0.684, 0.703, 0.722, 0.741, 0.817, 0.836, 0.874, 0.893, 0.9025, 0.9025, 0.7695, 0.85975, 0.7695, 0.9025, 0.9025, 0.893, 0.874, 0.836, 0.817, 0.741, 0.722, 0.703, 0.684
3000, 0.684, 0.703, 0.722, 0.741, 0.817, 0.836, 0.874, 0.9025, 0.912, 0.9025, 0.7695, 0.85975, 0.7695, 0.9025, 0.912, 0.9025, 0.874, 0.836, 0.817, 0.741, 0.722, 0.703, 0.684
3500, 0.684, 0.703, 0.722, 0.741, 0.817, 0.836, 0.874, 0.9025, 0.912, 0.9025, 0.76, 0.85975, 0.76, 0.9025, 0.912, 0.9025, 0.874, 0.836, 0.817, 0.741, 0.722, 0.703, 0.684
4000, 0.684, 0.703, 0.722, 0.741, 0.817, 0.836, 0.874, 0.9025, 0.9025, 0.9025, 0.76, 0.85975, 0.76, 0.9025, 0.9025, 0.9025, 0.874, 0.836, 0.817, 0.741, 0.722, 0.703, 0.684
4500, 0.684, 0.703, 0.722, 0.741, 0.817, 0.836, 0.874, 0.9025, 0.9025, 0.9025, 0.7505, 0.85975, 0.7505, 0.9025, 0.9025, 0.9025, 0.874, 0.836, 0.817, 0.741, 0.722, 0.703, 0.684
6000, 0.684, 0.703, 0.722, 0.741, 0.817, 0.836, 0.874, 0.9025, 0.9025, 0.9025, 0.7505, 0.85975, 0.7505, 0.9025, 0.9025, 0.9025, 0.874, 0.836, 0.817, 0.741, 0.722, 0.703, 0.684
ENDTABLE

#RadioCtrl0 0    
#RadioCtrl1 0    

*KEYWORD r_eff_motor
*X_LABEL Motor speed (RPM)
*Y_LABEL Efficiency (-)
*X_LABEL_2 Motor output torque (N-m)


LOG_ENTRY Used Dataset: Generic Table; { Powertrain (HEV / EV) } Motor efficiency
#Library : Generic Table
#DataSet : Motor efficiency
#Category: Powertrain (HEV / EV)
#FileID  : GenTab_5b8c0469-aae6-4203-af41-03e86e82d3cb
#Product : CarSim 2020.0
#VehCode table

END
