PARSFILE
#FullDataName Powertrain: Fuel Consumption Rate`1.5L, 43 kW Gasoline Engine`
#CheckBox0 0    

#RingCtrl0 CARPET
#RadioCtrl0 0    
#RadioCtrl1 0    

*3D_XLabel Throttle (-)
*3D_YLabel Engine speed (rpm)
*3D_ZLabel Fuel rate (kg/sec)

#DiagramTwo0
*3D_DATA 20, 61 ! columns x rows
FUEL_RATE_CARPET 2D_LINEAR
0, 0, 0.1, 0.15, 0.2, 0.25, 0.3, 0.35, 0.4, 0.45, 0.5, 0.55, 0.6, 0.65, 0.7, 0.75, 0.8, 0.85, 0.9, 0.95, 1
999.81, 0, 0.00050574, 0.00025364, 0.00018405, 0.00017941, 0.00019874, 0.00022426, 0.00024978, 0.00027297, 0.00029463, 0.00031473, 0.00033639, 0.00035958, 0.00038742, 0.00042145, 0.00046321, 0.00051424, 0.00057688, 0.00065112, 0.00074005
1050.4, 0, 0.00052159, 0.00026744, 0.00019785, 0.00019472, 0.00021505, 0.00024164, 0.00026823, 0.00029325, 0.00031593, 0.00033782, 0.00035972, 0.00038474, 0.00041446, 0.00044965, 0.00049266, 0.00054505, 0.00060918, 0.00068581, 0.00077653
1100.1, 0, 0.00053689, 0.0002807, 0.00021191, 0.00020954, 0.00023088, 0.00025856, 0.00028702, 0.00031312, 0.00033684, 0.00035977, 0.00038349, 0.00040958, 0.00044042, 0.00047679, 0.00052107, 0.00057563, 0.00064126, 0.00071954, 0.00081442
1149.7, 0, 0.00055239, 0.00029418, 0.00022543, 0.00022383, 0.00024622, 0.00027579, 0.00030537, 0.00033255, 0.00035733, 0.00038131, 0.00040689, 0.00043407, 0.00046605, 0.00050362, 0.00054999, 0.00060595, 0.00067309, 0.00075303, 0.00084736
1200.3, 0, 0.00056648, 0.00030708, 0.00023839, 0.00023758, 0.00026182, 0.00029253, 0.00032324, 0.00035152, 0.00037819, 0.00040324, 0.0004291, 0.00045819, 0.00049132, 0.00053092, 0.0005786, 0.00063597, 0.00070466, 0.00078709, 0.00088083
1250, 0, 0.00058074, 0.00031937, 0.00025076, 0.00025157, 0.00027935, 0.00031038, 0.00034142, 0.00036838, 0.00039451, 0.00042065, 0.00045251, 0.00048191, 0.00051622, 0.00055706, 0.00060607, 0.00066569, 0.00073594, 0.0008168, 0.00091482
1299.7, 0, 0.00059374, 0.00033105, 0.00026352, 0.00026434, 0.00029564, 0.00032693, 0.00035905, 0.00039034, 0.00041669, 0.00044304, 0.00047763, 0.00051222, 0.00054022, 0.00058221, 0.00063327, 0.00069339, 0.00076585, 0.0008482, 0.00095526
1350.3, 0, 0.00060563, 0.00034217, 0.00027423, 0.00027672, 0.00030737, 0.00034217, 0.00037531, 0.00040762, 0.00043745, 0.00046313, 0.00049544, 0.0005377, 0.00056338, 0.00060646, 0.00065783, 0.00071997, 0.0007937, 0.00087821, 0.00098591
1399.9, 0, 0.00061679, 0.00035257, 0.00028589, 0.00028922, 0.00031923, 0.00035424, 0.00038841, 0.00042342, 0.00045676, 0.0004826, 0.00051427, 0.00055678, 0.00059762, 0.00063013, 0.00068347, 0.00074598, 0.000821, 0.00090851, 0.0010169
1449.6, 0, 0.00062804, 0.00036307, 0.00029683, 0.00030102, 0.00033121, 0.00036642, 0.0004008, 0.00043602, 0.0004704, 0.00050058, 0.00053329, 0.00057605, 0.00061881, 0.00065403, 0.00070769, 0.00077226, 0.00084689, 0.00093912, 0.0010481
1500.2, 0, 0.00063937, 0.00037367, 0.00030872, 0.00031378, 0.0003433, 0.00037789, 0.00041331, 0.00044874, 0.0004867, 0.00051538, 0.00055334, 0.0005972, 0.00064106, 0.00067733, 0.000733, 0.00079879, 0.00087724, 0.00097003, 0.0010712
1549.9, 0, 0.00065065, 0.00038428, 0.00031981, 0.00032575, 0.00035544, 0.00039022, 0.00042585, 0.00046317, 0.00050389, 0.00053273, 0.00057345, 0.00061756, 0.00066252, 0.00070579, 0.00075753, 0.00082455, 0.00090768, 0.001001, 0.0011028
1600.5, 0, 0.00066115, 0.00039533, 0.00033058, 0.00033739, 0.00036636, 0.00040214, 0.00043963, 0.00047968, 0.00052057, 0.0005521, 0.00059384, 0.00063644, 0.0006816, 0.0007259, 0.00078128, 0.00084944, 0.00092868, 0.0010224, 0.0011332
1650.1, 0, 0.0006718, 0.00040565, 0.00034146, 0.00035002, 0.00037826, 0.00041506, 0.00045614, 0.00049722, 0.00053744, 0.00057253, 0.00061446, 0.0006564, 0.0007009, 0.00074455, 0.00080531, 0.00087292, 0.0009585, 0.0010526, 0.0011639
1699.8, 0, 0.0006833, 0.000416, 0.00035325, 0.00036185, 0.00039107, 0.00043233, 0.00047272, 0.00051398, 0.00055438, 0.00059306, 0.00063431, 0.00067643, 0.00072026, 0.00076495, 0.00083371, 0.00090248, 0.00097983, 0.001083, 0.0011947
1750.4, 0, 0.00069401, 0.00042728, 0.00036427, 0.000366, 0.00040743, 0.00044886, 0.00048943, 0.00053087, 0.0005723, 0.0006146, 0.00065862, 0.00070178, 0.0007458, 0.00079242, 0.00084766, 0.00092362, 0.0010099, 0.0011049, 0.0012171
1800, 0, 0.00070574, 0.0004387, 0.00037628, 0.00038668, 0.00042656, 0.00046818, 0.0005098, 0.00055054, 0.00059303, 0.00063985, 0.00068753, 0.00073435, 0.00078117, 0.00082538, 0.00088434, 0.0009537, 0.0010317, 0.0011358, 0.0012485
1849.7, 0, 0.00071795, 0.00045046, 0.0003886, 0.00039993, 0.00045569, 0.00048793, 0.00052975, 0.0005707, 0.00061427, 0.00066132, 0.00070837, 0.00075629, 0.00080334, 0.00085213, 0.00091487, 0.00099328, 0.001063, 0.0011675, 0.0012808
1900.3, 0, 0.00073058, 0.00046253, 0.00040121, 0.00041435, 0.00049757, 0.00050983, 0.00055013, 0.00059218, 0.0006351, 0.00068328, 0.00073058, 0.00077789, 0.00082782, 0.000876, 0.00093732, 0.0010162, 0.001095, 0.0011914, 0.001314
1950, 0, 0.00074428, 0.00047563, 0.00041486, 0.00042807, 0.00046859, 0.00054962, 0.00057076, 0.00061304, 0.00065708, 0.00070464, 0.00075308, 0.00080241, 0.0008535, 0.00090722, 0.00096007, 0.0010393, 0.0011186, 0.0012243, 0.0013388
1999.6, 0, 0.00075799, 0.0004888, 0.00042858, 0.00044275, 0.00048348, 0.00059063, 0.00060391, 0.00063402, 0.00067918, 0.000727, 0.00077747, 0.00082883, 0.00088019, 0.00092978, 0.00098291, 0.0010626, 0.0011511, 0.0012574, 0.0013725
2050.2, 0, 0.00077269, 0.00050207, 0.00044243, 0.00045756, 0.0004994, 0.00064183, 0.00064539, 0.00065875, 0.00070059, 0.00075222, 0.00080385, 0.00085548, 0.000908, 0.00096142, 0.0010059, 0.001086, 0.0011751, 0.0012819, 0.0014065
2099.9, 0, 0.00078734, 0.00051624, 0.00045719, 0.0004733, 0.00051624, 0.00056635, 0.00068713, 0.00070055, 0.00072471, 0.00077749, 0.00082939, 0.00088128, 0.00093049, 0.00098417, 0.0010379, 0.0011184, 0.0012078, 0.0013152, 0.0014405
2149.5, 0, 0.00080093, 0.00052976, 0.0004714, 0.00048846, 0.00053156, 0.00058363, 0.0007273, 0.00074167, 0.00075783, 0.00079913, 0.00085211, 0.00090688, 0.00096075, 0.0010146, 0.0010595, 0.0011403, 0.0012391, 0.0013468, 0.0014726
2200.2, 0, 0.0008155, 0.00054336, 0.00048569, 0.00050371, 0.00054877, 0.00060103, 0.00078666, 0.00078215, 0.00079657, 0.00083262, 0.00087317, 0.00092813, 0.0009822, 0.0010363, 0.0010903, 0.0011624, 0.0012615, 0.0013697, 0.0014958
2249.8, 0, 0.00083015, 0.00055886, 0.00050098, 0.00051997, 0.00056519, 0.00061854, 0.00067189, 0.00082382, 0.00083829, 0.00086813, 0.0009043, 0.00094952, 0.0010038, 0.001058, 0.0011123, 0.0011846, 0.0012931, 0.0014017, 0.0015283
2300.4, 0, 0.00084588, 0.0005736, 0.00051642, 0.00053639, 0.00058268, 0.00063714, 0.00069159, 0.00086585, 0.00087946, 0.00090125, 0.0009439, 0.00098021, 0.0010256, 0.00108, 0.0011436, 0.0012253, 0.001316, 0.001434, 0.0015611
2350.1, 0, 0.00086162, 0.00058929, 0.00053282, 0.00055286, 0.00060113, 0.00065578, 0.00071133, 0.00092902, 0.00091991, 0.00093812, 0.00098366, 0.0010201, 0.0010474, 0.0011021, 0.001184, 0.001266, 0.0013389, 0.0014664, 0.0015939
2399.7, 0, 0.00087835, 0.00060598, 0.00055023, 0.00057125, 0.00061969, 0.00067545, 0.0007312, 0.00078513, 0.0009597, 0.00097798, 0.0010145, 0.0010602, 0.0010877, 0.0011334, 0.0012156, 0.0012979, 0.001371, 0.0014898, 0.0016269
2450.3, 0, 0.00089528, 0.00062285, 0.00056781, 0.00058891, 0.00063844, 0.00069531, 0.00075219, 0.00080722, 0.001009, 0.0010182, 0.0010457, 0.0010916, 0.0011283, 0.001165, 0.0012384, 0.0013209, 0.0014035, 0.0015227, 0.0016603
2500, 0, 0.00091314, 0.00064067, 0.00058544, 0.00060753, 0.00065816, 0.00071615, 0.00077414, 0.00082937, 0.0010862, 0.0010678, 0.0010862, 0.0011322, 0.001169, 0.0012059, 0.0012611, 0.0013439, 0.001436, 0.0015556, 0.0016845
2549.7, 0, 0.00093304, 0.00065867, 0.00060417, 0.00062726, 0.00067807, 0.00073719, 0.00079539, 0.00085267, 0.00090625, 0.0011086, 0.0011178, 0.001164, 0.0012102, 0.0012471, 0.0012933, 0.0013672, 0.0014688, 0.0015889, 0.0017183
2600.3, 0, 0.00095481, 0.00067764, 0.00062387, 0.00064705, 0.00069896, 0.00075829, 0.00081854, 0.00087601, 0.000927, 0.0011495, 0.001168, 0.0011958, 0.0012422, 0.0012885, 0.0013256, 0.0013998, 0.0015017, 0.0016222, 0.001752
2649.9, 0, 0.00096751, 0.00069679, 0.00064377, 0.00066796, 0.00072098, 0.00078145, 0.00084192, 0.0008996, 0.00095821, 0.0012373, 0.0012094, 0.0012373, 0.0012838, 0.001321, 0.0013675, 0.0014234, 0.001535, 0.0016559, 0.0017862
2699.6, 0, 0.00098951, 0.00071693, 0.00066372, 0.00068892, 0.00074307, 0.00080374, 0.00086535, 0.00092417, 0.00098017, 0.0010362, 0.0012509, 0.0012696, 0.0013162, 0.0013629, 0.0014003, 0.0014563, 0.0015683, 0.0016896, 0.0018203
2750.2, 0, 0.0010116, 0.00073812, 0.00068566, 0.00071096, 0.00076528, 0.00082711, 0.00088987, 0.00094607, 0.0010023, 0.0010585, 0.001302, 0.0013114, 0.0013488, 0.0013957, 0.0014425, 0.00148, 0.0016111, 0.0017235, 0.0018547
2799.9, 0, 0.0010339, 0.00075944, 0.00070774, 0.00073406, 0.00078858, 0.00085155, 0.00091452, 0.0009775, 0.0010339, 0.0010903, 0.0013911, 0.0013535, 0.0013817, 0.0014286, 0.0014756, 0.0015226, 0.0016448, 0.0017576, 0.0018892
2850.5, 0, 0.0010564, 0.00078191, 0.00073004, 0.00075739, 0.00081304, 0.00087718, 0.00094037, 0.00099979, 0.0010564, 0.0011224, 0.001179, 0.0014054, 0.0014242, 0.0014714, 0.0015186, 0.0015563, 0.0016789, 0.0017921, 0.0019336
2900.1, 0, 0.0010789, 0.00080539, 0.00075333, 0.00078173, 0.00083756, 0.00090192, 0.00096533, 0.0010316, 0.0010884, 0.0011451, 0.0012019, 0.0014575, 0.0014575, 0.0015048, 0.0015521, 0.0015994, 0.001713, 0.0018266, 0.0019685
2949.8, 0, 0.0011015, 0.000829, 0.00077772, 0.00080621, 0.00086319, 0.00092871, 0.00099708, 0.0010541, 0.0011205, 0.0011775, 0.0012345, 0.0015478, 0.0015099, 0.0015384, 0.0015858, 0.0016333, 0.0017473, 0.0018612, 0.0020037
3000.4, 0, 0.001134, 0.0008538, 0.00080234, 0.00083188, 0.00089001, 0.0009529, 0.0010196, 0.0010863, 0.0011435, 0.0012102, 0.0012674, 0.0016485, 0.0015532, 0.0015818, 0.0016199, 0.0016771, 0.0017819, 0.0018963, 0.0020392
3050, 0, 0.0011569, 0.00087866, 0.00082894, 0.00085858, 0.0009169, 0.00098478, 0.0010517, 0.0011186, 0.001176, 0.0012334, 0.0013003, 0.0013577, 0.0016158, 0.0016158, 0.0016636, 0.0017114, 0.0018262, 0.0019313, 0.0020747
3099.7, 0, 0.0011799, 0.00090558, 0.00085474, 0.00088543, 0.00094491, 0.0010073, 0.001084, 0.0011416, 0.0012087, 0.0012663, 0.0013334, 0.001391, 0.0017171, 0.0016596, 0.001698, 0.0017459, 0.0018514, 0.0019858, 0.0021201
3150.3, 0, 0.0012129, 0.00093276, 0.0008827, 0.00091351, 0.00097223, 0.0010396, 0.001107, 0.0011744, 0.0012418, 0.0012995, 0.0013669, 0.0014246, 0.0018097, 0.0017038, 0.0017423, 0.0017808, 0.0018867, 0.0020215, 0.0021562
3200, 0, 0.0012362, 0.00096001, 0.00091075, 0.00094262, 0.0010044, 0.001072, 0.0011396, 0.0012072, 0.0012749, 0.0013328, 0.0014004, 0.0014584, 0.0015356, 0.0017771, 0.0017771, 0.0018254, 0.0019219, 0.0020572, 0.0021924
3249.6, 0, 0.0012694, 0.00098838, 0.00093993, 0.000969, 0.0010368, 0.0011047, 0.0011725, 0.0012403, 0.0012985, 0.0013663, 0.0014341, 0.0015019, 0.0015698, 0.0018799, 0.001812, 0.0018605, 0.0019574, 0.0021027, 0.0022384
3300.2, 0, 0.0013027, 0.0010208, 0.00096928, 0.0010014, 0.0010597, 0.0011375, 0.0012055, 0.0012736, 0.0013319, 0.0014, 0.001468, 0.0015361, 0.0016041, 0.0019736, 0.0018666, 0.0019055, 0.001993, 0.0021388, 0.0022749
3349.9, 0, 0.0013267, 0.0010535, 0.0010048, 0.001034, 0.0010926, 0.0011706, 0.0012389, 0.0013072, 0.0013755, 0.001434, 0.0015023, 0.0015706, 0.0016388, 0.0017266, 0.001951, 0.0019412, 0.0020388, 0.0021754, 0.0023217
3399.5, 0, 0.0013604, 0.0010766, 0.0010276, 0.0010668, 0.0011255, 0.0012038, 0.0012723, 0.0013408, 0.0014093, 0.0014681, 0.0015366, 0.0016051, 0.0016834, 0.0017617, 0.0020455, 0.001977, 0.0020846, 0.0022119, 0.0023587
3450.2, 0, 0.0013943, 0.0011095, 0.0010605, 0.0010997, 0.0011586, 0.0012372, 0.0013059, 0.0013747, 0.0014434, 0.0015121, 0.001571, 0.0016398, 0.0017183, 0.0017969, 0.0021504, 0.0020227, 0.0021209, 0.0022584, 0.0024057
3499.8, 0, 0.0014285, 0.0011428, 0.0010936, 0.001133, 0.0011921, 0.0012709, 0.0013399, 0.0014088, 0.0014778, 0.0015468, 0.0016157, 0.0016847, 0.0017537, 0.0018423, 0.001931, 0.0021182, 0.0021674, 0.0023054, 0.0024433
3550.4, 0, 0.0014628, 0.0011762, 0.0011367, 0.0011663, 0.0012355, 0.0013047, 0.0013739, 0.0014529, 0.0015123, 0.0015814, 0.0016506, 0.0017198, 0.0017989, 0.001878, 0.0019768, 0.002214, 0.002214, 0.0023425, 0.0024908
3600.1, 0, 0.0014975, 0.0012198, 0.0011702, 0.0012, 0.0012694, 0.0013388, 0.0014181, 0.0014876, 0.001557, 0.0016264, 0.0016859, 0.0017652, 0.0018346, 0.0019239, 0.0020132, 0.0023206, 0.0022512, 0.00239, 0.0025388
3649.7, 0, 0.0015321, 0.0012536, 0.0012038, 0.0012436, 0.0013033, 0.0013829, 0.0014526, 0.0015222, 0.0015918, 0.0016615, 0.0017311, 0.0018008, 0.0018804, 0.00196, 0.0020594, 0.0021689, 0.0022982, 0.0024375, 0.0025768
3700.4, 0, 0.001577, 0.0012875, 0.0012376, 0.0012776, 0.0013474, 0.0014173, 0.0014972, 0.001567, 0.0016369, 0.0017068, 0.0017666, 0.0018465, 0.0019164, 0.0020062, 0.002106, 0.0022058, 0.0023855, 0.0024853, 0.002625
3750, 0, 0.0016132, 0.0013226, 0.0012826, 0.0013126, 0.0013828, 0.0014529, 0.0015331, 0.0016032, 0.0016733, 0.0017435, 0.0018136, 0.0018838, 0.0019639, 0.0020541, 0.0021443, 0.0022545, 0.002495, 0.002525, 0.0026753
3799.7, 0, 0.0016482, 0.0013668, 0.0013165, 0.0013568, 0.0014271, 0.0014974, 0.0015779, 0.0016482, 0.0017185, 0.0017889, 0.0018593, 0.0019296, 0.00201, 0.0021005, 0.0021909, 0.0023014, 0.0024221, 0.0025728, 0.0027236
3850.3, 0, 0.0016951, 0.0014025, 0.0013621, 0.0013924, 0.001463, 0.0015438, 0.0016144, 0.0016951, 0.0017658, 0.0018263, 0.0018969, 0.0019776, 0.0020584, 0.0021391, 0.00224, 0.002351, 0.002472, 0.0026234, 0.0027747
3899.9, 0, 0.0017322, 0.0014486, 0.0013979, 0.0014385, 0.0015094, 0.0015803, 0.0016613, 0.0017322, 0.0018031, 0.0018741, 0.001945, 0.002026, 0.0020969, 0.0021881, 0.0022894, 0.0024008, 0.0025224, 0.0026743, 0.0028263
3949.6, 0, 0.0017797, 0.001495, 0.0014441, 0.0014848, 0.001556, 0.0016272, 0.0017086, 0.0017797, 0.0018509, 0.0019221, 0.0019933, 0.0020645, 0.0021459, 0.0022374, 0.0023391, 0.002451, 0.002573, 0.0027154, 0.0028781
4000.2, 0, 0.0018258, 0.00153, 0.0014892, 0.00153, 0.0015912, 0.0016728, 0.0017544, 0.0018258, 0.0018972, 0.0019686, 0.00204, 0.0021114, 0.002193, 0.0022848, 0.0023868, 0.002499, 0.0026214, 0.0027642, 0.0029274
ENDTABLE



LOG_ENTRY Used Dataset: Powertrain: Fuel Consumption Rate; 1.5L, 43 kW Gasoline Engine
#Library : Powertrain: Fuel Consumption Rate
#DataSet : 1.5L, 43 kW Gasoline Engine
#Category: 
#FileID  : FuelRate_6b84fda9-4413-4332-b104-4845f9a1cf1f
#Product : TruckSim 2020.1
#VehCode Fuel Rate

END
