PARSFILE
#FullDataName Road: Off-Center Elevation Map, Variable Width`Road w/ Median`Variable Width Roads
SET_IROAD_DZ_FOR_ID 0
ROAD_N_DZ = ROAD_N_DZ + 1 ! increment count for the road
IDZ_ROAD = ROAD_N_DZ ! set index for the new ID
RD_DZ_ID = ROAD_DZ_ID ! Specify the user ID
set_description RD_DZ_ID ROAD_DZ_ID for: Road w/ Median
set_description ROAD_DZ_ID Road w/ Median
#RingCtrl0 CARPET
#RingCtrl1 1
*3D_DATA 13, 8 ! columns x rows
ROAD_DZ_CARPET VAR_WIDTH
0, 1, 2, 3, 4, 5, 6, 7, 8, 9, 10, 11, 12, 13
0, 0.2, 0.2, 0.125, 0, 0, 0, 0, 0, 0, 0, 0.125, 0.2, 0.2
100, 0.2, 0.2, 0.125, 0, 0, 0, 0, 0, 0, 0, 0.125, 0.2, 0.2
110, 0.2, 0.2, 0.125, 0, 0, 0.05, 0.2, 0.05, 0, 0, 0.125, 0.2, 0.2
120, 0.2, 0.2, 0.125, 0, 0, 0.05, 0.2, 0.05, 0, 0, 0.125, 0.2, 0.2
310, 0.2, 0.2, 0.125, 0, 0, 0.05, 0.2, 0.05, 0, 0, 0.125, 0.2, 0.2
320, 0.2, 0.2, 0.125, 0, 0, 0.05, 0.2, 0.05, 0, 0, 0.125, 0.2, 0.2
330, 0.2, 0.2, 0.125, 0, 0, 0, 0, 0, 0, 0, 0.125, 0.2, 0.2
340, 0.2, 0.2, 0.125, 0, 0, 0, 0, 0, 0, 0, 0.125, 0.2, 0.2
ENDDATA
0, 1, 2, 3, 4, 5, 6, 7, 8, 9, 10, 11, 12, 13
0, -100, -4.75, -4.3, -4, 0, 0.1, 0.11, 0.2, 0.3, 4.3, 4.675, 5.05, 100
100, -100, -4.75, -4.3, -4, 0, 0.1, 0.11, 0.2, 0.3, 4.3, 4.675, 5.05, 100
110, -100, -4.75, -4.3, -4, 0, 0.1, 0.375, 0.85, 0.95, 4.95, 5.325, 5.7, 100
120, -100, -4.75, -4.3, -4, 0, 0.1, 0.75, 1.6, 1.7, 5.7, 6.075, 6.45, 100
310, -100, -4.75, -4.3, -4, 0, 0.1, 0.75, 1.6, 1.7, 5.7, 6.075, 6.45, 100
320, -100, -4.75, -4.3, -4, 0, 0.1, 0.375, 0.85, 0.95, 4.95, 5.325, 5.7, 100
330, -100, -4.75, -4.3, -4, 0, 0.1, 0.11, 0.2, 0.3, 4.3, 4.675, 5.05, 100
340, -100, -4.75, -4.3, -4, 0, 0.1, 0.11, 0.2, 0.3, 4.3, 4.675, 5.05, 100
ENDCOLS
ENDTABLE
*3D_XLabel Lateral coordinate (m)
*3D_YLabel Station (m)
*3D_ZLabel Incremental elevation (m)

#DiagramTwo0
*3D_DATA 13, 8 ! columns x rows
RdTb1_CARPET 2D_LINEAR
0, 1, 2, 3, 4, 5, 6, 7, 8, 9, 10, 11, 12, 13
0, 0.2, 0.2, 0.125, 0, 0, 0, 0, 0, 0, 0, 0.125, 0.2, 0.2
100, 0.2, 0.2, 0.125, 0, 0, 0, 0, 0, 0, 0, 0.125, 0.2, 0.2
110, 0.2, 0.2, 0.125, 0, 0, 0.05, 0.2, 0.05, 0, 0, 0.125, 0.2, 0.2
120, 0.2, 0.2, 0.125, 0, 0, 0.05, 0.2, 0.05, 0, 0, 0.125, 0.2, 0.2
310, 0.2, 0.2, 0.125, 0, 0, 0.05, 0.2, 0.05, 0, 0, 0.125, 0.2, 0.2
320, 0.2, 0.2, 0.125, 0, 0, 0.05, 0.2, 0.05, 0, 0, 0.125, 0.2, 0.2
330, 0.2, 0.2, 0.125, 0, 0, 0, 0, 0, 0, 0, 0.125, 0.2, 0.2
340, 0.2, 0.2, 0.125, 0, 0, 0, 0, 0, 0, 0, 0.125, 0.2, 0.2
ENDTABLE

*3D_XLabel Lateral coordinate (m)
*3D_YLabel Station (m)
*3D_ZLabel Lateral coordinate of edge (m)

#DiagramTwo1
*3D_DATA 13, 8 ! columns x rows
RdTb2_CARPET 2D_LINEAR
0, 1, 2, 3, 4, 5, 6, 7, 8, 9, 10, 11, 12, 13
0, -100, -4.75, -4.3, -4, 0, 0.1, 0.11, 0.2, 0.3, 4.3, 4.675, 5.05, 100
100, -100, -4.75, -4.3, -4, 0, 0.1, 0.11, 0.2, 0.3, 4.3, 4.675, 5.05, 100
110, -100, -4.75, -4.3, -4, 0, 0.1, 0.375, 0.85, 0.95, 4.95, 5.325, 5.7, 100
120, -100, -4.75, -4.3, -4, 0, 0.1, 0.75, 1.6, 1.7, 5.7, 6.075, 6.45, 100
310, -100, -4.75, -4.3, -4, 0, 0.1, 0.75, 1.6, 1.7, 5.7, 6.075, 6.45, 100
320, -100, -4.75, -4.3, -4, 0, 0.1, 0.375, 0.85, 0.95, 4.95, 5.325, 5.7, 100
330, -100, -4.75, -4.3, -4, 0, 0.1, 0.11, 0.2, 0.3, 4.3, 4.675, 5.05, 100
340, -100, -4.75, -4.3, -4, 0, 0.1, 0.11, 0.2, 0.3, 4.3, 4.675, 5.05, 100
ENDTABLE

#RadioCtrl0 0    
#RadioCtrl1 0    

SET_IROAD_DZ_FOR_ID 0


LOG_ENTRY Used Dataset: Road: Off-Center Elevation Map, Variable Width; { Variable Width Roads } Road w/ Median
#Library : Road: Off-Center Elevation Map, Variable Width
#DataSet : Road w/ Median
#Category: Variable Width Roads
#FileID  : VarWidZ_bb12cd97-5b95-40c2-ba85-e8cc683862c6
#Product : TruckSim 2020.1
#VehCode dZ via S-L, Variable Width

END
