PARSFILE
#FullDataName Control: Steering (Open Loop)`Sine Wave (0.2 Hz, 450 deg.)`Sine Wave
OPT_DM 0
OPT_STR_BY_TRQ 0
#CheckBox0 0    

#RingCtrl0 SPLINE_FLAT
#RadioCtrl0 0    

#DiagramOne0
STEER_SW_TABLE SPLINE_FLAT
0, 0
0.2, 111.854915
0.4, 216.68866
0.6, 307.92079
0.8, 379.82463
1, 427.886755
1.2, 449.090295
1.4, 442.10429
1.6, 407.36726
1.8, 347.059655
2, 264.967005
2.2, 166.242285
2.4, 57.08249
2.6, -55.660395
2.8, -164.909455
3, -263.8071
3.2, -346.145485
3.4, -406.75621
3.6, -441.834715
3.8, -449.179115
4, -428.328395
4.2, -380.591365
4.4, -308.964495
4.6, -217.94382
4.8, -113.242745
5, -1.433385
5.2, 110.46595
5.4, 215.4313
5.6, 306.873955
5.8, 379.05404
6, 427.44078
6.2, 448.99692
6.4, 442.369385
6.6, 407.974175
6.8, 347.9703
7, 266.12422
7.2, 167.57343
7.4, 58.504005
7.6, -54.23773
7.8, -163.57495
8, -262.64452
8.2, -345.227805
8.4, -406.141035
8.6, -441.560655
8.8, -449.263375
9, -428.76569
9.2, -381.35424
9.4, -310.005065
9.6, -219.19677
9.8, -114.62943
10, -2.866755
10.2, 109.07586
10.4, 214.17175
10.6, 305.824015
10.8, 378.279605
11, 426.99046
11.2, 448.89899
11.4, 442.629985
11.6, 408.576955
11.8, 348.87742
12, 267.27873
12.2, 168.902875
12.4, 59.92493
12.6, -52.81452
12.8, -162.23879
13, -261.479275
13.2, -344.306625
13.4, -405.521735
13.6, -441.282115
13.8, -449.34308
14, -429.19863
14.2, -382.113245
14.4, -311.04249
14.6, -220.4475
14.8, -116.014945
15, -4.3001
15.2, 107.684665
15.4, 212.91003
15.6, 304.770965
15.8, 377.50133
16, 426.53581
16.2, 448.796505
16.4, 442.8861
16.6, 409.175585
16.8, 349.780995
17, 268.430535
17.2, 170.230605
17.4, 61.345245
17.6, -51.390775
17.8, -160.90098
18, -260.311375
18.2, -343.381945
18.4, -404.89832
18.6, -440.9991
18.8, -449.41822
19, -429.627215
19.2, -382.868375
19.4, -312.07676
19.6, -221.69599
19.8, -117.39929
20, -5.7334
20.2, 106.29238
20.4, 211.646155
20.6, 303.714825
20.8, 376.719225
21, 426.076835
21.2, 448.689465
21.4, 443.137715
21.6, 409.77007
21.8, 350.68102
22, 269.579615
22.2, 171.55661
22.4, 62.76494
22.6, -49.966505
22.8, -159.561535
23, -259.14084
23.2, -342.453785
23.4, -404.2708
23.6, -440.71161
23.8, -449.488805
24, -430.051445
24.2, -383.61962
24.4, -313.107865
24.6, -222.94223
24.8, -118.78244
25, -7.16664
25.2, 104.899015
25.4, 210.380125
25.6, 302.655605
25.8, 375.9333
26, 425.613535
26.2, 448.577875
26.4, 443.38484
26.6, 410.36039
26.8, 351.57749
27, 270.72596
27.2, 172.88087
27.4, 64.183995
27.6, -48.54173
27.8, -158.220475
28, -257.96767
28.2, -341.52215
28.4, -403.63918
28.6, -440.419645
28.8, -449.55483
29, -430.47131
29.2, -384.36697
29.4, -314.13579
29.6, -224.18621
29.8, -120.164385
30, -8.599805
30.2, 103.504585
30.4, 209.111965
30.6, 301.593315
30.8, 375.143555
31, 425.14592
31.2, 448.461735
31.4, 443.62746
31.6, 410.94655
31.8, 352.470395
32, 271.869555
32.2, 174.20338
32.4, 65.6024
32.6, -47.11646
32.8, -156.87781
33, -256.791885
33.2, -340.58705
33.4, -403.00346
33.6, -440.123215
33.8, -449.61629
34, -430.886805
34.2, -385.11042
34.4, -315.16053
34.6, -225.427915
34.8, -121.545115
35, -10.032885
35.2, 102.10911
35.4, 207.84168
35.6, 300.527965
35.8, 374.35001
36, 424.673985
36.2, 448.34104
36.4, 443.865585
36.6, 411.52854
36.8, 353.35972
37, 273.010395
37.2, 175.52412
37.4, 67.02014
37.6, -45.690715
37.8, -155.53355
38, -255.613495
38.2, -339.648495
38.4, -402.363655
38.6, -439.822315
38.8, -449.67319
39, -431.297935
39.2, -385.849965
39.4, -316.182075
39.6, -226.66733
39.8, -122.924605
40, -11.465865
40.2, 100.71259
40.4, 206.56929
40.6, 299.459565
40.8, 373.552665
41, 424.197745
41.2, 448.2158
41.4, 444.0992
41.6, 412.106355
41.8, 354.24546
42, 274.148465
42.2, 176.84308
42.4, 68.4372
42.6, -44.264505
42.8, -154.187715
43, -254.43251
43.2, -338.706495
43.4, -401.719765
43.6, -439.516955
43.8, -449.725525
44, -431.70468
44.2, -386.585595
44.4, -317.200405
44.6, -227.904445
44.8, -124.30285
45, -12.898725
45.2, 99.315055
45.4, 205.2948
45.6, 298.388125
45.8, 372.75153
46, 423.7172
46.2, 448.08601
46.4, 444.328315
46.6, 412.67999
46.8, 355.127605
47, 275.28375
47.2, 178.160245
47.4, 69.853565
47.6, -42.837845
47.8, -152.84031
48, -253.248945
48.2, -337.761055
48.4, -401.0718
48.6, -439.207135
48.8, -449.7733
49, -432.10705
49.2, -387.317305
49.4, -318.215525
49.6, -229.13925
49.8, -125.679835
50, -14.33146
50.2, 97.91651
50.4, 204.01823
50.6, 297.313655
50.8, 371.94661
51, 423.23236
51.2, 447.951675
51.4, 444.55292
51.6, 413.249435
51.8, 356.00615
52, 276.416245
52.2, 179.475605
52.4, 71.26922
52.6, -41.410755
52.8, -151.49136
53, -252.062805
53.2, -336.81219
53.4, -400.419765
53.6, -438.89286
53.8, -449.81651
54, -432.505035
54.2, -388.04508
54.4, -319.22741
54.6, -230.37173
54.8, -127.055545
55, -15.764045
55.2, 96.51697
55.4, 202.73959
55.6, 296.236175
55.8, 371.13792
56, 422.74322
56.2, 447.812795
56.4, 444.77301
56.6, 413.814685
56.8, 356.88108
57, 277.545935
57.2, 180.78914
57.4, 72.684155
57.6, -39.98324
57.8, -150.14087
58, -250.874115
58.2, -335.85991
58.4, -399.763665
58.6, -438.574135
58.8, -449.85516
59, -432.898635
59.2, -388.76892
59.4, -320.23606
59.6, -231.601875
59.8, -128.42997
60, -17.19647
60.2, 95.116455
60.4, 201.45889
60.6, 295.155685
60.8, 370.325465
61, 422.249795
61.2, 447.66937
61.4, 444.988595
61.6, 414.37574
61.8, 357.75239
62, 278.67281
62.2, 182.100845
62.4, 74.09835
62.6, -38.55532
62.8, -148.78886
63, -249.682875
63.2, -334.90422
63.4, -399.103515
63.6, -438.250955
63.8, -449.88924
64, -433.287835
64.2, -389.488815
64.4, -321.241455
64.6, -232.829665
64.8, -129.803085
65, -18.62872
65.2, 93.71497
65.4, 200.176145
65.6, 294.0722
65.8, 369.50925
66, 421.752085
66.2, 447.5214
66.4, 445.19966
66.6, 414.93259
66.8, 358.62007
67, 279.796855
67.2, 183.4107
67.4, 75.511795
67.6, -37.12701
67.8, -147.43534
68, -248.489105
68.2, -333.94513
68.4, -398.43931
68.6, -437.92333
68.8, -449.91876
69, -433.672645
69.2, -390.20476
69.4, -322.243595
69.6, -234.0551
69.8, -131.174885
70, -20.060785
70.2, 92.31254
70.4, 198.891375
70.6, 292.985735
70.8, 368.689285
71, 421.25009
71.2, 447.368895
71.4, 445.40621
71.6, 415.48523
71.8, 359.484115
72, 280.91806
72.2, 184.718695
72.4, 76.924475
72.6, -35.69832
72.8, -146.08032
73, -247.29281
73.2, -332.982655
73.4, -397.771065
73.6, -437.59126
73.8, -449.943715
74, -434.053055
74.2, -390.916745
74.4, -323.242465
74.6, -235.278155
74.8, -132.545355
75, -21.492645
75.2, 90.90917
75.4, 197.604585
75.6, 291.896295
75.8, 367.86558
76, 420.74383
76.2, 447.21185
76.4, 445.60824
76.6, 416.033655
76.8, 360.34451
77, 282.03642
77.2, 186.024815
77.4, 78.33637
77.6, -34.26927
77.8, -144.72382
78, -246.09401
78.2, -332.016795
78.4, -397.098785
78.6, -437.254755
78.8, -449.9641
79, -434.42906
79.2, -391.624765
79.4, -324.238055
79.6, -236.49882
79.8, -133.91448
80, -22.924285
80.2, 89.504875
80.4, 196.315785
80.6, 290.803895
80.8, 367.038145
81, 420.233295
81.2, 447.050265
81.4, 445.80575
81.6, 416.57786
81.8, 361.201245
82, 283.151915
82.2, 187.329045
82.4, 79.747475
82.6, -32.839875
82.8, -143.365855
83, -244.89271
83.2, -331.047575
83.4, -396.422475
83.6, -436.91381
83.8, -449.979925
84, -434.800655
84.2, -392.32881
84.4, -325.230355
84.6, -237.71709
84.8, -135.282245
85, -24.355695
85.2, 88.099675
85.4, 195.025
85.6, 289.70854
85.8, 366.206985
86, 419.7185
86.2, 446.884145
86.4, 445.998735
86.6, 417.117835
86.8, 362.05432
87, 284.264535
87.2, 188.63138
87.4, 81.157765
87.6, -31.410145
87.8, -142.00643
88, -243.688925
88.2, -330.07499
88.4, -395.74214
88.6, -436.56843
88.8, -449.99118
89, -435.16784
89.2, -393.02887
89.4, -326.219355
89.6, -238.932945
89.8, -136.64864
90, -25.786855
90.2, 86.69358
90.4, 193.73223
90.6, 288.61025
90.8, 365.37211
91, 419.19944
91.2, 446.713495
91.4, 446.187195
91.6, 417.65358
91.8, 362.90372
92, 285.374275
92.2, 189.931795
92.4, 82.567235
92.6, -29.980095
92.8, -140.645565
93, -242.48267
93.2, -329.09906
93.4, -395.057795
93.6, -436.218625
93.8, -449.99787
94, -435.53061
94.2, -393.72495
94.4, -327.205045
94.6, -240.14638
94.8, -138.013645
95, -27.217755
95.2, 85.286605
95.4, 192.4375
95.6, 287.50903
95.8, 364.533525
96, 418.676135
96.2, 446.538305
96.4, 446.371125
96.6, 418.18509
96.8, 363.74944
97, 286.48112
97.2, 191.230285
97.4, 83.97587
97.6, -28.54974
97.8, -139.283275
98, -241.273955
98.2, -328.11979
98.4, -394.36944
98.6, -435.86439
98.8, -449.999995
99, -435.88896
99.2, -394.41703
99.4, -328.18742
99.6, -241.357375
99.8, -139.377255
100, -28.648375
100.2, 83.878765
100.4, 191.140815
100.6, 286.40489
100.8, 363.69124
101, 418.148575
101.2, 446.35859
101.4, 446.55053
101.6, 418.712355
101.8, 364.591465
102, 287.585055
102.2, 192.526835
102.4, 85.38365
102.6, -27.1191
102.8, -137.91957
103, -240.06279
103.2, -327.13719
103.4, -393.67708
103.6, -435.505735
103.8, -449.997555
104, -436.242885
104.2, -395.10511
104.4, -329.16646
104.6, -242.565925
104.8, -140.739445
105, -30.07871
105.2, 82.470075
105.4, 189.84219
105.6, 285.29785
105.8, 362.84527
106, 417.616775
106.2, 446.174345
106.4, 446.725405
106.6, 419.23537
106.8, 365.429795
107, 288.686075
107.2, 193.821435
107.4, 86.79056
107.6, -25.68818
107.8, -136.55447
108, -238.84919
108.2, -326.15127
108.4, -392.98073
108.6, -435.14266
108.8, -449.99055
109, -436.59239
109.2, -395.78918
109.4, -330.14216
109.6, -243.77201
109.8, -142.10021
110, -31.50874
110.2, 81.06055
110.4, 188.54164
110.6, 284.18791
110.8, 361.995615
111, 417.08074
111.2, 445.98557
111.4, 446.895745
111.6, 419.75413
111.8, 366.264415
112, 289.78416
112.2, 195.114065
112.4, 88.196595
112.6, -24.257
112.8, -135.18798
113, -237.633165
113.2, -325.16204
113.4, -392.28039
113.6, -434.775175
113.8, -449.97898
114, -436.93746
114.2, -396.469235
114.4, -331.11451
114.6, -244.97562
114.8, -143.459535
115, -32.938445
115.2, 79.6502
115.4, 187.239175
115.6, 283.07509
115.8, 361.14229
116, 416.54047
116.2, 445.792275
116.4, 447.061555
116.6, 420.268635
116.8, 367.09532
117, 290.87931
117.2, 196.404715
117.4, 89.601735
117.6, -22.825575
117.8, -133.82012
118, -236.41473
118.2, -324.169515
118.4, -391.57607
118.6, -434.403275
118.8, -449.96284
119, -437.2781
119.2, -397.14527
119.4, -332.083505
119.6, -246.17675
119.8, -144.8174
120, -34.36782
ENDTABLE


LOG_ENTRY Used Dataset: Control: Steering (Open Loop); { Sine Wave } Sine Wave (0.2 Hz, 450 deg.)
#Library : Control: Steering (Open Loop)
#DataSet : Sine Wave (0.2 Hz, 450 deg.)
#Category: Sine Wave
#FileID  : StrSW_13c12317-15df-4a3c-862f-502ace86bbe3
#Product : TruckSim 2020.1
#VehCode Open-Loop Steering

END
