PARSFILE
#FullDataName Control: Steering (Open Loop)`Sine Wave for Test (Smooth Start/Stop)`Sine Wave
OPT_DM 0
OPT_STR_BY_TRQ 0
#CheckBox0 0    

#RingCtrl0 SPLINE_FLAT
#RadioCtrl0 0    

#DiagramOne0
STEER_SW_TABLE SPLINE_FLAT
0, 0
0.1, 2.202456767
0.2, 8.594235253
0.3, 18.54966365
0.4, 31.09423525
0.5, 45
0.6, 58.90576475
0.7, 71.45033635
0.8, 81.40576475
0.9, 87.79754323
1, 90
1.1, 88.8919
1.2, 85.595
1.3, 80.1904
1.4, 72.8113
1.5, 63.6393
1.6, 52.9002
1.7, 40.8586
1.8, 27.811
1.9, 14.0785
2, -0.000661
2.1, -14.0798
2.2, -27.8122
2.3, -40.8598
2.4, -52.9013
2.5, -63.6402
2.6, -72.812
2.7, -80.191
2.8, -85.5954
2.9, -88.8921
3, -90
3.1, -88.8918
3.2, -85.5948
3.3, -80.1901
3.4, -72.8109
3.5, -63.6388
3.6, -52.8997
3.7, -40.8581
3.8, -27.8103
3.9, -14.0778
4, 0.001322
4.1, 14.0804
4.2, 27.8129
4.3, 40.8604
4.4, 52.9018
4.5, 63.6407
4.6, 72.8124
4.7, 80.1913
4.8, 85.5956
4.9, 88.8922
5, 90
5.1, 88.8917
5.2, 85.5946
5.3, 80.1898
5.4, 72.8105
5.5, 63.6383
5.6, 52.8992
5.7, 40.8575
5.8, 27.8097
5.9, 14.0772
6, -0.001984
6.1, -14.0811
6.2, -27.8135
6.3, -40.861
6.4, -52.9024
6.5, -63.6411
6.6, -72.8128
6.7, -80.1916
6.8, -85.5958
6.9, -88.8923
7, -90
7.1, -88.8916
7.2, -85.5944
7.3, -80.1895
7.4, -72.8101
7.5, -63.6379
7.6, -52.8986
7.7, -40.8569
7.8, -27.8091
7.9, -14.0765
8, 0.002645
8.1, 14.0817
8.2, 27.8141
8.3, 40.8616
8.4, 52.9029
8.5, 63.6416
8.6, 72.8132
8.7, 80.1919
8.8, 85.596
8.9, 88.8924
9, 90
9.1, 88.8915
9.2, 85.5941
9.3, 80.1892
9.4, 72.8097
9.5, 63.6374
9.6, 52.8981
9.7, 40.8563
9.8, 27.8084
9.9, 14.0759
10, -0.003306
10.1, -14.0824
10.2, -27.8147
10.3, -40.8622
10.4, -52.9035
10.5, -63.6421
10.6, -72.8136
10.7, -80.1922
10.8, -85.5962
10.9, -88.8925
11, -90
11.1, -88.8914
11.2, -85.5939
11.3, -80.1889
11.4, -72.8093
11.5, -63.6369
11.6, -52.8976
11.7, -40.8557
11.8, -27.8078
11.9, -14.0752
12, 0.003967
12.1, 14.0831
12.2, 27.8154
12.3, 40.8628
12.4, 52.904
12.5, 63.6425
12.6, 72.814
12.7, 80.1925
12.8, 85.5964
12.9, 88.8926
13, 90
13.1, 88.8913
13.2, 85.5937
13.3, 80.1886
13.4, 72.8089
13.5, 63.6365
13.6, 52.897
13.7, 40.8551
13.8, 27.8072
13.9, 14.0746
14, -0.004628
14.1, -14.0837
14.2, -27.816
14.3, -40.8634
14.4, -52.9045
14.5, -63.643
14.6, -72.8144
14.7, -80.1928
14.8, -85.5966
14.9, -88.8927
15, -90
15.1, -88.8912
15.2, -85.5935
15.3, -80.1883
15.4, -72.8085
15.5, -63.636
15.6, -52.8965
15.7, -40.8545
15.8, -27.8066
15.9, -14.0739
16, 0.005289
16.1, 14.0844
16.2, 27.8166
16.3, 40.8639
16.4, 52.9051
16.5, 63.6435
16.6, 72.8148
16.7, 80.1931
16.8, 85.5968
16.9, 88.8928
17, 90
17.1, 88.8911
17.2, 85.5933
17.3, 80.188
17.4, 72.8081
17.5, 63.6355
17.6, 52.896
17.7, 40.8539
17.8, 27.8059
17.9, 14.0733
18, -0.005951
18.1, -14.085
18.2, -27.8173
18.3, -40.8645
18.4, -52.9056
18.5, -63.6439
18.6, -72.8151
18.7, -80.1934
18.8, -85.597
18.9, -88.8929
19, -90
19.1, -88.891
19.2, -85.5931
19.3, -80.1877
19.4, -72.8078
19.5, -63.6351
19.6, -52.8954
19.7, -40.8533
19.8, -27.8053
19.9, -14.0726
20, 0.006612
20.1, 14.0857
20.2, 27.8179
20.3, 40.8651
20.4, 52.9061
20.5, 63.6444
20.6, 72.8155
20.7, 80.1937
20.8, 85.5972
20.9, 88.893
21, 90
21.1, 88.8909
21.2, 85.5929
21.3, 80.1874
21.4, 72.8074
21.5, 63.6346
21.6, 52.8949
21.7, 40.8528
21.8, 27.8047
21.9, 14.072
22, -0.007273
22.1, -14.0863
22.2, -27.8185
22.3, -40.8657
22.4, -52.9067
22.5, -63.6449
22.6, -72.8159
22.7, -80.194
22.8, -85.5974
22.9, -88.8931
23, -90
23.1, -88.8908
23.2, -85.5927
23.3, -80.1871
23.4, -72.807
23.5, -63.6341
23.6, -52.8944
23.7, -40.8522
23.8, -27.804
23.9, -14.0713
24, 0.007934
24.1, 14.087
24.2, 27.8191
24.3, 40.8663
24.4, 52.9072
24.5, 63.6453
24.6, 72.8163
24.7, 80.1943
24.8, 85.5976
24.9, 88.8932
25, 90
25.1, 88.8907
25.2, 85.5925
25.3, 80.1868
25.4, 72.8066
25.5, 63.6336
25.6, 52.8938
25.7, 40.8516
25.8, 27.8034
25.9, 14.0706
26, -0.008595
26.1, -14.0876
26.2, -27.8198
26.3, -40.8669
26.4, -52.9077
26.5, -63.6458
26.6, -72.8167
26.7, -80.1946
26.8, -85.5978
26.9, -88.8933
27, -90
27.1, -88.8905
27.2, -85.5923
27.3, -80.1865
27.4, -72.8062
27.5, -63.6332
27.6, -52.8933
27.7, -40.851
27.8, -27.8028
27.9, -14.07
28, 0.009256
28.1, 14.0883
28.2, 27.8204
28.3, 40.8675
28.4, 52.9083
28.5, 63.6463
28.6, 72.8171
28.7, 80.1949
28.8, 85.598
28.9, 88.8934
29, 90
29.1, 88.8904
29.2, 85.5921
29.3, 80.1862
29.4, 72.8058
29.5, 63.6327
29.6, 52.8928
29.7, 40.8504
29.8, 27.8022
29.9, 14.0693
30, -0.009918
30.1, -14.0889
30.2, -27.821
30.3, -40.8681
30.4, -52.9088
30.5, -63.6467
30.6, -72.8175
30.7, -80.1952
30.8, -85.5982
30.9, -88.8935
31, -90
31.1, -88.8903
31.2, -85.5919
31.3, -80.1859
31.4, -72.8054
31.5, -63.6322
31.6, -52.8922
31.7, -40.8498
31.8, -27.8015
31.9, -14.0687
32, 0.010579
32.1, 14.0896
32.2, 27.8217
32.3, 40.8687
32.4, 52.9093
32.5, 63.6472
32.6, 72.8179
32.7, 80.1955
32.8, 85.5984
32.9, 88.8937
33, 90
33.1, 88.8902
33.2, 85.5917
33.3, 80.1856
33.4, 72.805
33.5, 63.6318
33.6, 52.8917
33.7, 40.8492
33.8, 27.8009
33.9, 14.068
34, -0.01124
34.1, -14.0902
34.2, -27.8223
34.3, -40.8692
34.4, -52.9099
34.5, -63.6477
34.6, -72.8183
34.7, -80.1958
34.8, -85.5986
34.9, -88.8938
35, -90
35.1, -88.8901
35.2, -85.5915
35.3, -80.1853
35.4, -72.8047
35.5, -63.6313
35.6, -52.8912
35.7, -40.8486
35.8, -27.8003
35.9, -14.0674
36, 0.011901
36.1, 14.0909
36.2, 27.8229
36.3, 40.8698
36.4, 52.9104
36.5, 63.6481
36.6, 72.8186
36.7, 80.1961
36.8, 85.5988
36.9, 88.8939
37, 90
37.1, 88.89
37.2, 85.5913
37.3, 80.185
37.4, 72.8043
37.5, 63.6308
37.6, 52.8906
37.7, 40.848
37.8, 27.7996
37.9, 14.0667
38, -0.012562
38.1, -14.0915
38.2, -27.8235
38.3, -40.8704
38.4, -52.9109
38.5, -63.6486
38.6, -72.819
38.7, -80.1964
38.8, -85.599
38.9, -88.894
39, -90
39.1, -88.8899
39.2, -85.5911
39.3, -80.1847
39.4, -72.8039
39.5, -63.6304
39.6, -52.8901
39.7, -40.8475
39.8, -27.799
39.9, -14.0661
40, 0.013224
40.1, 14.0922
40.2, 27.8242
40.3, 40.871
40.4, 52.9115
40.5, 63.6491
40.6, 72.8194
40.7, 80.1967
40.8, 85.5993
40.9, 88.8941
41, 90
41.1, 88.8898
41.2, 85.5909
41.3, 80.1844
41.4, 72.8035
41.5, 63.6299
41.6, 52.8895
41.7, 40.8469
41.8, 27.7984
41.9, 14.0654
42, -0.013885
42.1, -14.0928
42.2, -27.8248
42.3, -40.8716
42.4, -52.912
42.5, -63.6495
42.6, -72.8198
42.7, -80.197
42.8, -85.5995
42.9, -88.8942
43, -90
43.1, -88.8897
43.2, -85.5907
43.3, -80.1841
43.4, -72.8031
43.5, -63.6294
43.6, -52.889
43.7, -40.8463
43.8, -27.7978
43.9, -14.0648
44, 0.014546
44.1, 14.0935
44.2, 27.8254
44.3, 40.8722
44.4, 52.9125
44.5, 63.65
44.6, 72.8202
44.7, 80.1973
44.8, 85.5997
44.9, 88.8943
45, 90
45.1, 88.8896
45.2, 85.5905
45.3, 80.1838
45.4, 72.8027
45.5, 63.629
45.6, 52.8885
45.7, 40.8457
45.8, 27.7971
45.9, 14.0641
46, -0.015207
46.1, -14.0942
46.2, -27.8261
46.3, -40.8728
46.4, -52.9131
46.5, -63.6505
46.6, -72.8206
46.7, -80.1976
46.8, -85.5999
46.9, -88.8944
47, -90
47.1, -88.8895
47.2, -85.5903
47.3, -80.1835
47.4, -72.8023
47.5, -63.6285
47.6, -52.8879
47.7, -40.8451
47.8, -27.7965
47.9, -14.0635
48, 0.015868
48.1, 14.0948
48.2, 27.8267
48.3, 40.8734
48.4, 52.9136
48.5, 63.6509
48.6, 72.821
48.7, 80.1979
48.8, 85.6001
48.9, 88.8945
49, 90
49.1, 88.8894
49.2, 85.5901
49.3, 80.1832
49.4, 72.8019
49.5, 63.628
49.6, 52.8874
49.7, 40.8445
49.8, 27.7959
49.9, 14.0628
50, -0.016529
50.1, -14.0955
50.2, -27.8273
50.3, -40.874
50.4, -52.9142
50.5, -63.6514
50.6, -72.8214
50.7, -80.1982
50.8, -85.6003
50.9, -88.8946
51, -90
51.1, -88.8893
51.2, -85.5899
51.3, -80.1829
51.4, -72.8015
51.5, -63.6276
51.6, -52.8869
51.7, -40.8439
51.8, -27.7952
51.9, -14.0622
52, 0.017191
52.1, 14.0961
52.2, 27.8279
52.3, 40.8746
52.4, 52.9147
52.5, 63.6519
52.6, 72.8217
52.7, 80.1985
52.8, 85.6005
52.9, 88.8947
53, 90
53.1, 88.8892
53.2, 85.5897
53.3, 80.1826
53.4, 72.8012
53.5, 63.6271
53.6, 52.8863
53.7, 40.8433
53.8, 27.7946
53.9, 14.0615
54, -0.017852
54.1, -14.0968
54.2, -27.8286
54.3, -40.8751
54.4, -52.9152
54.5, -63.6523
54.6, -72.8221
54.7, -80.1988
54.8, -85.6007
54.9, -88.8948
55, -90
55.1, -88.8891
55.2, -85.5894
55.3, -80.1823
55.4, -72.8008
55.5, -63.6266
55.6, -52.8858
55.7, -40.8427
55.8, -27.794
55.9, -14.0608
56, 0.018513
56.1, 14.0974
56.2, 27.8292
56.3, 40.8757
56.4, 52.9158
56.5, 63.6528
56.6, 72.8225
56.7, 80.1991
56.8, 85.6009
56.9, 88.8949
57, 90
57.1, 88.889
57.2, 85.5892
57.3, 80.182
57.4, 72.8004
57.5, 63.6262
57.6, 52.8853
57.7, 40.8421
57.8, 27.7934
57.9, 14.0602
58, -0.019174
58.1, -14.0981
58.2, -27.8298
58.3, -40.8763
58.4, -52.9163
58.5, -63.6533
58.6, -72.8229
58.7, -80.1994
58.8, -85.6011
58.9, -88.895
59, -90
59.1, -88.8889
59.2, -85.589
59.3, -80.1817
59.4, -72.8
59.5, -63.6257
59.6, -52.8847
59.7, -40.8416
59.8, -27.7927
59.9, -14.0595
60, 0.019835
60.1, 14.0987
60.2, 27.8305
60.3, 40.8769
60.4, 52.9168
60.5, 63.6538
60.6, 72.8233
60.7, 80.1997
60.8, 85.6013
60.9, 88.8951
61, 90
61.1, 88.8888
61.2, 85.5888
61.3, 80.1814
61.4, 72.7996
61.5, 63.6252
61.6, 52.8842
61.7, 40.841
61.8, 27.7921
61.9, 14.0589
62, -0.020496
62.1, -14.0994
62.2, -27.8311
62.3, -40.8775
62.4, -52.9174
62.5, -63.6542
62.6, -72.8237
62.7, -80.2
62.8, -85.6015
62.9, -88.8952
63, -90
63.1, -88.8887
63.2, -85.5886
63.3, -80.1811
63.4, -72.7992
63.5, -63.6248
63.6, -52.8837
63.7, -40.8404
63.8, -27.7915
63.9, -14.0582
64, 0.021158
64.1, 14.1
64.2, 27.8317
64.3, 40.8781
64.4, 52.9179
64.5, 63.6547
64.6, 72.8241
64.7, 80.2003
64.8, 85.6017
64.9, 88.8953
65, 90
65.1, 88.8886
65.2, 85.5884
65.3, 80.1808
65.4, 72.7988
65.5, 63.6243
65.6, 52.8831
65.7, 40.8398
65.8, 27.7908
65.9, 14.0576
66, -0.021819
66.1, -14.1007
66.2, -27.8323
66.3, -40.8787
66.4, -52.9184
66.5, -63.6552
66.6, -72.8245
66.7, -80.2006
66.8, -85.6019
66.9, -88.8954
67, -90
67.1, -88.8885
67.2, -85.5882
67.3, -80.1805
67.4, -72.7984
67.5, -63.6238
67.6, -52.8826
67.7, -40.8392
67.8, -27.7902
67.9, -14.0569
68, 0.02248
68.1, 14.1013
68.2, 27.833
68.3, 40.8793
68.4, 52.919
68.5, 63.6556
68.6, 72.8249
68.7, 80.2009
68.8, 85.6021
68.9, 88.8955
69, 90
69.1, 88.8884
69.2, 85.588
69.3, 80.1802
69.4, 72.798
69.5, 63.6234
69.6, 52.8821
69.7, 40.8386
69.8, 27.7896
69.9, 14.0563
70, -0.023141
70.1, -14.102
70.2, -27.8336
70.3, -40.8799
70.4, -52.9195
70.5, -63.6561
70.6, -72.8252
70.7, -80.2012
70.8, -85.6023
70.9, -88.8956
71, -90
71.1, -88.8883
71.2, -85.5878
71.3, -80.1799
71.4, -72.7977
71.5, -63.6229
71.6, -52.8815
71.7, -40.838
71.8, -27.789
71.9, -14.0556
72, 0.023802
72.1, 14.1026
72.2, 27.8342
72.3, 40.8804
72.4, 52.92
72.5, 63.6566
72.6, 72.8256
72.7, 80.2015
72.8, 85.6025
72.9, 88.8957
73, 90
73.1, 88.8882
73.2, 85.5876
73.3, 80.1796
73.4, 72.7973
73.5, 63.6224
73.6, 52.881
73.7, 40.8374
73.8, 27.7883
73.9, 14.055
74, -0.024464
74.1, -14.1033
74.2, -27.8349
74.3, -40.881
74.4, -52.9206
74.5, -63.657
74.6, -72.826
74.7, -80.2018
74.8, -85.6027
74.9, -88.8958
75, -90
75.1, -88.8881
75.2, -85.5874
75.3, -80.1793
75.4, -72.7969
75.5, -63.622
75.6, -52.8805
75.7, -40.8368
75.8, -27.7877
75.9, -14.0543
76, 0.025125
76.1, 14.1039
76.2, 27.8355
76.3, 40.8816
76.4, 52.9211
76.5, 63.6575
76.6, 72.8264
76.7, 80.2021
76.8, 85.6029
76.9, 88.8959
77, 90
77.1, 88.888
77.2, 85.5872
77.3, 80.179
77.4, 72.7965
77.5, 63.6215
77.6, 52.8799
77.7, 40.8363
77.8, 27.7871
77.9, 14.0537
78, -0.025786
78.1, -14.1046
78.2, -27.8361
78.3, -40.8822
78.4, -52.9216
78.5, -63.658
78.6, -72.8268
78.7, -80.2024
78.8, -85.6031
78.9, -88.896
79, -90
79.1, -88.8879
79.2, -85.587
79.3, -80.1787
79.4, -72.7961
79.5, -63.621
79.6, -52.8794
79.7, -40.8357
79.8, -27.7864
79.9, -14.053
80, 0.026447
80.1, 14.1053
80.2, 27.8367
80.3, 40.8828
80.4, 52.9222
80.5, 63.6584
80.6, 72.8272
80.7, 80.2027
80.8, 85.6033
80.9, 88.8961
81, 90
81.1, 88.8878
81.2, 85.5868
81.3, 80.1784
81.4, 72.7957
81.5, 63.6206
81.6, 52.8788
81.7, 40.8351
81.8, 27.7858
81.9, 14.0524
82, -0.027108
82.1, -14.1059
82.2, -27.8374
82.3, -40.8834
82.4, -52.9227
82.5, -63.6589
82.6, -72.8276
82.7, -80.203
82.8, -85.6035
82.9, -88.8962
83, -90
83.1, -88.8876
83.2, -85.5866
83.3, -80.1781
83.4, -72.7953
83.5, -63.6201
83.6, -52.8783
83.7, -40.8345
83.8, -27.7852
83.9, -14.0517
84, 0.027769
84.1, 14.1066
84.2, 27.838
84.3, 40.884
84.4, 52.9232
84.5, 63.6594
84.6, 72.828
84.7, 80.2033
84.8, 85.6037
84.9, 88.8963
85, 90
85.1, 88.8875
85.2, 85.5864
85.3, 80.1778
85.4, 72.7949
85.5, 63.6196
85.6, 52.8778
85.7, 40.8339
85.8, 27.7846
85.9, 14.0511
86, -0.028431
86.1, -14.1072
86.2, -27.8386
86.3, -40.8846
86.4, -52.9238
86.5, -63.6598
86.6, -72.8284
86.7, -80.2036
86.8, -85.6039
86.9, -88.8964
87, -90
87.1, -88.8874
87.2, -85.5862
87.3, -80.1775
87.4, -72.7945
87.5, -63.6192
87.6, -52.8772
87.7, -40.8333
87.8, -27.7839
87.9, -14.0504
88, 0.029092
88.1, 14.1079
88.2, 27.8393
88.3, 40.8852
88.4, 52.9243
88.5, 63.6603
88.6, 72.8287
88.7, 80.2039
88.8, 85.6042
88.9, 88.8965
89, 90
89.1, 88.8873
89.2, 85.586
89.3, 80.1772
89.4, 72.7942
89.5, 63.6187
89.6, 52.8767
89.7, 40.8327
89.8, 27.7833
89.9, 14.0497
90, -0.029753
90.1, -14.1085
90.2, -27.8399
90.3, -40.8857
90.4, -52.9248
90.5, -63.6608
90.6, -72.8291
90.7, -80.2042
90.8, -85.6044
90.9, -88.8966
91, -90
91.1, -88.8872
91.2, -85.5858
91.3, -80.1769
91.4, -72.7938
91.5, -63.6182
91.6, -52.8762
91.7, -40.8321
91.8, -27.7827
91.9, -14.0491
92, 0.030414
92.1, 14.1092
92.2, 27.8405
92.3, 40.8863
92.4, 52.9254
92.5, 63.6612
92.6, 72.8295
92.7, 80.2045
92.8, 85.6046
92.9, 88.8968
93, 90
93.1, 88.8871
93.2, 85.5856
93.3, 80.1766
93.4, 72.7934
93.5, 63.6178
93.6, 52.8756
93.7, 40.8315
93.8, 27.782
93.9, 14.0484
94, -0.031075
94.1, -14.1098
94.2, -27.8411
94.3, -40.8869
94.4, -52.9259
94.5, -63.6617
94.6, -72.8299
94.7, -80.2048
94.8, -85.6048
94.9, -88.8969
95, -90
95.1, -88.887
95.2, -85.5854
95.3, -80.1763
95.4, -72.793
95.5, -63.6173
95.6, -52.8751
95.7, -40.831
95.8, -27.7814
95.9, -14.0478
96, 0.031736
96.1, 14.1105
96.2, 27.8418
96.3, 40.8875
96.4, 52.9265
96.5, 63.6622
96.6, 72.8303
96.7, 80.2051
96.8, 85.605
96.9, 88.897
97, 90
97.1, 88.8869
97.2, 85.5852
97.3, 80.176
97.4, 72.7926
97.5, 63.6168
97.6, 52.8746
97.7, 40.8304
97.8, 27.7808
97.9, 14.0471
98, -0.032398
98.1, -14.1111
98.2, -27.8424
98.3, -40.8881
98.4, -52.927
98.5, -63.6626
98.6, -72.8307
98.7, -80.2054
98.8, -85.6052
98.9, -88.8971
99, -90
99.1, -88.8868
99.2, -85.5849
99.3, -80.1757
99.4, -72.7922
99.5, -63.6163
99.6, -52.874
99.7, -40.8298
99.8, -27.7802
99.9, -14.0465
100, 0.033059
100.1, 14.1118
100.2, 27.843
100.3, 40.8887
100.4, 52.9275
100.5, 63.6631
100.6, 72.8311
100.7, 80.2057
100.8, 85.6054
100.9, 88.8972
101, 90
101.1, 88.8867
101.2, 85.5847
101.3, 80.1754
101.4, 72.7918
101.5, 63.6159
101.6, 52.8735
101.7, 40.8292
101.8, 27.7795
101.9, 14.0458
102, -0.03372
102.1, -14.1124
102.2, -27.8437
102.3, -40.8893
102.4, -52.9281
102.5, -63.6636
102.6, -72.8315
102.7, -80.206
102.8, -85.6056
102.9, -88.8973
103, -90
103.1, -88.8866
103.2, -85.5845
103.3, -80.1751
103.4, -72.7914
103.5, -63.6154
103.6, -52.873
103.7, -40.8286
103.8, -27.7789
103.9, -14.0452
104, 0.034381
104.1, 14.1131
104.2, 27.8443
104.3, 40.8899
104.4, 52.9286
104.5, 63.664
104.6, 72.8318
104.7, 80.2063
104.8, 85.6058
104.9, 88.8974
105, 90
105.1, 88.8865
105.2, 85.5843
105.3, 80.1748
105.4, 72.791
105.5, 63.6149
105.6, 52.8724
105.7, 40.828
105.8, 27.7783
105.9, 14.0445
106, -0.035042
106.1, -14.1137
106.2, -27.8449
106.3, -40.8905
106.4, -52.9291
106.5, -63.6645
106.6, -72.8322
106.7, -80.2066
106.8, -85.606
106.9, -88.8975
107, -90
107.1, -88.8864
107.2, -85.5841
107.3, -80.1745
107.4, -72.7907
107.5, -63.6145
107.6, -52.8719
107.7, -40.8274
107.8, -27.7776
107.9, -14.0439
108, 0.035704
108.1, 14.1144
108.2, 27.8455
108.3, 40.891
108.4, 52.9297
108.5, 63.665
108.6, 72.8326
108.7, 80.2069
108.8, 85.6062
108.9, 88.8976
109, 90
109.1, 88.8863
109.2, 85.5839
109.3, 80.1742
109.4, 72.7903
109.5, 63.614
109.6, 52.8714
109.7, 40.8268
109.8, 27.777
109.9, 14.0432
110, -0.036365
110.1, -14.1151
110.2, -27.8462
110.3, -40.8916
110.4, -52.9302
110.5, -63.6654
110.6, -72.833
110.7, -80.2072
110.8, -85.6064
110.9, -88.8977
111, -90
111.1, -88.8862
111.2, -85.5837
111.3, -80.1739
111.4, -72.7899
111.5, -63.6135
111.6, -52.8708
111.7, -40.8262
111.8, -27.7764
111.9, -14.0426
112, 0.037026
112.1, 14.1157
112.2, 27.8468
112.3, 40.8922
112.4, 52.9307
112.5, 63.6659
112.6, 72.8334
112.7, 80.2075
112.8, 85.6066
112.9, 88.8978
113, 90
113.1, 88.8861
113.2, 85.5835
113.3, 80.1736
113.4, 72.7895
113.5, 63.6131
113.6, 52.8703
113.7, 40.8257
113.8, 27.7757
113.9, 14.0419
114, -0.037687
114.1, -14.1164
114.2, -27.8474
114.3, -40.8928
114.4, -52.9313
114.5, -63.6664
114.6, -72.8338
114.7, -80.2078
114.8, -85.6068
114.9, -88.8979
115, -90
115.1, -88.886
115.2, -85.5833
115.3, -80.1733
115.4, -72.7891
115.5, -63.6126
115.6, -52.8698
115.7, -40.8251
115.8, -27.7751
115.9, -14.0413
116, 0.038348
116.1, 14.117
116.2, 27.8481
116.3, 40.8934
116.4, 52.9318
116.5, 63.6668
116.6, 72.8342
116.7, 80.2081
116.8, 85.607
116.9, 88.898
117, 90
117.1, 88.8859
117.2, 85.5831
117.3, 80.173
117.4, 72.7887
117.5, 63.6121
117.6, 52.8692
117.7, 40.8245
117.8, 27.7745
117.9, 14.0406
118, -0.039009
118.1, -14.1177
118.2, -27.8487
118.3, -40.894
118.4, -52.9323
118.5, -63.6673
118.6, -72.8346
118.7, -80.2084
118.8, -85.6072
118.9, -88.8981
119, -90
119.1, -87.79754323
119.2, -81.40576475
119.3, -71.45033635
119.4, -58.90576475
119.5, -45
119.6, -31.09423525
119.7, -18.54966365
119.8, -8.594235253
119.9, -2.202456767
120, 0
ENDTABLE


LOG_ENTRY Used Dataset: Control: Steering (Open Loop); { Sine Wave } Sine Wave for Test (Smooth Start/Stop)
#Library : Control: Steering (Open Loop)
#DataSet : Sine Wave for Test (Smooth Start/Stop)
#Category: Sine Wave
#FileID  : StrSW_bef315ec-ec4d-4d9a-8630-5c852e04f534
#Product : TruckSim 2020.1
#VehCode Open-Loop Steering

END
