PARSFILE
#FullDataName Control: Steering (Open Loop)`Sine Sweep`Sine Wave
OPT_DM 0
OPT_STR_BY_TRQ 0
#CheckBox0 0    

#RingCtrl0 SPLINE_FLAT
#RadioCtrl0 0    

#DiagramOne0
STEER_SW_TABLE SPLINE_FLAT
0, 0
0.6, 0.46
1.2, 1.29
1.79, 2.36
2.38, 3.62
2.96, 5.04
3.55, 6.59
4.13, 8.25
4.7, 9.99
5.28, 11.79
5.85, 13.6
6.42, 15.37
6.99, 17.04
7.55, 18.52
8.11, 19.7
8.67, 20.49
9.23, 20.75
9.78, 20.36
10.33, 19.22
10.88, 17.23
11.42, 14.39
11.96, 10.74
12.5, 6.41
13.04, 1.68
13.57, -3.06
14.1, -7.38
14.63, -10.73
15.16, -12.63
15.68, -12.7
16.2, -10.82
16.72, -7.13
17.23, -2.22
17.74, 3.01
18.25, 7.46
18.76, 10.11
19.26, 10.19
19.77, 7.53
20.27, 2.79
20.76, -2.68
21.26, -7.21
21.75, -9.16
22.24, -7.73
22.73, -3.41
23.22, 2.26
23.7, 6.81
24.18, 8.25
24.66, 5.78
25.13, 0.5
25.6, -4.93
26.08, -7.61
26.54, -5.96
27.01, -0.83
27.47, 4.67
27.94, 7.15
28.4, 4.85
28.85, -0.71
29.3, -5.66
29.76, -6.4
30.21, -2.28
30.66, 3.56
31.1, 6.42
31.54, 3.89
31.99, -1.97
32.42, -5.95
32.86, -4.46
33.3, 1.15
33.73, 5.58
34.16, 4.43
34.59, -1.19
35.01, -5.48
35.44, -3.91
35.86, 1.91
36.28, 5.49
36.7, 2.78
37.11, -3.12
37.52, -5.22
37.94, -0.97
38.34, 4.4
38.75, 4.15
39.16, -1.47
39.56, -5.05
39.96, -1.85
40.36, 3.78
40.76, 4.12
41.16, -1.36
41.55, -4.81
41.94, -1.24
42.33, 4.09
42.72, 3.24
43.1, -2.49
43.48, -4.32
43.87, 0.66
44.24, 4.51
44.62, 1.1
45, -4.05
45.37, -2.49
45.74, 3.18
46.12, 3.39
46.48, -2.19
46.85, -3.91
47.22, 1.22
47.58, 4.13
47.94, -0.36
48.3, -4.14
48.66, -0.36
49.01, 4.03
49.37, 0.85
49.72, -3.88
50.07, -1.19
50.42, 3.74
50.77, 1.41
51.11, -3.61
51.46, -1.52
51.8, 3.53
52.14, 1.54
52.48, -3.52
52.81, -1.41
53.15, 3.53
53.48, 1.2
53.81, -3.57
54.14, -0.84
54.47, 3.61
54.8, 0.48
55.12, -3.62
55.45, 0.08
55.77, 3.57
56.09, -0.61
56.41, -3.42
56.72, 1.24
57.04, 3.14
57.36, -1.91
57.67, -2.67
57.98, 2.46
58.29, 2.05
58.6, -2.98
58.9, -1.3
59.2, 3.27
59.51, 0.38
59.81, -3.34
60.11, 0.65
60.41, 3.12
60.71, -1.62
61, -2.55
61.3, 2.41
61.59, 1.76
61.88, -2.98
62.17, -0.65
62.46, 3.2
62.75, -0.53
63.03, -2.98
63.32, 1.62
63.6, 2.32
63.88, -2.51
64.16, -1.33
64.44, 3.02
64.72, 0.09
64.99, -3.03
65.26, 1.12
65.54, 2.5
65.81, -2.23
66.08, -1.56
66.35, 2.85
66.62, 0.32
66.88, -2.97
67.15, 1.01
67.41, 2.49
67.68, -2.15
67.94, -1.5
68.2, 2.8
68.45, 0.25
68.71, -2.87
68.97, 1.14
69.22, 2.35
69.47, -2.16
69.72, -1.34
69.98, 2.78
70.23, -0.04
70.48, -2.75
70.72, 1.28
70.97, 2.11
71.21, -2.3
71.46, -1
71.7, 2.76
71.94, -0.34
72.18, -2.62
72.42, 1.53
72.65, 1.88
72.89, -2.39
73.12, -0.72
73.36, 2.73
73.59, -0.6
73.82, -2.42
74.05, 1.71
74.28, 1.57
74.51, -2.48
74.74, -0.47
74.96, 2.66
75.19, -0.8
75.41, -2.27
75.63, 1.82
75.86, 1.4
76.08, -2.49
76.29, -0.34
76.51, 2.6
76.73, -0.85
76.94, -2.2
77.16, 1.85
77.37, 1.39
77.58, -2.42
77.8, -0.34
78.01, 2.55
78.22, -0.76
78.42, -2.22
78.63, 1.69
78.84, 1.47
79.04, -2.31
79.25, -0.54
79.45, 2.52
79.66, -0.52
79.86, -2.31
80.06, 1.4
80.26, 1.74
80.45, -2.05
80.65, -0.93
80.85, 2.42
81.04, 0.11
81.24, -2.43
81.43, 0.78
81.62, 2.15
81.81, -1.54
82, -1.58
82.19, 2.08
82.38, 0.91
82.57, -2.37
82.76, -0.1
82.94, 2.4
83.13, -0.69
83.31, -2.17
83.49, 1.29
83.68, 1.78
83.86, -1.82
84.04, -1.27
84.22, 2.17
84.4, 0.63
84.57, -2.34
84.75, -0.07
84.92, 2.34
85.1, -0.54
85.27, -2.22
85.45, 1.07
85.62, 1.95
85.79, -1.5
85.96, -1.65
86.13, 1.83
86.3, 1.26
86.47, -2.05
86.64, -0.85
86.8, 2.19
86.97, 0.47
87.13, -2.28
87.3, -0.12
87.46, 2.29
87.62, -0.19
87.78, -2.24
87.94, 0.52
88.1, 2.17
88.26, -0.8
88.42, -2.09
88.58, 1.01
88.74, 1.98
88.89, -1.16
89.05, -1.87
89.2, 1.26
89.36, 1.78
89.51, -1.39
89.66, -1.72
89.81, 1.46
89.96, 1.69
90.11, -1.49
90.26, -1.65
90.41, 1.48
90.56, 1.64
90.7, -1.49
90.85, -1.67
91, 1.45
91.14, 1.68
91.28, -1.37
91.43, -1.73
91.57, 1.24
91.71, 1.81
91.85, -1.12
91.99, -1.91
92.13, 0.95
92.27, 1.99
92.41, -0.7
92.55, -2.07
92.68, 0.48
92.82, 2.13
92.96, -0.19
93.09, -2.15
93.22, -0.17
93.36, 2.11
93.49, 0.5
93.62, -2.02
93.76, -0.88
93.88, 1.81
94.02, 1.28
94.14, -1.52
94.28, -1.6
94.4, 1.19
94.53, 1.88
94.66, -0.66
94.78, -2.07
94.91, 0.1
95.04, 2.1
95.16, 0.44
95.28, -1.97
95.41, -1.01
95.53, 1.61
95.65, 1.54
95.77, -1.11
95.89, -1.94
96.01, 0.42
96.13, 2.08
96.25, 0.3
96.37, -1.97
96.49, -1.05
96.6, 1.53
96.72, 1.62
96.84, -0.92
96.96, -2
97.07, 0.02
97.18, 2.02
97.3, 0.87
97.41, -1.66
97.52, -1.57
97.64, 0.92
97.75, 1.99
97.86, 0.1
97.97, -1.96
98.08, -1.08
98.19, 1.44
98.3, 1.77
98.4, -0.49
98.51, -2.03
98.62, -0.57
98.72, 1.67
98.83, 1.53
98.94, -0.79
99.04, -2
99.15, -0.31
99.25, 1.81
99.36, 1.38
99.46, -0.9
99.56, -1.98
99.66, -0.34
99.76, 1.79
99.86, 1.44
99.96, -0.84
100.06, -1.99
100.16, -0.47
100.26, 1.68
100.36, 1.62
100.46, -0.58
100.56, -1.98
100.65, -0.87
100.75, 1.41
100.85, 1.81
100.94, -0.01
101.04, -1.85
101.13, -1.32
101.22, 0.82
101.32, 1.97
101.41, 0.67
101.5, -1.43
101.6, -1.81
101.69, 0
101.78, 1.81
101.87, 1.42
101.96, -0.6
102.05, -1.95
102.14, -1
102.23, 1.16
102.32, 1.92
102.41, 0.49
102.5, -1.49
102.58, -1.77
102.67, -0.12
102.76, 1.71
102.84, 1.63
102.93, -0.28
103.01, -1.83
103.1, -1.43
103.18, 0.5
103.26, 1.89
103.35, 1.25
103.43, -0.73
103.52, -1.92
103.6, -1.13
103.68, 0.88
103.76, 1.92
104, 0
ENDTABLE


LOG_ENTRY Used Dataset: Control: Steering (Open Loop); { Sine Wave } Sine Sweep
#Library : Control: Steering (Open Loop)
#DataSet : Sine Sweep
#Category: Sine Wave
#FileID  : StrSW_e52b7e84-47e4-441c-ae39-b314a5aec3ac
#Product : TruckSim 2020.1
#VehCode Open-Loop Steering

END
