PARSFILE
#FullDataName Control: Steering (Open Loop)`Sine Wave (0.2 Hz)`Sine Wave
OPT_DM 0
OPT_STR_BY_TRQ 0
#CheckBox0 0    

#RingCtrl0 SPLINE_FLAT
#RadioCtrl0 0    

#DiagramOne0
STEER_SW_TABLE SPLINE_FLAT
0, 0
0.2, 22.370983
0.4, 43.337732
0.6, 61.584158
0.8, 75.964926
1, 85.577351
1.2, 89.818059
1.4, 88.420858
1.6, 81.473452
1.8, 69.411931
2, 52.993401
2.2, 33.248457
2.4, 11.416498
2.6, -11.132079
2.8, -32.981891
3, -52.76142
3.2, -69.229097
3.4, -81.351242
3.6, -88.366943
3.8, -89.835823
4, -85.665679
4.2, -76.118273
4.4, -61.792899
4.6, -43.588764
4.8, -22.648549
5, -0.286677
5.2, 22.09319
5.4, 43.08626
5.6, 61.374791
5.8, 75.810808
6, 85.488156
6.2, 89.799384
6.4, 88.473877
6.6, 81.594835
6.8, 69.59406
7, 53.224844
7.2, 33.514686
7.4, 11.700801
7.6, -10.847546
7.8, -32.71499
8, -52.528904
8.2, -69.045561
8.4, -81.228207
8.6, -88.312131
8.8, -89.852675
9, -85.753138
9.2, -76.270848
9.4, -62.001013
9.6, -43.839354
9.8, -22.925886
10, -0.573351
10.2, 21.815172
10.4, 42.83435
10.6, 61.164803
10.8, 75.655921
11, 85.398092
11.2, 89.779798
11.4, 88.525997
11.6, 81.715391
11.8, 69.775484
12, 53.455746
12.2, 33.780575
12.4, 11.984986
12.6, -10.562904
12.8, -32.447758
13, -52.295855
13.2, -68.861325
13.4, -81.104347
13.6, -88.256423
13.8, -89.868616
14, -85.839726
14.2, -76.422649
14.4, -62.208498
14.6, -44.0895
14.8, -23.202989
15, -0.86002
15.2, 21.536933
15.4, 42.582006
15.6, 60.954193
15.8, 75.500266
16, 85.307162
16.2, 89.759301
16.4, 88.57722
16.6, 81.835117
16.8, 69.956199
17, 53.686107
17.2, 34.046121
17.4, 12.269049
17.6, -10.278155
17.8, -32.180196
18, -52.062275
18.2, -68.676389
18.4, -80.979664
18.6, -88.19982
18.8, -89.883644
19, -85.925443
19.2, -76.573675
19.4, -62.415352
19.6, -44.339198
19.8, -23.479858
20, -1.14668
20.2, 21.258476
20.4, 42.329231
20.6, 60.742965
20.8, 75.343845
21, 85.215367
21.2, 89.737893
21.4, 88.627543
21.6, 81.954014
21.8, 70.136204
22, 53.915923
22.2, 34.311322
22.4, 12.552988
22.6, -9.993301
22.8, -31.912307
23, -51.828168
23.2, -68.490757
23.4, -80.85416
23.6, -88.142322
23.8, -89.897761
24, -86.010289
24.2, -76.723924
24.4, -62.621573
24.6, -44.588446
24.8, -23.756488
25, -1.433328
25.2, 20.979803
25.4, 42.076025
25.6, 60.531121
25.8, 75.18666
26, 85.122707
26.2, 89.715575
26.4, 88.676968
26.6, 82.072078
26.8, 70.315498
27, 54.145192
27.2, 34.576174
27.4, 12.836799
27.6, -9.708346
27.8, -31.644095
28, -51.593534
28.2, -68.30443
28.4, -80.727836
28.6, -88.083929
28.8, -89.910966
29, -86.094262
29.2, -76.873394
29.4, -62.827158
29.6, -44.837242
29.8, -24.032877
30, -1.719961
30.2, 20.700917
30.4, 41.822393
30.6, 60.318663
30.8, 75.028711
31, 85.029184
31.2, 89.692347
31.4, 88.725492
31.6, 82.18931
31.8, 70.494079
32, 54.373911
32.2, 34.840676
32.4, 13.12048
32.6, -9.423292
32.8, -31.375562
33, -51.358377
33.2, -68.11741
33.4, -80.600692
33.6, -88.024643
33.8, -89.923258
34, -86.177361
34.2, -77.022084
34.4, -63.032106
34.6, -45.085583
34.8, -24.309023
35, -2.006577
35.2, 20.421822
35.4, 41.568336
35.6, 60.105593
35.8, 74.870002
36, 84.934797
36.2, 89.668208
36.4, 88.773117
36.6, 82.305708
36.8, 70.671944
37, 54.602079
37.2, 35.104824
37.4, 13.404028
37.6, -9.138143
37.8, -31.10671
38, -51.122699
38.2, -67.929699
38.4, -80.472731
38.6, -87.964463
38.8, -89.934638
39, -86.259587
39.2, -77.169993
39.4, -63.236415
39.6, -45.333466
39.8, -24.584921
40, -2.293173
40.2, 20.142518
40.4, 41.313858
40.6, 59.891913
40.8, 74.710533
41, 84.839549
41.2, 89.64316
41.4, 88.81984
41.6, 82.421271
41.8, 70.849092
42, 54.829693
42.2, 35.368616
42.4, 13.68744
42.6, -8.852901
42.8, -30.837543
43, -50.886502
43.2, -67.741299
43.4, -80.343953
43.6, -87.903391
43.8, -89.945105
44, -86.340936
44.2, -77.317119
44.4, -63.440081
44.6, -45.580889
44.8, -24.86057
45, -2.579745
45.2, 19.863011
45.4, 41.05896
45.6, 59.677625
45.8, 74.550306
46, 84.74344
46.2, 89.617202
46.4, 88.865663
46.6, 82.535998
46.8, 71.025521
47, 55.05675
47.2, 35.632049
47.4, 13.970713
47.6, -8.567569
47.8, -30.568062
48, -50.649789
48.2, -67.552211
48.4, -80.21436
48.6, -87.841427
48.8, -89.95466
49, -86.42141
49.2, -77.463461
49.4, -63.643105
49.6, -45.82785
49.8, -25.135967
50, -2.866292
50.2, 19.583302
50.4, 40.803646
50.6, 59.462731
50.8, 74.389322
51, 84.646472
51.2, 89.590335
51.4, 88.910584
51.6, 82.649887
51.8, 71.20123
52, 55.283249
52.2, 35.895121
52.4, 14.253844
52.6, -8.282151
52.8, -30.298272
53, -50.412561
53.2, -67.362438
53.4, -80.083953
53.6, -87.778572
53.8, -89.963302
54, -86.501007
54.2, -77.609016
54.4, -63.845482
54.6, -46.074346
54.8, -25.411109
55, -3.152809
55.2, 19.303394
55.4, 40.547918
55.6, 59.247235
55.8, 74.227584
56, 84.548644
56.2, 89.562559
56.4, 88.954602
56.6, 82.762937
56.8, 71.376216
57, 55.509187
57.2, 36.157828
57.4, 14.536831
57.6, -7.996648
57.8, -30.028174
58, -50.174823
58.2, -67.171982
58.4, -79.952733
58.6, -87.714827
58.8, -89.971032
59, -86.579727
59.2, -77.753784
59.4, -64.047212
59.6, -46.320375
59.8, -25.685994
60, -3.439294
60.2, 19.023291
60.4, 40.291778
60.6, 59.031137
60.8, 74.065093
61, 84.449959
61.2, 89.533874
61.4, 88.997719
61.6, 82.875148
61.8, 71.550478
62, 55.734562
62.2, 36.420169
62.4, 14.81967
62.6, -7.711064
62.8, -29.757772
63, -49.936575
63.2, -66.980844
63.4, -79.820703
63.6, -87.650191
63.8, -89.977848
64, -86.657567
64.2, -77.897763
64.4, -64.248291
64.6, -46.565933
64.8, -25.960617
65, -3.725744
65.2, 18.742994
65.4, 40.035229
65.6, 58.81444
65.8, 73.90185
66, 84.350417
66.2, 89.50428
66.4, 89.039932
66.6, 82.986518
66.8, 71.724014
67, 55.959371
67.2, 36.68214
67.4, 15.102359
67.6, -7.425402
67.8, -29.487068
68, -49.697821
68.2, -66.789026
68.4, -79.687862
68.6, -87.584666
68.8, -89.983752
69, -86.734529
69.2, -78.040952
69.4, -64.448719
69.6, -46.81102
69.8, -26.234977
70, -4.012157
70.2, 18.462508
70.4, 39.778275
70.6, 58.597147
70.8, 73.737857
71, 84.250018
71.2, 89.473779
71.4, 89.081242
71.6, 83.097046
71.8, 71.896823
72, 56.183612
72.2, 36.943739
72.4, 15.384895
72.6, -7.139664
72.8, -29.216064
73, -49.458562
73.2, -66.596531
73.4, -79.554213
73.6, -87.518252
73.8, -89.988743
74, -86.810611
74.2, -78.183349
74.4, -64.648493
74.6, -47.055631
74.8, -26.509071
75, -4.298529
75.2, 18.181834
75.4, 39.520917
75.6, 58.379259
75.8, 73.573116
76, 84.148766
76.2, 89.44237
76.4, 89.121648
76.6, 83.206731
76.8, 72.068902
77, 56.407284
77.2, 37.204963
77.4, 15.667274
77.6, -6.853854
77.8, -28.944764
78, -49.218802
78.2, -66.403359
78.4, -79.419757
78.6, -87.450951
78.8, -89.99282
79, -86.885812
79.2, -78.324953
79.4, -64.847611
79.6, -47.299764
79.8, -26.782896
80, -4.584857
80.2, 17.900975
80.4, 39.263157
80.6, 58.160779
80.8, 73.407629
81, 84.046659
81.2, 89.410053
81.4, 89.16115
81.6, 83.315572
81.8, 72.240249
82, 56.630383
82.2, 37.465809
82.4, 15.949495
82.6, -6.567975
82.8, -28.673171
83, -48.978542
83.2, -66.209515
83.4, -79.284495
83.6, -87.382762
83.8, -89.995985
84, -86.960131
84.2, -78.465762
84.4, -65.046071
84.6, -47.543418
84.8, -27.056449
85, -4.871139
85.2, 17.619935
85.4, 39.005
85.6, 57.941708
85.8, 73.241397
86, 83.9437
86.2, 89.376829
86.4, 89.199747
86.6, 83.423567
86.8, 72.410864
87, 56.852907
87.2, 37.726276
87.4, 16.231553
87.6, -6.282029
87.8, -28.401286
88, -48.737785
88.2, -66.014998
88.4, -79.148428
88.6, -87.313686
88.8, -89.998236
89, -87.033568
89.2, -78.605774
89.4, -65.243871
89.6, -47.786589
89.8, -27.329728
90, -5.157371
90.2, 17.338716
90.4, 38.746446
90.6, 57.72205
90.8, 73.074422
91, 83.839888
91.2, 89.342699
91.4, 89.237439
91.6, 83.530716
91.8, 72.580744
92, 57.074855
92.2, 37.986359
92.4, 16.513447
92.6, -5.996019
92.8, -28.129113
93, -48.496534
93.2, -65.819812
93.4, -79.011559
93.6, -87.243725
93.8, -89.999574
94, -87.106122
94.2, -78.74499
94.4, -65.441009
94.6, -48.029276
94.8, -27.602729
95, -5.443551
95.2, 17.057321
95.4, 38.4875
95.6, 57.501806
95.8, 72.906705
96, 83.735227
96.2, 89.307661
96.4, 89.274225
96.6, 83.637018
96.8, 72.749888
97, 57.296224
97.2, 38.246057
97.4, 16.795174
97.6, -5.709948
97.8, -27.856655
98, -48.254791
98.2, -65.623958
98.4, -78.873888
98.6, -87.172878
98.8, -89.999999
99, -87.177792
99.2, -78.883406
99.4, -65.637484
99.6, -48.271475
99.8, -27.875451
100, -5.729675
100.2, 16.775753
100.4, 38.228163
100.6, 57.280978
100.8, 72.738248
101, 83.629715
101.2, 89.271718
101.4, 89.310106
101.6, 83.742471
101.8, 72.918293
102, 57.517011
102.2, 38.505367
102.4, 17.07673
102.6, -5.42382
102.8, -27.583914
103, -48.012558
103.2, -65.427438
103.4, -78.735416
103.6, -87.101147
103.8, -89.999511
104, -87.248577
104.2, -79.021022
104.4, -65.833292
104.6, -48.513185
104.8, -28.147889
105, -6.015742
105.2, 16.494015
105.4, 37.968438
105.6, 57.05957
105.8, 72.569054
106, 83.523355
106.2, 89.234869
106.4, 89.345081
106.6, 83.847074
106.8, 73.085959
107, 57.737215
107.2, 38.764287
107.4, 17.358112
107.6, -5.137636
107.8, -27.310894
108, -47.769838
108.2, -65.230254
108.4, -78.596146
108.6, -87.028532
108.8, -89.99811
109, -87.318478
109.2, -79.157836
109.4, -66.028432
109.6, -48.754402
109.8, -28.420042
110, -6.301748
110.2, 16.21211
110.4, 37.708328
110.6, 56.837582
110.8, 72.399123
111, 83.416148
111.2, 89.197114
111.4, 89.379149
111.6, 83.950826
111.8, 73.252883
112, 57.956832
112.2, 39.022813
112.4, 17.639319
112.6, -4.8514
112.8, -27.037596
113, -47.526633
113.2, -65.032408
113.4, -78.456078
113.6, -86.955035
113.8, -89.995796
114, -87.387492
114.2, -79.293847
114.4, -66.222902
114.6, -48.995124
114.8, -28.691907
115, -6.587689
115.2, 15.93004
115.4, 37.447835
115.6, 56.615018
115.8, 72.228458
116, 83.308094
116.2, 89.158455
116.4, 89.412311
116.6, 84.053727
116.8, 73.419064
117, 58.175862
117.2, 39.280943
117.4, 17.920347
117.6, -4.565115
117.8, -26.764024
118, -47.282946
118.2, -64.833903
118.4, -78.315214
118.6, -86.880655
118.8, -89.992568
119, -87.45562
119.2, -79.429054
119.4, -66.416701
119.6, -49.23535
119.8, -28.96348
120, -6.873564
ENDTABLE


LOG_ENTRY Used Dataset: Control: Steering (Open Loop); { Sine Wave } Sine Wave (0.2 Hz)
#Library : Control: Steering (Open Loop)
#DataSet : Sine Wave (0.2 Hz)
#Category: Sine Wave
#FileID  : StrSW_95026698-536f-40e3-9cac-aa53235a8dd6
#Product : TruckSim 2020.1
#VehCode Open-Loop Steering

END
