PARSFILE
#FullDataName Surface: Roughness Profiles`Standard Roughness File`* * * HUR Road Roughness File
#CheckBox0 0    

#RingCtrl0 LINEAR_LOOP
#DiagramOne0
ISIDE 1
Z_PROFILE_TABLE LINEAR_LOOP
0.3048, 0.406
0.4572, 0.178
0.6096, 0.0753
0.762, 0.354
0.9144, 0.555
1.0668, 0.276
1.2192, 0.0492
1.3716, 0.169
1.524, 0.264
1.6764, 0.213
1.8288, 0.508
1.9812, 0.73
2.1336, 0.734
2.286, 0.939
2.4384, 1.23
2.5908, 1.62
2.7432, 1.62
2.8956, 1.62
3.048, 1.27
3.2004, 1.05
3.3528, 0.99
3.5052, 0.757
3.6576, 0.772
3.81, 1.07
3.9624, 1.19
4.1148, 1.17
4.2672, 0.691
4.4196, 0.227
4.572, 0.778
4.7244, 1.21
4.8768, 1.2
5.0292, 1.3
5.1816, 1.33
5.334, 1.66
5.4864, 1.96
5.6388, 1.84
5.7912, 1.78
5.9436, 1.71
6.096, 1.76
6.2484, 1.94
6.4008, 2.05
6.5532, 1.92
6.7056, 1.65
6.858, 1.73
7.0104, 1.92
7.1628, 1.74
7.3152, 1.32
7.4676, 1.39
7.62, 1.73
7.7724, 1.6
7.9248, 1.87
8.0772, 1.85
8.2296, 1.38
8.382, 1.68
8.5344, 1.72
8.6868, 1.51
8.8392, 1.51
8.9916, 1.24
9.144, 1.28
9.2964, 1.62
9.4488, 1.51
9.6012, 1.23
9.7536, 1.48
9.906, 2.01
10.058, 2.1
10.211, 1.67
10.363, 1.3
10.516, 1.32
10.668, 1.9
10.82, 2.11
10.973, 1.86
11.125, 1.43
11.278, 1.33
11.43, 1.58
11.582, 1.76
11.735, 1.47
11.887, 1.09
12.04, 1.04
12.192, 0.853
12.344, 0.516
12.497, 0.235
12.649, 0.403
12.802, 0.439
12.954, 0.123
13.106, -0.303
13.259, -0.371
13.411, -0.14
13.564, 0.257
13.716, 0.741
13.868, 0.361
14.021, 0.0331
14.173, 0.144
14.326, 0.224
14.478, 0.755
14.63, 0.312
14.783, -0.516
14.935, -0.514
15.088, -0.154
15.24, -0.179
15.392, -0.203
15.545, -0.076
15.697, -0.356
15.85, -0.229
16.002, -0.178
16.154, 0.152
16.307, 0.203
16.459, -0.229
16.612, 0.279
16.764, 1.02
16.916, 0.584
17.069, -0.127
17.221, 0.076
17.374, 0.838
17.526, 1.37
17.678, 0.991
17.831, 0.406
17.983, 0.254
18.136, 0.559
18.288, 0.229
18.44, 0.102
18.593, 0.076
18.745, -0.406
18.898, 0.152
19.05, 0.051
19.202, -0.686
19.355, -0.838
19.507, -0.991
19.66, -1.35
19.812, -1.37
19.964, -1.8
20.117, -2.59
20.269, -2.62
20.422, -2.26
20.574, -1.98
20.726, -2.08
20.879, -2.08
21.031, -2.23
21.184, -2.29
21.336, -2.49
21.488, -2.64
21.641, -2.46
21.793, -2.41
21.946, -2.34
22.098, -2.13
22.25, -1.93
22.403, -2.34
22.555, -2.46
22.708, -2.36
22.86, -2.59
23.012, -2.69
23.165, -2.41
23.317, -2.23
23.47, -2.16
23.622, -2.44
23.774, -2.72
23.927, -2.79
24.079, -3.05
24.232, -2.74
24.384, -2.39
24.536, -2.21
24.689, -2.31
24.841, -2.31
24.994, -1.91
25.146, -1.85
25.298, -2.36
25.451, -2.18
25.603, -2.08
25.756, -2.44
25.908, -2.18
26.06, -1.93
26.213, -1.83
26.365, -2.06
26.518, -2.41
26.67, -2.06
26.822, -2.06
26.975, -2.44
27.127, -1.85
27.28, -1.35
27.432, -1.78
27.584, -2.26
27.737, -1.98
27.889, -1.52
28.042, -1.5
28.194, -1.73
28.346, -1.98
28.499, -1.96
28.651, -1.96
28.804, -1.68
28.956, -1.17
29.108, -1.45
29.261, -1.88
29.413, -1.75
29.566, -1.98
29.718, -2.21
29.87, -2.16
30.023, -2.34
30.175, -2.29
30.328, -2.08
30.48, -2.54
30.632, -2.87
30.785, -2.46
30.937, -2.29
31.09, -2.08
31.242, -1.91
31.394, -2.41
31.547, -2.82
31.699, -2.49
31.852, -2.31
32.004, -2.72
32.156, -3
32.309, -3
32.461, -2.49
32.614, -2.23
32.766, -2.74
32.918, -3
33.071, -2.77
33.223, -2.08
33.376, -2.41
33.528, -2.39
33.68, -1.96
33.833, -2.29
33.985, -2.06
34.138, -1.88
34.29, -1.5
34.442, -1.37
34.595, -1.45
34.747, -0.991
34.9, -0.762
35.052, -0.737
35.204, -0.559
35.357, -0.813
35.509, -0.737
35.662, -0.152
35.814, 0.025
35.966, 0
36.119, -0.178
36.271, 0.025
36.424, 0.483
36.576, 0.533
36.728, 0.711
36.881, 1.09
37.033, 1.02
37.186, 0.914
37.338, 0.889
37.49, 1.32
37.643, 1.83
37.795, 1.85
37.948, 1.98
38.1, 2.36
38.252, 2.77
38.405, 2.44
38.557, 2.08
38.71, 2.13
38.862, 2.11
39.014, 2.52
39.167, 2.34
39.319, 2.16
39.472, 2.23
39.624, 1.6
39.776, 1.07
39.929, 1.14
40.081, 0.991
40.234, 0.432
40.386, 0.076
40.538, 0
40.691, -0.051
40.843, -0.381
40.996, -0.635
41.148, -0.838
41.3, -1.35
41.453, -1.42
41.605, -1.65
41.758, -2.23
41.91, -2.36
42.062, -2.87
42.215, -3.07
42.367, -3.2
42.52, -3.61
42.672, -3.35
42.824, -3.07
42.977, -3.05
43.129, -3.23
43.282, -3.53
43.434, -3.12
43.586, -2.59
43.739, -2.49
43.891, -2.26
44.044, -2.26
44.196, -2.39
44.348, -2.46
44.501, -2.18
44.653, -1.78
44.806, -1.96
44.958, -1.96
45.11, -1.63
45.263, -1.6
45.415, -1.75
45.568, -1.63
45.72, -1.32
45.872, -1.32
46.025, -1.25
46.177, -0.864
46.33, -0.838
46.482, -1.04
46.634, -0.914
46.787, -0.838
46.939, -0.66
47.092, -0.787
47.244, -1.14
47.396, -0.762
47.549, -0.635
47.701, -0.483
47.854, -0.152
48.006, 0.025
48.158, -0.102
48.311, -0.203
48.463, 0.127
48.616, 0.584
48.768, 0.584
48.92, 0.508
49.073, 1.22
49.225, 1.96
49.378, 2.49
49.53, 2.49
49.682, 2.26
49.835, 2.64
49.987, 2.69
50.14, 2.49
50.292, 2.49
50.444, 2.08
50.597, 2.36
50.749, 2.92
50.902, 2.72
51.054, 2.11
51.206, 2.01
51.359, 1.8
51.511, 0.991
51.664, 0.584
51.816, 0.279
51.968, -0.076
52.121, 0.025
52.273, 0.406
52.426, -0.025
52.578, -0.838
52.73, -1.35
52.883, -1.37
53.035, -1.02
53.188, -0.508
53.34, -0.533
53.492, -0.762
53.645, -0.254
53.797, -0.432
53.95, -0.762
54.102, -0.686
54.254, -0.813
54.407, -0.66
54.559, -0.483
54.712, -0.686
54.864, -1.02
55.016, -0.584
55.169, 0.279
55.321, 0.127
55.474, 0.279
55.626, 0.305
55.778, 0.025
55.931, 0.991
56.083, 0.991
56.236, 0.559
56.388, 1.07
56.54, 1.19
56.693, 0.914
56.845, 0.864
56.998, 1.17
57.15, 1.09
57.302, 1.04
57.455, 1.32
57.607, 1.47
57.76, 1.6
57.912, 1.83
58.064, 2.08
58.217, 2.54
58.369, 2.52
58.522, 2.36
58.674, 2.79
58.826, 3.07
58.979, 3.23
59.131, 3.17
59.284, 3.15
59.436, 2.97
59.588, 2.95
59.741, 3.2
59.893, 2.82
60.046, 2.44
60.198, 2.54
60.35, 2.67
60.503, 2.29
60.655, 1.85
60.808, 1.98
60.96, 1.93
61.112, 1.75
61.265, 2.16
61.417, 2.49
61.57, 2.56
61.722, 2.06
61.874, 1.57
62.027, 2.06
62.179, 2.44
62.332, 2.54
62.484, 2.41
62.636, 2.01
62.789, 2.21
62.941, 2.39
63.094, 2.13
63.246, 2.01
63.398, 1.96
63.551, 1.75
63.703, 1.7
63.856, 1.83
64.008, 1.75
64.16, 1.47
64.313, 1.55
64.465, 1.4
64.618, 1.4
64.77, 1.4
64.922, 1.04
65.075, 1.32
65.227, 1.85
65.38, 1.6
65.532, 1.17
65.684, 1.27
65.837, 1.14
65.989, 1.02
66.142, 1.12
66.294, 1.42
66.446, 1.6
66.599, 1.47
66.751, 1.19
66.904, 1.04
67.056, 1.14
67.208, 1.14
67.361, 1.52
67.513, 2.03
67.666, 1.88
67.818, 1.4
67.97, 1.96
68.123, 2.39
68.275, 2.41
68.428, 2.56
68.58, 2.56
68.732, 3
68.885, 2.59
69.037, 2.69
69.19, 3.12
69.342, 2.9
69.494, 3.35
69.647, 3.76
69.799, 3.35
69.952, 3.33
70.104, 3.89
70.256, 3.96
70.409, 3.79
70.561, 3.91
70.714, 3.61
70.866, 3.58
71.018, 4.17
71.171, 4.32
71.323, 4.17
71.476, 4.06
71.628, 3.96
71.78, 3.89
71.933, 4.17
72.085, 4.34
72.238, 4.24
72.39, 4.52
72.542, 4.78
72.695, 4.55
72.847, 4.45
73, 4.62
73.152, 4.72
73.304, 4.5
73.457, 3.76
73.609, 3.02
73.762, 2.44
73.914, 2.01
74.066, 2.62
74.219, 2.69
74.371, 2.29
74.524, 2.59
74.676, 2.64
74.828, 2.79
74.981, 2.72
75.133, 2.44
75.286, 2.29
75.438, 2.11
75.59, 2.29
75.743, 2.46
75.895, 2.31
76.048, 2.13
76.2, 2.03
76.352, 2.44
76.505, 2.62
76.657, 2.06
76.81, 1.6
76.962, 1.17
77.114, 1.47
77.267, 1.42
77.419, 0.635
77.572, 0.711
77.724, 0.889
77.876, 1.35
78.029, 1.07
78.181, 0.229
78.334, 0.432
78.486, 0.889
78.638, 1.45
78.791, 1.17
78.943, 0.178
79.096, -0.305
79.248, -0.737
79.4, -0.432
79.553, -0.127
79.705, -0.584
79.858, -0.94
80.01, -0.864
80.162, -0.711
80.315, -1.02
80.467, -1.14
80.62, -0.914
80.772, -0.61
80.924, -0.406
81.077, -0.635
81.229, -0.965
81.382, -1.29
81.534, -1.25
81.686, -0.838
81.839, -1.32
81.991, -1.42
82.144, -0.838
82.296, -0.406
82.448, -0.483
82.601, -0.813
82.753, -0.991
82.906, -0.914
83.058, -0.305
83.21, -0.051
83.363, -0.61
83.515, -0.914
83.668, -0.864
83.82, -0.305
83.972, 0.279
84.125, -0.102
84.277, -0.356
84.43, -0.533
84.582, -0.483
84.734, 0.203
84.887, 0.076
85.039, -0.457
85.192, -0.178
85.344, 0.508
85.496, 0.889
85.649, 0.66
85.801, 0.635
85.954, 0.787
86.106, 0.813
86.258, 1.12
86.411, 0.889
86.563, 0.051
86.716, -0.356
86.868, -0.279
87.02, 0.025
87.173, 0.406
87.325, 0.508
87.478, 0.33
87.63, 0.051
87.782, 0.076
87.935, 0.508
88.087, 0.483
88.24, 0.152
88.392, 0.33
88.544, 0.838
88.697, 0.991
88.849, 0.737
89.002, 0.635
89.154, 0.584
89.306, 0.635
89.459, 1.12
89.611, 1.7
89.764, 1.47
89.916, 1.27
90.068, 1.47
90.221, 1.45
90.373, 1.7
90.526, 1.83
90.678, 2.13
90.83, 2.49
90.983, 1.85
91.135, 1.5
91.288, 2.01
91.44, 2.49
91.592, 2.62
91.745, 2.34
91.897, 2.06
92.05, 2.16
92.202, 2.23
92.354, 2.16
92.507, 2.01
92.659, 1.17
92.812, 0.152
92.964, -0.508
93.116, -0.864
93.269, -1.07
93.421, -1.42
93.574, -1.75
93.726, -1.35
93.878, -0.889
94.031, -0.94
94.183, -1.29
94.336, -1.37
94.488, -0.965
94.64, -1.09
94.793, -1.52
94.945, -1.47
95.098, -1.14
95.25, -1.27
95.402, -1.73
95.555, -1.8
95.707, -1.85
95.86, -2.11
96.012, -1.8
96.164, -1.25
96.317, -1.37
96.469, -1.42
96.622, -1.09
96.774, -0.889
96.926, -0.711
97.079, -0.66
97.231, -0.889
97.384, -0.711
97.536, -0.711
97.688, -1.22
97.841, -1.09
97.993, -0.762
98.146, -0.61
98.298, -0.203
98.45, 0
98.603, 0.152
98.755, 0
98.908, -0.152
99.06, 0.127
99.212, 0.406
99.365, 0.559
99.517, 0.66
99.67, 0.838
99.822, 0.711
99.974, 0.762
100.13, 0.889
100.28, 0.381
100.43, 0.279
100.58, 0.483
100.74, 0.178
100.89, 0
101.04, -0.076
101.19, -0.533
101.35, -1.07
101.5, -1.17
101.65, -0.965
101.8, -1.25
101.96, -1.55
102.11, -1.32
102.26, -1.42
102.41, -1.25
102.57, -0.914
102.72, -0.991
102.87, -1.04
103.02, -0.94
103.17, -0.864
103.33, -0.94
103.48, -0.813
103.63, -0.762
103.78, -0.483
103.94, -0.178
104.09, -0.406
104.24, -0.508
104.39, -0.076
104.55, -0.025
104.7, -0.076
104.85, 0.305
105, 0.711
105.16, 1.47
105.31, 1.42
105.46, 1.17
105.61, 1.42
105.77, 2.01
105.92, 1.96
106.07, 1.19
106.22, 1.22
106.38, 1.65
106.53, 1.8
106.68, 1.27
106.83, 1.04
106.98, 1.19
107.14, 0.914
107.29, 1.75
107.44, 2.08
107.59, 1.37
107.75, 1.27
107.9, 1.19
108.05, 1.35
108.2, 1.5
108.36, 1.52
108.51, 1.55
108.66, 1.47
108.81, 1.73
108.97, 1.83
109.12, 1.42
109.27, 1.04
109.42, 1.12
109.58, 1.25
109.73, 1.27
109.88, 1.6
110.03, 1.52
110.19, 0.787
110.34, 1.04
110.49, 1.75
110.64, 1.7
110.79, 0.94
110.95, 0.406
111.1, 0.533
111.25, 0.533
111.4, 0.305
111.56, 0.203
111.71, 0.178
111.86, 0.102
112.01, 0.178
112.17, 0.229
112.32, -0.076
112.47, -0.127
112.62, 0.152
112.78, -0.102
112.93, -0.381
113.08, -0.432
113.23, -0.432
113.39, -0.508
113.54, -1.17
113.69, -1.68
113.84, -0.991
114, -0.305
114.15, -0.864
114.3, -1.91
114.45, -2.44
114.6, -2.77
114.76, -2.69
114.91, -2.41
115.06, -2.64
115.21, -3.07
115.37, -3.33
115.52, -2.82
115.67, -2.72
115.82, -3.35
115.98, -3.56
116.13, -3.33
116.28, -2.92
116.43, -3.38
116.59, -3.68
116.74, -3.71
116.89, -4.04
117.04, -4.34
117.2, -4.7
117.35, -4.6
117.5, -4.8
117.65, -5.21
117.81, -5.28
117.96, -5.46
118.11, -5.64
118.26, -5.61
118.41, -5.69
118.57, -5.87
118.72, -5.71
118.87, -5.61
119.02, -5.28
119.18, -5.38
119.33, -5.41
119.48, -5.08
119.63, -5.26
119.79, -5.51
119.94, -5.28
120.09, -5.05
120.24, -5.26
120.4, -5.16
120.55, -5.21
120.7, -5.38
120.85, -5.38
121.01, -5.54
121.16, -5.38
121.31, -5.41
121.46, -5.64
121.62, -5.26
121.77, -5.28
121.92, -5.56
122.07, -5.61
122.22, -5.61
122.38, -4.67
122.53, -5.18
122.68, -6.22
122.83, -5.77
122.99, -5.74
123.14, -5.33
123.29, -5.33
123.44, -5.87
123.6, -5.99
123.75, -5.87
123.9, -5.13
124.05, -4.6
124.21, -4.7
124.36, -5.05
124.51, -5.38
124.66, -5.36
124.82, -5.05
124.97, -4.83
125.12, -4.72
125.27, -4.39
125.43, -4.19
125.58, -4.39
125.73, -4.42
125.88, -4.01
126.03, -3.91
126.19, -4.01
126.34, -3.99
126.49, -3.96
126.64, -4.04
126.8, -3.86
126.95, -3.28
127.1, -3.15
127.25, -3.4
127.41, -3.63
127.56, -3.83
127.71, -3.89
127.86, -3.81
128.02, -3.79
128.17, -4.01
128.32, -3.76
128.47, -2.62
128.63, -2.95
128.78, -3.79
128.93, -3.4
129.08, -3.05
129.24, -2.69
129.39, -2.64
129.54, -2.92
129.69, -3.23
129.84, -3.4
130, -2.87
130.15, -2.74
130.3, -3.12
130.45, -3.05
130.61, -3.02
130.76, -2.64
130.91, -2.69
131.06, -3.05
131.22, -3.15
131.37, -3.58
131.52, -4.17
131.67, -4.6
131.83, -4.47
131.98, -4.12
132.13, -3.99
132.28, -3.61
132.44, -3.15
132.59, -3.33
132.74, -3.3
132.89, -2.56
133.05, -1.78
133.2, -2.01
133.35, -2.46
133.5, -2.31
133.65, -1.83
133.81, -1.68
133.96, -1.37
134.11, -0.914
134.26, -0.813
134.42, -0.559
134.57, -0.254
134.72, -0.66
134.87, -1.07
135.03, -0.457
135.18, 0.178
135.33, -0.025
135.48, -0.305
135.64, -0.61
135.79, -0.991
135.94, -0.66
136.09, -0.025
136.25, -0.051
136.4, 0.025
136.55, 0.051
136.7, -0.076
136.86, 0.229
137.01, 0.406
ENDTABLE
#DiagramOne1
ISIDE 2
Z_PROFILE_TABLE LINEAR_LOOP
0.3048, -1.83
0.4572, -1.52
0.6096, -1.55
0.762, -1.85
0.9144, -2.1
1.0668, -2.08
1.2192, -1.95
1.3716, -1.35
1.524, -0.69
1.6764, -0.545
1.8288, -0.286
1.9812, -0.686
2.1336, -1.41
2.286, -0.878
2.4384, -0.308
2.5908, 0.0452
2.7432, 0.444
2.8956, 0.68
3.048, 0.427
3.2004, -0.0163
3.3528, 0.172
3.5052, 0.626
3.6576, 0.902
3.81, 0.946
3.9624, 1.14
4.1148, 0.727
4.2672, 0.333
4.4196, 0.389
4.572, 0.265
4.7244, 0.404
4.8768, 0.215
5.0292, 0.542
5.1816, 1.41
5.334, 1.4
5.4864, 1.11
5.6388, 1.18
5.7912, 1.76
5.9436, 2.04
6.096, 1.91
6.2484, 1.73
6.4008, 1.59
6.5532, 2.07
6.7056, 2.42
6.858, 2.16
7.0104, 2.12
7.1628, 2.04
7.3152, 1.56
7.4676, 1.34
7.62, 1.57
7.7724, 2.14
7.9248, 2.54
8.0772, 2.48
8.2296, 1.87
8.382, 1.44
8.5344, 1.63
8.6868, 1.82
8.8392, 1.93
8.9916, 1.95
9.144, 2.01
9.2964, 2.1
9.4488, 1.83
9.6012, 1.55
9.7536, 1.91
9.906, 2.32
10.058, 2.67
10.211, 3.34
10.363, 3.66
10.516, 3.26
10.668, 2.82
10.82, 2.68
10.973, 2.74
11.125, 2.93
11.278, 3.01
11.43, 3.13
11.582, 3.17
11.735, 3.24
11.887, 3.08
12.04, 2.51
12.192, 2.48
12.344, 2.45
12.497, 2.21
12.649, 2.48
12.802, 3.14
12.954, 3.3
13.106, 2.88
13.259, 2.28
13.411, 1.92
13.564, 2.22
13.716, 2.27
13.868, 2.11
14.021, 1.94
14.173, 2.01
14.326, 2.09
14.478, 1.82
14.63, 1.44
14.783, 1.24
14.935, 1.09
15.088, 0.837
15.24, 0.61
15.392, 0.838
15.545, 1.29
15.697, 1.63
15.85, 1.22
16.002, 1.27
16.154, 1.73
16.307, 1.42
16.459, 1.25
16.612, 1.7
16.764, 2.31
16.916, 1.93
17.069, 0.965
17.221, 0.356
17.374, 0.178
17.526, 0.737
17.678, 1.12
17.831, 0.737
17.983, 0.457
18.136, 0.127
18.288, -0.178
18.44, 0.229
18.593, 0.965
18.745, 1.22
18.898, 0.787
19.05, 0.229
19.202, -0.051
19.355, -0.457
19.507, -0.635
19.66, -1.02
19.812, -1.68
19.964, -1.63
20.117, -1.35
20.269, -1.42
20.422, -2.08
20.574, -2.69
20.726, -3.17
20.879, -3.5
21.031, -3.15
21.184, -2.67
21.336, -2.59
21.488, -2.67
21.641, -2.62
21.793, -2.67
21.946, -2.77
22.098, -2.39
22.25, -1.88
22.403, -2.08
22.555, -2.82
22.708, -3.45
22.86, -3.5
23.012, -3.1
23.165, -2.54
23.317, -2.01
23.47, -2.46
23.622, -3.48
23.774, -3.79
23.927, -2.92
24.079, -2.03
24.232, -2.01
24.384, -1.96
24.536, -2.26
24.689, -2.67
24.841, -2.46
24.994, -2.23
25.146, -2.08
25.298, -1.85
25.451, -1.7
25.603, -1.7
25.756, -1.7
25.908, -2.13
26.06, -2.23
26.213, -1.83
26.365, -1.65
26.518, -1.52
26.67, -1.37
26.822, -1.4
26.975, -1.65
27.127, -1.7
27.28, -1.4
27.432, -1.22
27.584, -1.7
27.737, -1.09
27.889, -0.584
28.042, -1.5
28.194, -1.88
28.346, -1.85
28.499, -1.73
28.651, -1.57
28.804, -1.65
28.956, -2.01
29.108, -2.31
29.261, -2.06
29.413, -1.7
29.566, -1.68
29.718, -1.65
29.87, -1.52
30.023, -1.57
30.175, -1.88
30.328, -2.11
30.48, -2.31
30.632, -2.44
30.785, -2.59
30.937, -2.82
31.09, -2.72
31.242, -2.67
31.394, -2.77
31.547, -2.62
31.699, -2.46
31.852, -2.34
32.004, -2.52
32.156, -3.23
32.309, -4.01
32.461, -4.29
32.614, -3.66
32.766, -2.9
32.918, -2.82
33.071, -2.67
33.223, -2.74
33.376, -2.74
33.528, -2.54
33.68, -2.64
33.833, -2.36
33.985, -2.23
34.138, -2.49
34.29, -2.49
34.442, -2.29
34.595, -2.03
34.747, -1.32
34.9, -1.04
35.052, -1.91
35.204, -1.68
35.357, -0.737
35.509, -0.737
35.662, -0.762
35.814, -0.406
35.966, -0.102
36.119, -0.457
36.271, -1.07
36.424, -1.17
36.576, -0.965
36.728, -0.559
36.881, -0.508
37.033, -0.737
37.186, -0.635
37.338, -0.279
37.49, -0.254
37.643, -0.305
37.795, 0.381
37.948, 0.559
38.1, -0.025
38.252, 0.305
38.405, 1.25
38.557, 1.25
38.71, 0.762
38.862, 0.61
39.014, 0.483
39.167, 0.457
39.319, 0.61
39.472, 1.02
39.624, 0.61
39.776, 0.127
39.929, 0.229
40.081, -0.051
40.234, -0.61
40.386, -0.965
40.538, -0.737
40.691, -0.762
40.843, -0.711
40.996, -0.61
41.148, -0.965
41.3, -1.88
41.453, -2.18
41.605, -1.55
41.758, -1.07
41.91, -1.91
42.062, -3
42.215, -3.1
42.367, -3.4
42.52, -3.1
42.672, -2.82
42.824, -3.05
42.977, -3.2
43.129, -2.87
43.282, -2.36
43.434, -2.29
43.586, -1.52
43.739, -0.889
43.891, -1.5
44.044, -2.36
44.196, -2.39
44.348, -1.85
44.501, -1.73
44.653, -1.55
44.806, -1.4
44.958, -1.63
45.11, -1.73
45.263, -1.4
45.415, -0.965
45.568, -0.584
45.72, -0.508
45.872, -0.686
46.025, -0.635
46.177, -0.432
46.33, -0.203
46.482, -0.102
46.634, 0.076
46.787, 0.127
46.939, -0.025
47.092, -0.229
47.244, -0.381
47.396, 0.229
47.549, 0.94
47.701, 0.864
47.854, 0.838
48.006, 0.965
48.158, 0.635
48.311, 0.508
48.463, 1.25
48.616, 1.98
48.768, 2.03
48.92, 1.91
49.073, 2.06
49.225, 1.93
49.378, 1.04
49.53, 0.61
49.682, 1.04
49.835, 1.45
49.987, 1.63
50.14, 1.78
50.292, 1.8
50.444, 1.83
50.597, 1.98
50.749, 2.03
50.902, 2.08
51.054, 2.21
51.206, 2.34
51.359, 2.44
51.511, 1.93
51.664, 0.762
51.816, -0.432
51.968, -1.04
52.121, -0.991
52.273, -0.432
52.426, -0.127
52.578, -0.686
52.73, -1.6
52.883, -1.8
53.035, -1.73
53.188, -2.16
53.34, -2.41
53.492, -2.39
53.645, -1.55
53.797, -0.483
53.95, 0.152
54.102, 0.508
54.254, 0.305
54.407, 0.025
54.559, -0.279
54.712, -0.533
54.864, -0.305
55.016, 0.381
55.169, 0.559
55.321, 0.457
55.474, 0.762
55.626, 1.14
55.778, 0.889
55.931, 0.838
56.083, 1.12
56.236, 0.965
56.388, 1.35
56.54, 1.6
56.693, 1.42
56.845, 1.42
56.998, 1.6
57.15, 1.96
57.302, 2.11
57.455, 2.08
57.607, 2.26
57.76, 2.52
57.912, 2.69
58.064, 2.74
58.217, 2.69
58.369, 3.25
58.522, 3.2
58.674, 2.39
58.826, 2.92
58.979, 3.68
59.131, 3.91
59.284, 4.17
59.436, 4.37
59.588, 3.68
59.741, 2.95
59.893, 2.67
60.046, 2.29
60.198, 2.21
60.35, 2.23
60.503, 2.08
60.655, 2.52
60.808, 3.25
60.96, 2.9
61.112, 2.56
61.265, 2.18
61.417, 1.96
61.57, 2.46
61.722, 3.1
61.874, 3.48
62.027, 3.15
62.179, 2.77
62.332, 2.26
62.484, 2.21
62.636, 3.66
62.789, 4.14
62.941, 3.1
63.094, 2.92
63.246, 2.87
63.398, 2.18
63.551, 2.03
63.703, 2.18
63.856, 2.18
64.008, 2.31
64.16, 1.83
64.313, 1.7
64.465, 1.96
64.618, 1.47
64.77, 1.04
64.922, 0.94
65.075, 1.12
65.227, 1.22
65.38, 1.47
65.532, 1.75
65.684, 1.73
65.837, 1.65
65.989, 1.42
66.142, 1.27
66.294, 1.83
66.446, 2.29
66.599, 1.8
66.751, 1.4
66.904, 1.45
67.056, 2.44
67.208, 3.4
67.361, 3.43
67.513, 3.38
67.666, 3.56
67.818, 3.53
67.97, 3.35
68.123, 3.4
68.275, 3.28
68.428, 3.43
68.58, 3.86
68.732, 3.91
68.885, 3.79
69.037, 3.58
69.19, 3.83
69.342, 4.52
69.494, 4.95
69.647, 4.88
69.799, 4.01
69.952, 3.45
70.104, 3.63
70.256, 3.89
70.409, 4.45
70.561, 5.11
70.714, 4.88
70.866, 4.52
71.018, 4.7
71.171, 4.29
71.323, 3.81
71.476, 3.89
71.628, 4.04
71.78, 3.83
71.933, 3.58
72.085, 3.73
72.238, 4.37
72.39, 4.88
72.542, 5
72.695, 4.9
72.847, 4.57
73, 4.7
73.152, 4.67
73.304, 4.37
73.457, 4.75
73.609, 5.05
73.762, 4.62
73.914, 4.32
74.066, 4.32
74.219, 4.6
74.371, 4.65
74.524, 4.45
74.676, 4.55
74.828, 4.47
74.981, 3.94
75.133, 3.43
75.286, 3.33
75.438, 3.25
75.59, 3.53
75.743, 3.56
75.895, 3.5
76.048, 3.89
76.2, 3.73
76.352, 3.15
76.505, 3.4
76.657, 3.45
76.81, 3.25
76.962, 3.58
77.114, 2.9
77.267, 2.21
77.419, 2.44
77.572, 2.95
77.724, 2.67
77.876, 2.13
78.029, 1.91
78.181, 1.68
78.334, 1.57
78.486, 1.45
78.638, 1.63
78.791, 1.98
78.943, 1.63
79.096, 0.457
79.248, 0.33
79.4, 0.914
79.553, 0.66
79.705, 0.076
79.858, -0.305
80.01, -0.254
80.162, 0.102
80.315, 0.076
80.467, -0.178
80.62, 0.025
80.772, 0.025
80.924, 0.152
81.077, 0.559
81.229, 0.584
81.382, 0.279
81.534, -0.152
81.686, -0.33
81.839, -0.254
81.991, -0.229
82.144, -0.432
82.296, -0.864
82.448, -1.09
82.601, -1.04
82.753, -1.07
82.906, -1.52
83.058, -1.4
83.21, -1.04
83.363, -1.22
83.515, -1.04
83.668, -0.838
83.82, -1.07
83.972, -1.4
84.125, -0.965
84.277, -1.07
84.43, -1.75
84.582, -1.6
84.734, -0.991
84.887, -0.686
85.039, -0.686
85.192, -0.533
85.344, -0.076
85.496, 0.229
85.649, 0.457
85.801, 0.864
85.954, 0.838
86.106, 0.406
86.258, -0.178
86.411, -0.279
86.563, -0.457
86.716, -0.737
86.868, -0.66
87.02, -0.203
87.173, -0.076
87.325, -0.356
87.478, 0.127
87.63, 0.025
87.782, -0.584
87.935, -0.686
88.087, -0.94
88.24, -1.09
88.392, -0.991
88.544, -0.508
88.697, -0.076
88.849, -0.381
89.002, -0.66
89.154, -0.533
89.306, -0.305
89.459, -0.152
89.611, 0.127
89.764, 0.381
89.916, 0.356
90.068, 0.356
90.221, 1.17
90.373, 1.8
90.526, 1.75
90.678, 1.8
90.83, 1.7
90.983, 1.73
91.135, 2.29
91.288, 2.85
91.44, 3.02
91.592, 2.97
91.745, 2.67
91.897, 2.54
92.05, 2.74
92.202, 2.62
92.354, 2.36
92.507, 2.03
92.659, 0.965
92.812, 0.381
92.964, 0.584
93.116, 0.66
93.269, 0.076
93.421, -0.965
93.574, -1.57
93.726, -1.73
93.878, -1.68
94.031, -1.83
94.183, -1.83
94.336, -1.73
94.488, -1.83
94.64, -1.57
94.793, -1.65
94.945, -1.17
95.098, -0.254
95.25, -0.965
95.402, -1.98
95.555, -2.26
95.707, -2.36
95.86, -1.98
96.012, -1.78
96.164, -2.46
96.317, -3.1
96.469, -3.17
96.622, -2.69
96.774, -2.56
96.926, -2.49
97.079, -2.23
97.231, -1.65
97.384, -0.864
97.536, -1.09
97.688, -1.55
97.841, -1.25
97.993, -0.965
98.146, -1.04
98.298, -0.965
98.45, -0.762
98.603, -0.635
98.755, -0.686
98.908, -0.737
99.06, -0.737
99.212, -0.61
99.365, -0.787
99.517, -0.864
99.67, -0.991
99.822, -0.864
99.974, -0.533
100.13, -1.35
100.28, -1.45
100.43, -0.406
100.58, -0.127
100.74, -0.457
100.89, -0.711
101.04, -0.965
101.19, -1.22
101.35, -1.22
101.5, -1.27
101.65, -2.59
101.8, -3.76
101.96, -3.38
102.11, -2.9
102.26, -2.74
102.41, -2.85
102.57, -3.2
102.72, -3.23
102.87, -2.77
103.02, -1.91
103.17, -1.47
103.33, -2.06
103.48, -2.67
103.63, -2.85
103.78, -2.64
103.94, -2.72
104.09, -2.77
104.24, -2.44
104.39, -2.36
104.55, -2.36
104.7, -2.34
104.85, -2.01
105, -1.78
105.16, -1.88
105.31, -2.39
105.46, -2.85
105.61, -2.82
105.77, -2.64
105.92, -2.52
106.07, -2.49
106.22, -2.49
106.38, -2.52
106.53, -2.16
106.68, -1.17
106.83, -0.508
106.98, -0.838
107.14, -1.14
107.29, -1.14
107.44, -0.762
107.59, -0.127
107.75, 0.305
107.9, 0.762
108.05, 0.94
108.2, 0.533
108.36, 0.305
108.51, 0.152
108.66, 0.152
108.81, 0.152
108.97, 0.152
109.12, 0.635
109.27, 0.991
109.42, 0.965
109.58, 1.19
109.73, 1.35
109.88, 0.965
110.03, 0.61
110.19, 0.61
110.34, 0.737
110.49, 0.889
110.64, 1.02
110.79, 1.45
110.95, 1.65
111.1, 1.09
111.25, 0.584
111.4, 0.406
111.56, 1.04
111.71, 1.47
111.86, 1.07
112.01, 0.914
112.17, 1.09
112.32, 1.14
112.47, 0.737
112.62, 0.508
112.78, 0.33
112.93, 0.025
113.08, 0.127
113.23, -0.203
113.39, -0.838
113.54, -1.09
113.69, -1.42
113.84, -1.07
114, -0.483
114.15, -0.965
114.3, -1.52
114.45, -1.32
114.6, -1.09
114.76, -1.4
114.91, -1.63
115.06, -1.52
115.21, -1.37
115.37, -1.73
115.52, -1.93
115.67, -1.52
115.82, -1.7
115.98, -2.36
116.13, -2.46
116.28, -2.23
116.43, -2.16
116.59, -2.56
116.74, -3.23
116.89, -3.38
117.04, -3.05
117.2, -3.4
117.35, -4.06
117.5, -4.32
117.65, -4.5
117.81, -3.91
117.96, -3.68
118.11, -4.04
118.26, -3.96
118.41, -4.06
118.57, -4.19
118.72, -4.17
118.87, -3.94
119.02, -3.79
119.18, -4.39
119.33, -4.42
119.48, -4.42
119.63, -5.08
119.79, -5.05
119.94, -4.52
120.09, -3.56
120.24, -3.89
120.4, -4.55
120.55, -4.29
120.7, -4.09
120.85, -4.32
121.01, -4.6
121.16, -4.37
121.31, -4.06
121.46, -3.81
121.62, -3.48
121.77, -3.5
121.92, -3.81
122.07, -3.83
122.22, -4.12
122.38, -4.32
122.53, -4.17
122.68, -3.66
122.83, -3.48
122.99, -3.58
123.14, -3.1
123.29, -3.15
123.44, -3.83
123.6, -4.37
123.75, -4.04
123.9, -4.09
124.05, -4.24
124.21, -3.94
124.36, -4.24
124.51, -4.17
124.66, -4.24
124.82, -4.47
124.97, -4.45
125.12, -3.79
125.27, -2.87
125.43, -2.97
125.58, -3.5
125.73, -3.94
125.88, -4.19
126.03, -4.24
126.19, -4.39
126.34, -4.27
126.49, -3.94
126.64, -3.86
126.8, -3.96
126.95, -4.19
127.1, -4.47
127.25, -4.62
127.41, -4.67
127.56, -4.83
127.71, -4.85
127.86, -4.75
128.02, -4.7
128.17, -4.57
128.32, -4.29
128.47, -4.22
128.63, -4.27
128.78, -4.24
128.93, -4.24
129.08, -3.81
129.24, -3.79
129.39, -4.39
129.54, -4.88
129.69, -5.11
129.84, -5.26
130, -5.13
130.15, -4.85
130.3, -5.16
130.45, -4.72
130.61, -4.12
130.76, -3.86
130.91, -3.96
131.06, -4.88
131.22, -5.16
131.37, -4.22
131.52, -4.01
131.67, -4.67
131.83, -4.55
131.98, -3.81
132.13, -3.56
132.28, -4.27
132.44, -4.42
132.59, -4.17
132.74, -4.17
132.89, -4.29
133.05, -4.7
133.2, -4.83
133.35, -4.75
133.5, -4.8
133.65, -4.24
133.81, -3.76
133.96, -3.61
134.11, -3.28
134.26, -3
134.42, -2.72
134.57, -2.59
134.72, -2.06
134.87, -1.09
135.03, -0.737
135.18, -1.09
135.33, -1.35
135.48, -1.8
135.64, -2.67
135.79, -2.87
135.94, -2.69
136.09, -2.62
136.25, -2.62
136.4, -2.54
136.55, -2.36
136.7, -2.18
136.86, -2.11
137.01, -1.83
ENDTABLE
#RadioCtrl0 0    
#RadioCtrl1 0    



LOG_ENTRY Used Dataset: Surface: Roughness Profiles; { * * * HUR Road Roughness File } Standard Roughness File
#Library : Surface: Roughness Profiles
#DataSet : Standard Roughness File
#Category: * * * HUR Road Roughness File
#FileID  : Profile_3af023cf-0f0b-4f21-bc19-d6a6d8e04046
#Product : CarSim 2020.0
#VehCode Roughness Profile

END
