PARSFILE
#FullDataName Tire: Overturning Moment`MF-Tyre / MF-Swift Mx vs. Alpha`MF-Tyre / MF-Swift
#CheckBox0 0    

#RingCtrl0 CARPET_FROM_ZERO
#RadioCtrl0 0    
#RadioCtrl1 0    

*3D_XLabel Vertical load (N)
*3D_YLabel Abs. slip angle [alpha] (deg)
*3D_ZLabel Overturning moment (N-m)

#DiagramTwo0
*3D_DATA 5, 80 ! columns x rows
MX_TIRE_CARPET 2D_FROM_ZERO
0, 2000, 8000, 20000, 40000, 60000
0.5, 4.39096, 41.9468, 50.9291, 45.314, 37.3185
1, 8.71446, 83.2355, 101.046, 89.8809, 73.9062
1.5, 12.9074, 123.251, 149.59, 133.003, 109.086
2, 16.9147, 161.458, 195.901, 174.075, 142.278
2.5, 20.6922, 197.426, 239.449, 212.614, 173.037
3, 24.2075, 230.846, 279.849, 248.271, 201.061
3.5, 27.4408, 261.526, 316.865, 280.837, 226.193
4, 30.3834, 289.386, 350.398, 310.226, 248.412
4.5, 33.0363, 314.439, 380.463, 336.459, 267.798
5, 35.408, 336.773, 407.167, 359.639, 284.518
5.5, 37.5129, 356.529, 430.683, 379.93, 298.786
6, 39.3688, 373.883, 451.229, 397.534, 310.847
6.5, 40.9957, 389.032, 469.047, 412.674, 320.953
7, 42.4146, 402.179, 484.388, 425.582, 329.352
7.5, 43.646, 413.525, 497.5, 436.484, 336.272
8, 44.7098, 423.263, 508.624, 445.601, 341.923
8.5, 45.6248, 431.575, 517.983, 453.136, 346.488
9, 46.408, 438.625, 525.784, 459.278, 350.129
9.5, 47.075, 444.566, 532.216, 464.198, 352.984
10, 47.6399, 449.532, 537.448, 468.051, 355.169
10.5, 48.1152, 453.644, 541.63, 470.975, 356.784
11, 48.512, 457.009, 544.898, 473.09, 357.913
11.5, 48.8399, 459.722, 547.368, 474.505, 358.627
12, 49.1077, 461.865, 549.146, 475.315, 358.985
12.5, 49.3228, 463.512, 550.324, 475.603, 359.039
13, 49.4919, 464.724, 550.98, 475.443, 358.83
13.5, 49.6207, 465.56, 551.185, 474.899, 358.397
14, 49.7143, 466.066, 551.001, 474.026, 357.771
14.5, 49.7772, 466.286, 550.482, 472.873, 356.979
15, 49.8132, 466.257, 549.674, 471.483, 356.045
15.5, 49.8256, 466.012, 548.618, 469.893, 354.988
16, 49.8176, 465.579, 547.351, 468.135, 353.829
16.5, 49.7916, 464.983, 545.903, 466.238, 352.581
17, 49.75, 464.246, 544.302, 464.226, 351.259
17.5, 49.6947, 463.387, 542.571, 462.121, 349.875
18, 49.6277, 462.424, 540.733, 459.94, 348.44
18.5, 49.5503, 461.371, 538.805, 457.702, 346.964
19, 49.464, 460.242, 536.803, 455.418, 345.454
19.5, 49.37, 459.047, 534.741, 453.102, 343.918
20, 49.2694, 457.798, 532.633, 450.765, 342.364
20.5, 49.1632, 456.503, 530.487, 448.415, 340.796
21, 49.0521, 455.17, 528.315, 446.06, 339.22
21.5, 48.9369, 453.805, 526.123, 443.707, 337.64
22, 48.8183, 452.416, 523.921, 441.362, 336.06
22.5, 48.6969, 451.008, 521.712, 439.031, 334.484
23, 48.5732, 449.586, 519.504, 436.717, 332.915
23.5, 48.4476, 448.153, 517.301, 434.423, 331.355
24, 48.3206, 446.714, 515.108, 432.154, 329.808
24.5, 48.1925, 445.272, 512.926, 429.912, 328.274
25, 48.0637, 443.829, 510.761, 427.698, 326.756
25.5, 47.9344, 442.389, 508.614, 425.516, 325.255
26, 47.8049, 440.954, 506.489, 423.366, 323.772
26.5, 47.6755, 439.526, 504.386, 421.249, 322.309
27, 47.5463, 438.106, 502.307, 419.166, 320.867
27.5, 47.4176, 436.697, 500.255, 417.119, 319.445
28, 47.2894, 435.299, 498.229, 415.107, 318.046
28.5, 47.1619, 433.913, 496.232, 413.132, 316.669
29, 47.0353, 432.542, 494.264, 411.193, 315.314
29.5, 46.9097, 431.184, 492.325, 409.29, 313.982
30, 46.7851, 429.843, 490.417, 407.423, 312.674
30.5, 46.6616, 428.517, 488.539, 405.593, 311.388
31, 46.5394, 427.207, 486.691, 403.799, 310.126
31.5, 46.4184, 425.915, 484.875, 402.04, 308.887
32, 46.2988, 424.64, 483.089, 400.317, 307.672
32.5, 46.1806, 423.383, 481.335, 398.63, 306.48
33, 46.0638, 422.144, 479.611, 396.977, 305.31
33.5, 45.9485, 420.923, 477.918, 395.358, 304.163
34, 45.8346, 419.72, 476.256, 393.773, 303.039
34.5, 45.7223, 418.535, 474.624, 392.221, 301.938
35, 45.6115, 417.369, 473.022, 390.702, 300.858
35.5, 45.5022, 416.222, 471.451, 389.215, 299.8
36, 45.3946, 415.093, 469.909, 387.76, 298.764
36.5, 45.2885, 413.982, 468.396, 386.336, 297.749
37, 45.1839, 412.89, 466.912, 384.942, 296.754
37.5, 45.081, 411.816, 465.456, 383.578, 295.78
38, 44.9796, 410.76, 464.029, 382.244, 294.827
38.5, 44.8798, 409.722, 462.63, 380.939, 293.893
39, 44.7816, 408.702, 461.258, 379.662, 292.979
39.5, 44.6849, 407.7, 459.913, 378.412, 292.084
40, 44.6849, 407.7, 459.913, 378.412, 292.084
ENDTABLE



LOG_ENTRY Used Dataset: Tire: Overturning Moment; { MF-Tyre / MF-Swift } MF-Tyre / MF-Swift Mx vs. Alpha
#Library : Tire: Overturning Moment
#DataSet : MF-Tyre / MF-Swift Mx vs. Alpha
#Category: MF-Tyre / MF-Swift
#FileID  : TireMx_80673220-a119-4d22-96be-709968a6bcc6
#Product : TruckSim 2020.1
#VehCode Tire: Mx

END
