PARSFILE
#FullDataName Tire: Overturning Moment`MF-Tyre / MF-Swift Asymmetric`MF-Tyre / MF-Swift
#CheckBox0 0    

#RingCtrl0 2D_SPLINE
#RadioCtrl0 0    
#RadioCtrl1 0    

*3D_XLabel Vertical load (N)
*3D_YLabel Slip angle [alpha] (deg)
*3D_ZLabel Overturning moment (N-m)

#DiagramTwo0
*3D_DATA 6, 161 ! columns x rows
MX_TIRE_CARPET 2D_SPLINE
0, 0, 2000, 8000, 20000, 40000, 60000
-40, 0, -52.0189, -473.531, -531.837, -433.374, -326.346
-39.5, 0, -52.1924, -475.309, -534.175, -435.472, -327.701
-39, 0, -52.367, -477.1, -536.539, -437.597, -329.069
-38.5, 0, -52.5425, -478.904, -538.927, -439.751, -330.452
-38, 0, -52.7188, -480.722, -541.34, -441.933, -331.849
-37.5, 0, -52.8961, -482.551, -543.778, -444.144, -333.259
-37, 0, -53.0741, -484.393, -546.241, -446.383, -334.683
-36.5, 0, -53.2529, -486.247, -548.727, -448.652, -336.12
-36, 0, -53.4323, -488.113, -551.238, -450.949, -337.57
-35.5, 0, -53.6124, -489.989, -553.773, -453.275, -339.032
-35, 0, -53.7931, -491.875, -556.331, -455.631, -340.508
-34.5, 0, -53.9743, -493.772, -558.913, -458.015, -341.994
-34, 0, -54.1559, -495.677, -561.517, -460.428, -343.493
-33.5, 0, -54.3378, -497.591, -564.143, -462.869, -345.002
-33, 0, -54.52, -499.513, -566.79, -465.339, -346.521
-32.5, 0, -54.7023, -501.441, -569.458, -467.837, -348.051
-32, 0, -54.8846, -503.375, -572.145, -470.362, -349.588
-31.5, 0, -55.0668, -505.314, -574.851, -472.914, -351.134
-31, 0, -55.2487, -507.255, -577.574, -475.492, -352.688
-30.5, 0, -55.4302, -509.199, -580.313, -478.096, -354.247
-30, 0, -55.6112, -511.143, -583.067, -480.724, -355.811
-29.5, 0, -55.7913, -513.086, -585.833, -483.375, -357.379
-29, 0, -55.9705, -515.025, -588.61, -486.048, -358.95
-28.5, 0, -56.1485, -516.96, -591.396, -488.742, -360.521
-28, 0, -56.3251, -518.887, -594.187, -491.454, -362.093
-27.5, 0, -56.5, -520.804, -596.982, -494.183, -363.662
-27, 0, -56.6729, -522.709, -599.778, -496.926, -365.227
-26.5, 0, -56.8434, -524.598, -602.57, -499.681, -366.786
-26, 0, -57.0113, -526.468, -605.355, -502.445, -368.337
-25.5, 0, -57.1761, -528.315, -608.129, -505.214, -369.878
-25, 0, -57.3374, -530.136, -610.887, -507.984, -371.406
-24.5, 0, -57.4947, -531.925, -613.624, -510.753, -372.918
-24, 0, -57.6475, -533.678, -616.334, -513.513, -374.412
-23.5, 0, -57.7952, -535.39, -619.01, -516.261, -375.884
-23, 0, -57.9372, -537.053, -621.644, -518.99, -377.331
-22.5, 0, -58.0728, -538.662, -624.229, -521.693, -378.751
-22, 0, -58.2011, -540.209, -626.756, -524.363, -380.138
-21.5, 0, -58.3213, -541.686, -629.213, -526.991, -381.489
-21, 0, -58.4325, -543.082, -631.591, -529.567, -382.799
-20.5, 0, -58.5336, -544.389, -633.876, -532.08, -384.065
-20, 0, -58.6233, -545.595, -636.053, -534.519, -385.281
-19.5, 0, -58.7004, -546.686, -638.108, -536.869, -386.441
-19, 0, -58.7634, -547.65, -640.023, -539.117, -387.541
-18.5, 0, -58.8107, -548.469, -641.777, -541.243, -388.573
-18, 0, -58.8403, -549.127, -643.348, -543.23, -389.532
-17.5, 0, -58.8504, -549.604, -644.713, -545.056, -390.41
-17, 0, -58.8385, -549.878, -645.843, -546.696, -391.199
-16.5, 0, -58.8022, -549.923, -646.707, -548.125, -391.89
-16, 0, -58.7386, -549.714, -647.271, -549.312, -392.473
-15.5, 0, -58.6446, -549.219, -647.497, -550.222, -392.936
-15, 0, -58.5164, -548.404, -647.34, -550.819, -393.266
-14.5, 0, -58.3502, -547.23, -646.753, -551.059, -393.448
-14, 0, -58.1416, -545.655, -645.681, -550.895, -393.463
-13.5, 0, -57.8854, -543.63, -644.064, -550.274, -393.288
-13, 0, -57.5761, -541.101, -641.835, -549.137, -392.899
-12.5, 0, -57.2075, -538.008, -638.917, -547.416, -392.263
-12, 0, -56.7726, -534.285, -635.227, -545.038, -391.341
-11.5, 0, -56.2637, -529.856, -630.671, -541.919, -390.085
-11, 0, -55.6722, -524.64, -625.147, -537.967, -388.44
-10.5, 0, -54.9887, -518.544, -618.54, -533.081, -386.335
-10, 0, -54.2028, -511.47, -610.726, -527.148, -383.686
-9.5, 0, -53.3031, -503.305, -601.568, -520.043, -380.394
-9, 0, -52.2773, -493.933, -590.918, -511.633, -376.34
-8.5, 0, -51.1122, -483.225, -578.618, -501.771, -371.385
-8, 0, -49.7939, -471.046, -564.5, -490.302, -365.371
-7.5, 0, -48.3077, -457.253, -548.389, -477.06, -358.116
-7, 0, -46.6387, -441.702, -530.105, -461.877, -349.421
-6.5, 0, -44.772, -424.248, -509.471, -444.579, -339.07
-6, 0, -42.6934, -404.752, -486.313, -424.998, -326.839
-5.5, 0, -40.3897, -383.084, -460.475, -402.977, -312.502
-5, 0, -37.85, -359.137, -431.825, -378.38, -295.847
-4.5, 0, -35.0662, -332.832, -400.263, -351.102, -276.689
-4, 0, -32.0342, -304.126, -365.743, -321.081, -254.889
-3.5, 0, -28.7552, -273.028, -328.274, -288.314, -230.372
-3, 0, -25.2363, -239.606, -287.942, -252.868, -203.145
-2.5, 0, -21.4912, -203.993, -244.914, -214.892, -173.313
-2, 0, -17.5414, -166.395, -199.448, -174.621, -141.09
-1.5, 0, -13.4156, -127.092, -151.89, -132.382, -106.798
-1, 0, -9.14957, -86.4311, -102.673, -88.5838, -70.8653
-0.5, 0, -4.78489, -44.8182, -52.2998, -43.7107, -33.8067
4.55e-14, 0, -0.367667, -2.70232, -1.32674, 1.70314, 3.79969
0.5, 0, 4.05362, 39.444, 49.6616, 47.0958, 41.3442
1, 0, 8.4303, 81.1471, 100.08, 91.9064, 78.2208
1.5, 0, 12.7158, 121.954, 149.37, 135.603, 113.862
2, 0, 16.8675, 161.451, 197.025, 177.709, 147.768
2.5, 0, 20.8487, 199.284, 242.61, 217.818, 179.532
3, 0, 24.6293, 235.164, 285.771, 255.612, 208.852
3.5, 0, 28.187, 268.876, 326.248, 290.861, 235.538
4, 0, 31.5065, 300.276, 363.868, 323.424, 259.505
4.5, 0, 34.5796, 329.289, 398.543, 353.238, 280.764
5, 0, 37.4044, 355.901, 430.257, 380.314, 299.404
5.5, 0, 39.9842, 380.146, 459.057, 404.714, 315.576
6, 0, 42.3264, 402.099, 485.038, 426.547, 329.471
6.5, 0, 44.4415, 421.867, 508.331, 445.951, 341.305
7, 0, 46.3424, 439.575, 529.093, 463.085, 351.304
7.5, 0, 48.0431, 455.361, 547.494, 478.117, 359.692
8, 0, 49.5586, 469.371, 563.714, 491.22, 366.681
8.5, 0, 50.9038, 481.749, 577.931, 502.564, 372.467
9, 0, 52.0933, 492.637, 590.321, 512.311, 377.228
9.5, 0, 53.1412, 502.173, 601.053, 520.619, 381.118
10, 0, 54.061, 510.485, 610.285, 527.631, 384.271
10.5, 0, 54.865, 517.693, 618.165, 533.482, 386.803
11, 0, 55.5647, 523.908, 624.831, 538.295, 388.809
11.5, 0, 56.1708, 529.231, 630.409, 542.18, 390.371
12, 0, 56.6928, 533.756, 635.012, 545.241, 391.555
12.5, 0, 57.1394, 537.565, 638.745, 547.567, 392.416
13, 0, 57.5185, 540.735, 641.701, 549.242, 392.999
13.5, 0, 57.8372, 543.332, 643.964, 550.339, 393.343
14, 0, 58.1018, 545.419, 645.611, 550.923, 393.477
14.5, 0, 58.318, 547.049, 646.71, 551.055, 393.427
15, 0, 58.4909, 548.272, 647.321, 550.786, 393.214
15.5, 0, 58.625, 549.13, 647.498, 550.165, 392.856
16, 0, 58.7245, 549.664, 647.292, 549.232, 392.367
16.5, 0, 58.7929, 549.908, 646.744, 548.027, 391.762
17, 0, 58.8336, 549.893, 645.894, 546.581, 391.05
17.5, 0, 58.8493, 549.648, 644.777, 544.926, 390.243
18, 0, 58.8427, 549.196, 643.424, 543.087, 389.348
18.5, 0, 58.8162, 548.56, 641.863, 541.089, 388.374
19, 0, 58.7717, 547.76, 640.118, 538.953, 387.327
19.5, 0, 58.7113, 546.814, 638.211, 536.697, 386.215
20, 0, 58.6364, 545.738, 636.163, 534.34, 385.043
20.5, 0, 58.5487, 544.547, 633.992, 531.895, 383.817
21, 0, 58.4494, 543.252, 631.712, 529.376, 382.541
21.5, 0, 58.3398, 541.866, 629.339, 526.796, 381.222
22, 0, 58.2211, 540.399, 626.885, 524.165, 379.864
22.5, 0, 58.094, 538.861, 624.362, 521.492, 378.47
23, 0, 57.9596, 537.26, 621.78, 518.787, 377.045
23.5, 0, 57.8186, 535.603, 619.147, 516.056, 375.592
24, 0, 57.6718, 533.897, 616.474, 513.307, 374.115
24.5, 0, 57.5198, 532.149, 613.766, 510.546, 372.617
25, 0, 57.3633, 530.364, 611.03, 507.777, 371.101
25.5, 0, 57.2026, 528.547, 608.273, 505.007, 369.571
26, 0, 57.0384, 526.703, 605.5, 502.238, 368.028
26.5, 0, 56.871, 524.836, 602.715, 499.475, 366.475
27, 0, 56.7009, 522.949, 599.923, 496.72, 364.914
27.5, 0, 56.5284, 521.047, 597.128, 493.978, 363.348
28, 0, 56.3538, 519.131, 594.332, 491.251, 361.778
28.5, 0, 56.1775, 517.205, 591.54, 488.54, 360.207
29, 0, 55.9997, 515.271, 588.755, 485.848, 358.635
29.5, 0, 55.8207, 513.332, 585.977, 483.176, 357.065
30, 0, 55.6407, 511.39, 583.21, 480.526, 355.498
30.5, 0, 55.4599, 509.446, 580.456, 477.9, 353.934
31, 0, 55.2785, 507.502, 577.716, 475.299, 352.376
31.5, 0, 55.0966, 505.56, 574.992, 472.722, 350.824
32, 0, 54.9145, 503.621, 572.285, 470.172, 349.28
32.5, 0, 54.7322, 501.687, 569.597, 467.649, 347.744
33, 0, 54.5499, 499.758, 566.928, 465.153, 346.216
33.5, 0, 54.3677, 497.835, 564.28, 462.686, 344.699
34, 0, 54.1857, 495.92, 561.653, 460.246, 343.192
34.5, 0, 54.0041, 494.014, 559.048, 457.836, 341.696
35, 0, 53.8228, 492.116, 556.465, 455.453, 340.211
35.5, 0, 53.6421, 490.228, 553.905, 453.1, 338.738
36, 0, 53.4619, 488.351, 551.369, 450.776, 337.278
36.5, 0, 53.2823, 486.484, 548.857, 448.481, 335.831
37, 0, 53.1034, 484.629, 546.369, 446.215, 334.396
37.5, 0, 52.9253, 482.785, 543.905, 443.977, 332.975
38, 0, 52.7479, 480.954, 541.466, 441.769, 331.568
38.5, 0, 52.5714, 479.135, 539.052, 439.589, 330.174
39, 0, 52.3958, 477.329, 536.662, 437.437, 328.794
39.5, 0, 52.2211, 475.536, 534.298, 435.314, 327.428
40, 0, 52.0474, 473.756, 531.958, 433.218, 326.077
ENDTABLE



LOG_ENTRY Used Dataset: Tire: Overturning Moment; { MF-Tyre / MF-Swift } MF-Tyre / MF-Swift Asymmetric
#Library : Tire: Overturning Moment
#DataSet : MF-Tyre / MF-Swift Asymmetric
#Category: MF-Tyre / MF-Swift
#FileID  : TireMx_456949b0-b37a-4355-9ce8-62e320fc5751
#Product : TruckSim 2020.1
#VehCode Tire: Mx

END
