PARSFILE
#FullDataName Road: Off-Center Elevation Map, S-L Grid`Large Smooth Bump`Bumps
#CheckBox0 0    

SET_IROAD_DZ_FOR_ID 0
ROAD_N_DZ = ROAD_N_DZ + 1 ! increment count for the road
IDZ_ROAD = ROAD_N_DZ ! set index for the new ID
RD_DZ_ID = ROAD_DZ_ID ! Specify the user ID
set_description RD_DZ_ID ROAD_DZ_ID for: Large Smooth Bump
set_description ROAD_DZ_ID Large Smooth Bump
#RingCtrl0 CARPET
#RingCtrl3 1
#RadioCtrl0 0    
#RadioCtrl1 0    

*3D_XLabel Lateral coordinate (m)
*3D_YLabel Station (m)
*3D_ZLabel Incremental elevation (m)

#DiagramTwo0
*3D_DATA 6, 50 ! columns x rows
ROAD_DZ_CARPET 2D_LINEAR
0, -10, -4.2, -3.5, 3.5, 4.2, 10
14, -0.4, -0.4, 0, 0, -0.4, -0.4
15.62, -0.4, -0.4, 0, 0, -0.4, -0.4
15.78, -0.4, -0.4, 0.007022, 0.007022, -0.4, -0.4
15.94, -0.4, -0.4, 0.02798, 0.02798, -0.4, -0.4
16.09, -0.4, -0.4, 0.06254, 0.06254, -0.4, -0.4
16.25, -0.4, -0.4, 0.1102, 0.1102, -0.4, -0.4
16.41, -0.4, -0.4, 0.1701, 0.1701, -0.4, -0.4
16.56, -0.4, -0.4, 0.2415, 0.2415, -0.4, -0.4
16.72, -0.4, -0.4, 0.3231, 0.3231, -0.4, -0.4
16.88, -0.4, -0.4, 0.4137, 0.4137, -0.4, -0.4
17.03, -0.4, -0.4, 0.5119, 0.5119, -0.4, -0.4
17.19, -0.4, -0.4, 0.6162, 0.6162, -0.4, -0.4
17.34, -0.4, -0.4, 0.7249, 0.7249, -0.4, -0.4
17.5, -0.4, -0.4, 0.8363, 0.8363, -0.4, -0.4
17.66, -0.4, -0.4, 0.9488, 0.9488, -0.4, -0.4
17.81, -0.4, -0.4, 1.06, 1.06, -0.4, -0.4
17.97, -0.4, -0.4, 1.17, 1.17, -0.4, -0.4
18.12, -0.4, -0.4, 1.275, 1.275, -0.4, -0.4
18.28, -0.4, -0.4, 1.374, 1.374, -0.4, -0.4
18.44, -0.4, -0.4, 1.465, 1.465, -0.4, -0.4
18.59, -0.4, -0.4, 1.548, 1.548, -0.4, -0.4
18.75, -0.4, -0.4, 1.621, 1.621, -0.4, -0.4
18.91, -0.4, -0.4, 1.683, 1.683, -0.4, -0.4
19.06, -0.4, -0.4, 1.732, 1.732, -0.4, -0.4
19.22, -0.4, -0.4, 1.768, 1.768, -0.4, -0.4
19.38, -0.4, -0.4, 1.791, 1.791, -0.4, -0.4
19.53, -0.4, -0.4, 1.8, 1.8, -0.4, -0.4
19.69, -0.4, -0.4, 1.8, 1.8, -0.4, -0.4
19.84, -0.4, -0.4, 1.8, 1.8, -0.4, -0.4
20, -0.4, -0.4, 1.8, 1.8, -0.4, -0.4
20.16, -0.4, -0.4, 1.8, 1.8, -0.4, -0.4
20.31, -0.4, -0.4, 1.8, 1.8, -0.4, -0.4
20.81, -0.4, -0.4, 1.784, 1.784, -0.4, -0.4
21.31, -0.4, -0.4, 1.737, 1.737, -0.4, -0.4
21.81, -0.4, -0.4, 1.661, 1.661, -0.4, -0.4
22.31, -0.4, -0.4, 1.559, 1.559, -0.4, -0.4
22.81, -0.4, -0.4, 1.433, 1.433, -0.4, -0.4
23.31, -0.4, -0.4, 1.288, 1.288, -0.4, -0.4
23.81, -0.4, -0.4, 1.13, 1.13, -0.4, -0.4
24.31, -0.4, -0.4, 0.9637, 0.9637, -0.4, -0.4
24.81, -0.4, -0.4, 0.7952, 0.7952, -0.4, -0.4
25.31, -0.4, -0.4, 0.6304, 0.6304, -0.4, -0.4
25.81, -0.4, -0.4, 0.4751, 0.4751, -0.4, -0.4
26.31, -0.4, -0.4, 0.3346, 0.3346, -0.4, -0.4
26.81, -0.4, -0.4, 0.214, 0.214, -0.4, -0.4
27.31, -0.4, -0.4, 0.1174, 0.1174, -0.4, -0.4
27.81, -0.4, -0.4, 0.0483, 0.0483, -0.4, -0.4
28.31, -0.4, -0.4, 0.009007, 0.009007, -0.4, -0.4
28.81, -0.4, -0.4, 0.0009482, 0.0009482, -0.4, -0.4
30, -0.4, -0.4, 0, 0, -0.4, -0.4
ENDTABLE

*SCALAR 0

LOG_ENTRY Used Dataset: Road: Off-Center Elevation Map, S-L Grid; { Bumps } Large Smooth Bump
#Library : Road: Off-Center Elevation Map, S-L Grid
#DataSet : Large Smooth Bump
#Category: Bumps
#FileID  : RdMapZ_ebf47617-910c-4401-9109-a617067e81b1
#Product : CarSim 2020.0
#VehCode dZ via S-L Grid

END
