PARSFILE
#FullDataName Road: Off-Center Elevation Map, S-L Grid`Off-Road Terrain, 75 m long, 10 m wide`Off-Road Terrain
#CheckBox0 0    

SET_IROAD_DZ_FOR_ID 0
ROAD_N_DZ = ROAD_N_DZ + 1 ! increment count for the road
IDZ_ROAD = ROAD_N_DZ ! set index for the new ID
RD_DZ_ID = ROAD_DZ_ID ! Specify the user ID
set_description RD_DZ_ID ROAD_DZ_ID for: Off-Road Terrain, 75 m long, 10 m wide
set_description ROAD_DZ_ID Off-Road Terrain, 75 m long, 10 m wide
#RingCtrl0 2D_SPLINE
#RingCtrl3 1
#RadioCtrl0 0    
#RadioCtrl1 0    

*3D_XLabel Lateral coordinate (m)
*3D_YLabel Station (m)
*3D_ZLabel Incremental elevation (m)

#DiagramTwo0
*3D_DATA 23, 64 ! columns x rows
ROAD_DZ_CARPET 2D_SPLINE
0, -5, -2, -1.8, -1.6, -1.4, -1.2, -1, -0.8, -0.6, -0.4, -0.2, 0, 0.2, 0.4, 0.6, 0.8, 1, 1.2, 1.4, 1.6, 1.8, 2, 5
-10, 0, 0, 0, 0, 0, 0, 0, 0, 0, 0, 0, 0, 0, 0, 0, 0, 0, 0, 0, 0, 0, 0, 0
0, 0, 0, 0, 0, 0, 0, 0, 0, 0, 0, 0, 0, 0, 0, 0, 0, 0, 0, 0, 0, 0, 0, 0
1, 0.11, 0.11, 0.04, -0.04, 0.05, 0.02, 0.06, -0.04, 0.04, 0.11, 0.05, 0.02, -0.02, 0.06, 0.11, 0.04, 0.05, -0.07, 0.02, 0.05, -0.02, 0.05, 0.05
2, 0.05, 0.05, 0.1, 0.1, -0.04, -0.06, -0.01, 0.1, 0.1, 0.05, -0.04, -0.06, -0.08, -0.01, 0.05, 0.1, -0.04, -0.11, -0.06, -0.04, -0.08, -0.04, -0.04
3, -0.06, -0.06, 0.13, 0.13, 0.06, -0.11, 0.02, 0.13, 0.13, -0.06, 0.06, -0.11, -0.11, 0.02, -0.06, 0.13, 0.06, -0.16, -0.11, 0.06, -0.11, 0.06, 0.06
4, 0.01, 0.01, 0.04, 0.2, -0.02, -0.18, 0.09, 0.2, 0.04, 0.01, -0.02, -0.18, -0.19, 0.09, 0.01, 0.04, -0.02, -0.1, -0.18, -0.02, -0.19, -0.02, -0.02
5, 0.07, 0.07, -0.02, 0.16, -0.08, -0.12, 0.15, 0.16, -0.02, 0.07, -0.08, -0.19, -0.13, 0.15, 0.07, -0.02, -0.08, -0.13, -0.12, -0.08, -0.13, -0.05, -0.05
6, 0.18, 0.18, -0.14, 0.14, -0.11, -0.05, 0.23, 0.23, -0.08, 0.04, -0.11, -0.13, -0.05, 0.23, 0.18, -0.08, -0.11, -0.05, -0.05, -0.11, -0.05, 0.03, 0.03
7, 0.14, 0.14, -0.08, 0.09, -0.19, 0.02, 0.18, 0.18, -0.11, 0.02, -0.19, -0.05, 0.02, 0.18, 0.14, -0.11, -0.05, 0.03, 0.02, -0.19, 0.02, 0.1, 0.1
8, 0.23, 0.23, -0.05, 0.05, -0.13, 0.08, 0.14, 0.14, -0.19, 0.08, -0.13, 0.03, 0.08, 0.14, 0.23, -0.19, 0.03, 0.1, 0.08, -0.13, 0.08, 0.05, 0.05
9, 0.19, 0.19, 0.02, -0.04, -0.05, 0.1, 0.09, 0.09, -0.13, 0.1, -0.05, 0.1, 0.1, 0.09, 0.19, -0.13, 0.1, 0.05, 0.1, -0.05, 0.1, -0.01, -0.01
10, 0.1, 0.1, 0.04, -0.01, 0.03, 0.05, 0.03, 0.03, -0.05, 0.05, 0.03, 0.05, 0.05, 0.03, 0.1, -0.05, 0.05, -0.01, 0.05, 0.03, 0.05, -0.05, -0.05
11, 0.01, 0.01, 0.01, 0.03, 0.08, 0.06, 0.07, -0.07, 0.01, 0.08, 0.04, 0.07, 0.01, 0.04, 0.05, 0.02, 0.1, 0.01, 0.06, 0.03, 0.02, 0.04, 0.04
12, 0.11, 0.11, 0.04, -0.04, 0.05, 0.02, 0.06, -0.04, 0.04, 0.11, 0.05, 0.02, -0.02, 0.06, 0.11, 0.04, 0.05, -0.07, 0.02, 0.05, -0.02, 0.05, 0.05
13, 0.05, 0.05, 0.1, 0.1, -0.04, -0.06, -0.01, 0.1, 0.1, 0.05, -0.04, -0.06, -0.08, -0.01, 0.05, 0.1, -0.04, -0.11, -0.06, -0.04, -0.08, -0.04, -0.04
14, -0.06, -0.06, 0.13, 0.13, 0.06, -0.11, 0.02, 0.13, 0.13, -0.06, 0.06, -0.11, -0.11, 0.02, -0.06, 0.13, 0.06, -0.16, -0.11, 0.06, -0.11, 0.06, 0.06
15, 0.01, 0.01, 0.04, 0.2, -0.02, -0.18, 0.09, 0.2, 0.04, 0.01, -0.02, -0.18, -0.19, 0.09, 0.01, 0.04, -0.02, -0.1, -0.18, -0.02, -0.19, -0.02, -0.02
16, 0.07, 0.07, -0.02, 0.16, -0.08, -0.12, 0.15, 0.16, -0.02, 0.07, -0.08, -0.19, -0.13, 0.15, 0.07, -0.02, -0.08, -0.13, -0.12, -0.08, -0.13, -0.05, -0.05
17, 0.18, 0.18, -0.14, 0.14, -0.11, -0.05, 0.23, 0.23, -0.08, 0.04, -0.11, -0.13, -0.05, 0.23, 0.18, -0.08, -0.11, -0.05, -0.05, -0.11, -0.05, 0.03, 0.03
18, 0.14, 0.14, -0.08, 0.09, -0.19, 0.02, 0.18, 0.18, -0.11, 0.02, -0.19, -0.05, 0.02, 0.18, 0.14, -0.11, -0.05, 0.03, 0.02, -0.19, 0.02, 0.1, 0.1
19, 0.23, 0.23, -0.05, 0.05, -0.13, 0.08, 0.14, 0.14, -0.19, 0.08, -0.13, 0.03, 0.08, 0.14, 0.23, -0.19, 0.03, 0.1, 0.08, -0.13, 0.08, 0.05, 0.05
20, 0.19, 0.19, 0.02, -0.04, -0.05, 0.1, 0.09, 0.09, -0.13, 0.1, -0.05, 0.1, 0.1, 0.09, 0.19, -0.13, 0.1, 0.05, 0.1, -0.05, 0.1, -0.01, -0.01
21, 0.11, 0.11, 0.04, -0.04, 0.05, 0.02, 0.06, -0.04, 0.04, 0.11, 0.05, 0.02, -0.02, 0.06, 0.11, 0.04, 0.05, -0.07, 0.02, 0.05, -0.02, 0.05, 0.05
22, 0.05, 0.05, 0.1, 0.1, -0.04, -0.06, -0.01, 0.1, 0.1, 0.05, -0.04, -0.06, -0.08, -0.01, 0.05, 0.1, -0.04, -0.11, -0.06, -0.04, -0.08, -0.04, -0.04
23, -0.06, -0.06, 0.13, 0.13, 0.06, -0.11, 0.02, 0.13, 0.13, -0.06, 0.06, -0.11, -0.11, 0.02, -0.06, 0.13, 0.06, -0.16, -0.11, 0.06, -0.11, 0.06, 0.06
24, 0.01, 0.01, 0.04, 0.2, -0.02, -0.18, 0.09, 0.2, 0.04, 0.01, -0.02, -0.18, -0.19, 0.09, 0.01, 0.04, -0.02, -0.1, -0.18, -0.02, -0.19, -0.02, -0.02
25, 0.07, 0.07, -0.02, 0.16, -0.08, -0.12, 0.15, 0.16, -0.02, 0.07, -0.08, -0.19, -0.13, 0.15, 0.07, -0.02, -0.08, -0.13, -0.12, -0.08, -0.13, -0.05, -0.05
26, 0.18, 0.18, -0.14, 0.14, -0.11, -0.05, 0.23, 0.23, -0.08, 0.04, -0.11, -0.13, -0.05, 0.23, 0.18, -0.08, -0.11, -0.05, -0.05, -0.11, -0.05, 0.03, 0.03
27, 0.14, 0.14, -0.08, 0.09, -0.19, 0.02, 0.18, 0.18, -0.11, 0.02, -0.19, -0.05, 0.02, 0.18, 0.14, -0.11, -0.05, 0.03, 0.02, -0.19, 0.02, 0.1, 0.1
28, 0.23, 0.23, -0.05, 0.05, -0.13, 0.08, 0.14, 0.14, -0.19, 0.08, -0.13, 0.03, 0.08, 0.14, 0.23, -0.19, 0.03, 0.1, 0.08, -0.13, 0.08, 0.05, 0.05
29, 0.19, 0.19, 0.02, -0.04, -0.05, 0.1, 0.09, 0.09, -0.13, 0.1, -0.05, 0.1, 0.1, 0.09, 0.19, -0.13, 0.1, 0.05, 0.1, -0.05, 0.1, -0.01, -0.01
30, 0.1, 0.1, 0.04, -0.01, 0.03, 0.05, 0.03, 0.03, -0.05, 0.05, 0.03, 0.05, 0.05, 0.03, 0.1, -0.05, 0.05, -0.01, 0.05, 0.03, 0.05, -0.05, -0.05
31, 0.01, 0.01, 0.01, 0.03, 0.08, 0.06, 0.07, -0.07, 0.01, 0.08, 0.04, 0.07, 0.01, 0.04, 0.05, 0.02, 0.1, 0.01, 0.06, 0.03, 0.02, 0.04, 0.04
32, 0.11, 0.11, 0.04, -0.04, 0.05, 0.02, 0.06, -0.04, 0.04, 0.11, 0.05, 0.02, -0.02, 0.06, 0.11, 0.04, 0.05, -0.07, 0.02, 0.05, -0.02, 0.05, 0.05
33, 0.05, 0.05, 0.1, 0.1, -0.04, -0.06, -0.01, 0.1, 0.1, 0.05, -0.04, -0.06, -0.08, -0.01, 0.05, 0.1, -0.04, -0.11, -0.06, -0.04, -0.08, -0.04, -0.04
34, -0.06, -0.06, 0.13, 0.13, 0.06, -0.11, 0.02, 0.13, 0.13, -0.06, 0.06, -0.11, -0.11, 0.02, -0.06, 0.13, 0.06, -0.16, -0.11, 0.06, -0.11, 0.06, 0.06
35, 0.01, 0.01, 0.04, 0.2, -0.02, -0.18, 0.09, 0.2, 0.04, 0.01, -0.02, -0.18, -0.19, 0.09, 0.01, 0.04, -0.02, -0.1, -0.18, -0.02, -0.19, -0.02, -0.02
36, 0.07, 0.07, -0.02, 0.16, -0.08, -0.12, 0.15, 0.16, -0.02, 0.07, -0.08, -0.19, -0.13, 0.15, 0.07, -0.02, -0.08, -0.13, -0.12, -0.08, -0.13, -0.05, -0.05
37, 0.18, 0.18, -0.14, 0.14, -0.11, -0.05, 0.23, 0.23, -0.08, 0.04, -0.11, -0.13, -0.05, 0.23, 0.18, -0.08, -0.11, -0.05, -0.05, -0.11, -0.05, 0.03, 0.03
38, 0.14, 0.14, -0.08, 0.09, -0.19, 0.02, 0.18, 0.18, -0.11, 0.02, -0.19, -0.05, 0.02, 0.18, 0.14, -0.11, -0.05, 0.03, 0.02, -0.19, 0.02, 0.1, 0.1
39, 0.23, 0.23, -0.05, 0.05, -0.13, 0.08, 0.14, 0.14, -0.19, 0.08, -0.13, 0.03, 0.08, 0.14, 0.23, -0.19, 0.03, 0.1, 0.08, -0.13, 0.08, 0.05, 0.05
40, 0.19, 0.19, 0.02, -0.04, -0.05, 0.1, 0.09, 0.09, -0.13, 0.1, -0.05, 0.1, 0.1, 0.09, 0.19, -0.13, 0.1, 0.05, 0.1, -0.05, 0.1, -0.01, -0.01
41, 0.11, 0.11, 0.04, -0.04, 0.05, 0.02, 0.06, -0.04, 0.04, 0.11, 0.05, 0.02, -0.02, 0.06, 0.11, 0.04, 0.05, -0.07, 0.02, 0.05, -0.02, 0.05, 0.05
42, 0.05, 0.05, 0.1, 0.1, -0.04, -0.06, -0.01, 0.1, 0.1, 0.05, -0.04, -0.06, -0.08, -0.01, 0.05, 0.1, -0.04, -0.11, -0.06, -0.04, -0.08, -0.04, -0.04
43, -0.06, -0.06, 0.13, 0.13, 0.06, -0.11, 0.02, 0.13, 0.13, -0.06, 0.06, -0.11, -0.11, 0.02, -0.06, 0.13, 0.06, -0.16, -0.11, 0.06, -0.11, 0.06, 0.06
44, 0.01, 0.01, 0.04, 0.2, -0.02, -0.18, 0.09, 0.2, 0.04, 0.01, -0.02, -0.18, -0.19, 0.09, 0.01, 0.04, -0.02, -0.1, -0.18, -0.02, -0.19, -0.02, -0.02
45, 0.07, 0.07, -0.02, 0.16, -0.08, -0.12, 0.15, 0.16, -0.02, 0.07, -0.08, -0.19, -0.13, 0.15, 0.07, -0.02, -0.08, -0.13, -0.12, -0.08, -0.13, -0.05, -0.05
46, 0.18, 0.18, -0.14, 0.14, -0.11, -0.05, 0.23, 0.23, -0.08, 0.04, -0.11, -0.13, -0.05, 0.23, 0.18, -0.08, -0.11, -0.05, -0.05, -0.11, -0.05, 0.03, 0.03
47, 0.14, 0.14, -0.08, 0.09, -0.19, 0.02, 0.18, 0.18, -0.11, 0.02, -0.19, -0.05, 0.02, 0.18, 0.14, -0.11, -0.05, 0.03, 0.02, -0.19, 0.02, 0.1, 0.1
48, 0.23, 0.23, -0.05, 0.05, -0.13, 0.08, 0.14, 0.14, -0.19, 0.08, -0.13, 0.03, 0.08, 0.14, 0.23, -0.19, 0.03, 0.1, 0.08, -0.13, 0.08, 0.05, 0.05
49, 0.19, 0.19, 0.02, -0.04, -0.05, 0.1, 0.09, 0.09, -0.13, 0.1, -0.05, 0.1, 0.1, 0.09, 0.19, -0.13, 0.1, 0.05, 0.1, -0.05, 0.1, -0.01, -0.01
50, 0.1, 0.1, 0.04, -0.01, 0.03, 0.05, 0.03, 0.03, -0.05, 0.05, 0.03, 0.05, 0.05, 0.03, 0.1, -0.05, 0.05, -0.01, 0.05, 0.03, 0.05, -0.05, -0.05
51, 0.01, 0.01, 0.01, 0.03, 0.08, 0.06, 0.07, -0.07, 0.01, 0.08, 0.04, 0.07, 0.01, 0.04, 0.05, 0.02, 0.1, 0.01, 0.06, 0.03, 0.02, 0.04, 0.04
52, 0.11, 0.11, 0.04, -0.04, 0.05, 0.02, 0.06, -0.04, 0.04, 0.11, 0.05, 0.02, -0.02, 0.06, 0.11, 0.04, 0.05, -0.07, 0.02, 0.05, -0.02, 0.05, 0.05
53, 0.05, 0.05, 0.1, 0.1, -0.04, -0.06, -0.01, 0.1, 0.1, 0.05, -0.04, -0.06, -0.08, -0.01, 0.05, 0.1, -0.04, -0.11, -0.06, -0.04, -0.08, -0.04, -0.04
54, -0.06, -0.06, 0.13, 0.13, 0.06, -0.11, 0.02, 0.13, 0.13, -0.06, 0.06, -0.11, -0.11, 0.02, -0.06, 0.13, 0.06, -0.16, -0.11, 0.06, -0.11, 0.06, 0.06
55, 0.01, 0.01, 0.04, 0.2, -0.02, -0.18, 0.09, 0.2, 0.04, 0.01, -0.02, -0.18, -0.19, 0.09, 0.01, 0.04, -0.02, -0.1, -0.18, -0.02, -0.19, -0.02, -0.02
56, 0.07, 0.07, -0.02, 0.16, -0.08, -0.12, 0.15, 0.16, -0.02, 0.07, -0.08, -0.19, -0.13, 0.15, 0.07, -0.02, -0.08, -0.13, -0.12, -0.08, -0.13, -0.05, -0.05
57, 0.18, 0.18, -0.14, 0.14, -0.11, -0.05, 0.23, 0.23, -0.08, 0.04, -0.11, -0.13, -0.05, 0.23, 0.18, -0.08, -0.11, -0.05, -0.05, -0.11, -0.05, 0.03, 0.03
58, 0.14, 0.14, -0.08, 0.09, -0.19, 0.02, 0.18, 0.18, -0.11, 0.02, -0.19, -0.05, 0.02, 0.18, 0.14, -0.11, -0.05, 0.03, 0.02, -0.19, 0.02, 0.1, 0.1
59, 0.23, 0.23, -0.05, 0.05, -0.13, 0.08, 0.14, 0.14, -0.19, 0.08, -0.13, 0.03, 0.08, 0.14, 0.23, -0.19, 0.03, 0.1, 0.08, -0.13, 0.08, 0.05, 0.05
60, 0.19, 0.19, 0.02, -0.04, -0.05, 0.1, 0.09, 0.09, -0.13, 0.1, -0.05, 0.1, 0.1, 0.09, 0.19, -0.13, 0.1, 0.05, 0.1, -0.05, 0.1, -0.01, -0.01
70, 0, 0, 0, 0, 0, 0, 0, 0, 0, 0, 0, 0, 0, 0, 0, 0, 0, 0, 0, 0, 0, 0, 0
75, 0, 0, 0, 0, 0, 0, 0, 0, 0, 0, 0, 0, 0, 0, 0, 0, 0, 0, 0, 0, 0, 0, 0
ENDTABLE


LOG_ENTRY Used Dataset: Road: Off-Center Elevation Map, S-L Grid; { Off-Road Terrain } Off-Road Terrain, 75 m long, 10 m wide
#Library : Road: Off-Center Elevation Map, S-L Grid
#DataSet : Off-Road Terrain, 75 m long, 10 m wide
#Category: Off-Road Terrain
#FileID  : RdMapZ_74992977-ad4d-4089-b524-f049da9e9a4f
#Product : CarSim 2020.0
#VehCode dZ via S-L Grid

END
