PARSFILE
#FullDataName Tire: Aligning Moment`Mech. Sim. FSAE: Mz vs. Slip Angle`Mech. Sim. Aligning Moment
#CheckBox0 0    

#RingCtrl0 CARPET_FROM_ZERO
#RadioCtrl0 0    
#RadioCtrl1 0    

*3D_XLabel Vertical load (N)
*3D_YLabel Abs. slip angle [Alpha] (deg)
*3D_ZLabel Aligning moment (N-m)

#DiagramTwo0
*3D_DATA 3, 101 ! columns x rows
MZ_TIRE_CARPET 2D_FROM_ZERO
0, 222.41, 1112.06, 2001.7
0.1, 0.022399, 0.90996, 1.51597
0.2, 0.09289, 1.842451, 3.111361
0.3, 0.163392, 2.776881, 4.707294
0.4, 0.233908, 3.713886, 6.304041
0.5, 0.304438, 4.654282, 7.901873
0.6, 0.374981, 5.598609, 9.500924
0.7, 0.445551, 6.54741, 11.101603
0.8, 0.516149, 7.500822, 12.704044
0.9, 0.586773, 8.458978, 14.308384
1, 0.657425, 9.421745, 15.914893
1.1, 0.728118, 10.388307, 17.523977
1.2, 0.798851, 11.358124, 19.135503
1.3, 0.869624, 12.329974, 20.749875
1.4, 0.940439, 13.302367, 22.36723
1.5, 1.011307, 14.273404, 23.987568
1.6, 1.08223, 15.240915, 25.611025
1.7, 1.153207, 16.202597, 27.237735
1.8, 1.224252, 17.155195, 28.867835
1.9, 1.295351, 18.095455, 30.501325
2, 1.366559, 19.020123, 32.13834
2.1, 1.437739, 19.924995, 33.778608
2.2, 1.509055, 20.806006, 35.422266
2.3, 1.580371, 21.659087, 37.069314
2.4, 1.651823, 22.479492, 38.71948
2.5, 1.72341, 23.263019, 40.372765
2.6, 1.794997, 24.004923, 42.029167
2.7, 1.86672, 24.701, 43.688146
2.8, 1.938443, 25.346912, 45.349701
2.9, 2.010301, 25.938726, 47.013697
3, 2.082159, 26.472918, 48.679455
3.1, 2.154289, 26.946099, 50.347111
3.2, 2.226283, 27.355556, 52.015852
3.3, 2.298548, 27.699256, 53.685677
3.4, 2.370813, 27.975436, 55.355774
3.5, 2.443214, 28.183012, 57.02587
3.6, 2.51575, 28.321712, 58.695425
3.7, 2.588286, 28.391672, 60.363759
3.8, 2.660958, 28.393706, 62.03033
3.9, 2.73363, 28.329169, 63.694597
4, 2.806573, 28.200231, 65.355609
4.1, 2.879516, 28.00906, 67.012826
4.2, 2.952595, 27.758641, 68.665432
4.3, 3.025673, 27.452226, 70.312616
4.4, 3.098887, 27.093341, 71.953427
4.5, 3.172237, 26.685917, 73.587187
4.6, 3.245587, 26.233617, 75.212677
4.7, 3.319072, 25.740777, 76.829084
4.8, 3.392557, 25.21133, 78.435457
4.9, 3.466314, 24.649343, 80.030712
5, 3.54007, 24.058885, 81.61363
5.1, 3.613827, 23.443885, 83.18326
5.2, 3.687719, 22.808142, 84.738384
5.3, 3.761611, 22.15518, 86.277915
5.4, 3.835639, 21.488389, 87.800634
5.5, 3.909802, 20.811022, 89.305321
5.6, 3.98383, 20.126063, 90.790755
5.7, 4.058129, 19.436223, 92.255716
5.8, 4.132292, 18.743942, 93.698849
5.9, 4.206591, 18.051662, 95.118933
6, 4.281025, 17.361279, 96.514748
6.1, 4.355324, 16.674693, 97.884802
6.2, 4.429758, 15.99353, 99.228146
6.3, 4.504193, 15.319282, 100.543154
6.4, 4.578627, 14.653168, 101.828876
6.5, 4.653061, 13.996274, 103.083821
6.6, 4.727631, 13.349549, 104.306769
6.7, 4.802066, 12.713671, 105.496499
6.8, 4.8765, 12.089452, 106.651792
6.9, 4.950935, 11.4773, 107.771427
7, 5.025369, 10.877758, 108.854454
7.1, 5.099804, 10.290959, 109.899518
7.2, 5.174102, 9.717313, 110.905535
7.3, 5.248401, 9.156818, 111.871556
7.4, 5.3227, 8.60961, 112.796495
7.5, 5.396863, 8.075688, 113.679403
7.6, 5.470891, 7.55519, 114.519468
7.7, 5.544919, 7.047843, 115.31574
7.8, 5.618811, 6.553512, 116.067406
7.9, 5.692567, 6.072196, 116.773787
8, 5.766188, 5.603761, 117.434206
8.1, 5.839673, 5.147664, 118.047985
8.2, 5.913159, 4.70404, 118.614716
8.3, 5.986373, 4.272348, 119.133724
8.4, 6.059316, 3.852587, 119.604599
8.5, 6.132259, 3.444485, 120.027208
8.6, 6.204931, 3.047502, 120.401142
8.7, 6.277331, 2.661636, 120.726132
8.8, 6.349597, 2.286346, 121.002312
8.9, 6.42159, 1.921631, 121.229276
9, 6.493313, 1.567084, 121.407295
9.1, 6.564765, 1.222395, 121.536504
9.2, 6.635945, 0.887277, 121.616769
9.3, 6.706855, 0.561487, 121.64863
9.4, 6.777493, 0.244728, 121.632225
9.5, 6.847724, -0.063248, 121.568095
9.6, 6.917684, -0.362719, 121.456375
9.7, 6.987238, -0.653949, 121.29788
9.8, 7.056384, -0.937193, 121.092881
9.9, 7.125124, -1.212682, 120.842325
10, 7.193593, -1.480659, 120.546622
10.1, 7.193593, -1.480659, 120.546622
ENDTABLE



LOG_ENTRY Used Dataset: Tire: Aligning Moment; { Mech. Sim. Aligning Moment } Mech. Sim. FSAE: Mz vs. Slip Angle
#Library : Tire: Aligning Moment
#DataSet : Mech. Sim. FSAE: Mz vs. Slip Angle
#Category: Mech. Sim. Aligning Moment
#FileID  : TireMz_81ef0299-de31-4f6b-ad8b-8bfebe0a02ad
#Product : CarSim 2020.0
#VehCode Tire: Mz

END
