PARSFILE
#FullDataName Tire: Aligning Moment`175/65 R14`Touring Tires
#CheckBox0 0    

#RingCtrl0 CARPET_FROM_ZERO
#RadioCtrl0 0    
#RadioCtrl1 0    

*3D_XLabel Vertical load (N)
*3D_YLabel Abs. slip angle [Alpha] (deg)
*3D_ZLabel Aligning moment (N-m)

#DiagramTwo0
*3D_DATA 8, 51 ! columns x rows
MZ_TIRE_CARPET 2D_FROM_ZERO
0, 980.665, 1961.33, 2941.995, 3922.66, 4903.325, 5883.99, 6864.655, 7845.32
0.5, 9.28, 18.07, 26.27, 33.78, 40.57, 46.6, 51.83, 56.26
1, 15.63, 30.59, 44.7, 57.85, 69.97, 80.97, 90.78, 99.35
1.5, 17.09, 33.67, 49.64, 64.93, 79.45, 93.13, 105.86, 117.55
2, 15.13, 30.01, 44.63, 58.98, 73.04, 86.76, 100.07, 112.89
2.5, 12.2, 24.32, 36.41, 48.51, 60.65, 72.81, 85, 97.18
3, 9.5, 19, 28.6, 38.34, 48.28, 58.45, 68.87, 79.55
3.5, 7.3, 14.66, 22.17, 29.88, 37.85, 46.13, 54.77, 63.79
4, 5.59, 11.25, 17.09, 23.15, 29.5, 36.18, 43.25, 50.75
4.5, 4.24, 8.58, 13.09, 17.84, 22.87, 28.24, 34.01, 40.21
5, 3.18, 6.46, 9.92, 13.61, 17.59, 21.9, 26.59, 31.71
5.5, 2.33, 4.76, 7.37, 10.21, 13.33, 16.76, 20.57, 24.79
6, 1.63, 3.37, 5.29, 7.43, 9.84, 12.56, 15.64, 19.11
6.5, 1.05, 2.22, 3.57, 5.13, 6.95, 9.08, 11.54, 14.39
7, 0.57, 1.26, 2.12, 3.2, 4.53, 6.16, 8.11, 10.43
7.5, 0.16, 0.44, 0.9, 1.56, 2.48, 3.67, 5.19, 7.05
8, -0.19, -0.26, -0.15, 0.16, 0.71, 1.54, 2.68, 4.16
8.5, -0.49, -0.86, -1.06, -1.06, -0.81, -0.3, 0.51, 1.66
9, -0.76, -1.39, -1.86, -2.12, -2.15, -1.91, -1.38, -0.53
9.5, -0.99, -1.86, -2.56, -3.05, -3.32, -3.33, -3.05, -2.46
10, -1.2, -2.27, -3.18, -3.88, -4.36, -4.58, -4.53, -4.16
10.5, -1.38, -2.64, -3.73, -4.62, -5.29, -5.7, -5.84, -5.68
11, -1.55, -2.97, -4.23, -5.28, -6.12, -6.71, -7.02, -7.04
11.5, -1.7, -3.27, -4.67, -5.88, -6.87, -7.61, -8.09, -8.27
12, -1.83, -3.54, -5.08, -6.42, -7.55, -8.43, -9.05, -9.38
12.5, -1.96, -3.79, -5.45, -6.92, -8.17, -9.18, -9.93, -10.4
13, -2.07, -4.01, -5.78, -7.37, -8.73, -9.86, -10.73, -11.32
13.5, -2.17, -4.22, -6.09, -7.78, -9.25, -10.48, -11.46, -12.17
14, -2.27, -4.41, -6.38, -8.16, -9.73, -11.06, -12.14, -12.94
14.5, -2.36, -4.58, -6.64, -8.51, -10.16, -11.59, -12.76, -13.66
15, -2.44, -4.74, -6.88, -8.83, -10.57, -12.08, -13.34, -14.33
15.5, -2.51, -4.89, -7.11, -9.14, -10.95, -12.53, -13.87, -14.94
16, -2.58, -5.03, -7.32, -9.42, -11.3, -12.96, -14.37, -15.52
16.5, -2.65, -5.17, -7.52, -9.68, -11.63, -13.35, -14.83, -16.05
17, -2.71, -5.29, -7.7, -9.92, -11.94, -13.72, -15.27, -16.55
17.5, -2.77, -5.4, -7.87, -10.15, -12.22, -14.07, -15.67, -17.02
18, -2.82, -5.51, -8.03, -10.37, -12.49, -14.4, -16.06, -17.46
18.5, -2.87, -5.61, -8.18, -10.57, -12.75, -14.7, -16.42, -17.88
19, -2.92, -5.71, -8.33, -10.76, -12.99, -14.99, -16.75, -18.26
19.5, -2.97, -5.8, -8.46, -10.94, -13.21, -15.26, -17.07, -18.63
20, -3.01, -5.88, -8.59, -11.11, -13.43, -15.52, -17.37, -18.98
20.5, -3.05, -5.96, -8.71, -11.27, -13.63, -15.76, -17.66, -19.31
21, -3.09, -6.04, -8.83, -11.43, -13.82, -15.99, -17.93, -19.62
21.5, -3.12, -6.11, -8.94, -11.57, -14, -16.21, -18.19, -19.92
22, -3.16, -6.18, -9.04, -11.71, -14.17, -16.42, -18.43, -20.2
22.5, -3.19, -6.25, -9.14, -11.84, -14.34, -16.62, -18.66, -20.46
23, -3.22, -6.31, -9.23, -11.97, -14.5, -16.81, -18.89, -20.72
23.5, -3.25, -6.37, -9.32, -12.09, -14.65, -16.99, -19.1, -20.96
24, -3.28, -6.43, -9.41, -12.2, -14.79, -17.16, -19.3, -21.2
24.5, -3.31, -6.48, -9.49, -12.31, -14.93, -17.32, -19.49, -21.42
25, -3.34, -6.53, -9.57, -12.41, -15.06, -17.48, -19.68, -21.63
26, -3.34, -6.53, -9.57, -12.41, -15.06, -17.48, -19.68, -21.63
ENDTABLE



LOG_ENTRY Used Dataset: Tire: Aligning Moment; { Touring Tires } 175/65 R14
#Library : Tire: Aligning Moment
#DataSet : 175/65 R14
#Category: Touring Tires
#FileID  : TireMz_d281e965-4641-4968-b3ce-25f36ba99538
#Product : CarSim 2020.0
#VehCode Tire: Mz

END
