PARSFILE
#FullDataName Tire: Longitudinal Force`255/75 R16`Touring Tires
#CheckBox0 0    

#RingCtrl0 CARPET_FROM_ZERO
#RadioCtrl0 0    
#RadioCtrl1 0    

*3D_XLabel Vertical load (N)
*3D_YLabel Abs. slip ratio [Kappa] (-)
*3D_ZLabel Abs. longitudinal tire force Fx (N)

#DiagramTwo0
*3D_DATA 8, 51 ! columns x rows
FX_TIRE_CARPET 2D_FROM_ZERO
0, 2819.41, 5638.82, 8458.24, 11277.65, 14097.06, 16916.47, 19735.88, 22555.3
0.02, 1258.94, 2468.09, 3619.86, 4710.05, 5735.83, 6695.23, 7586.84, 8409.7
0.04, 1993.59, 3916.87, 5758.7, 7512.6, 9173.94, 10739.23, 12205.7, 13571.17
0.06, 2344.28, 4612.4, 6792.08, 8875.96, 10858.65, 12735.94, 14504.35, 16161.01
0.08, 2516.82, 4955.83, 7304.36, 9554.74, 11701.28, 13739.45, 15665.47, 17476.15
0.1, 2608.63, 5139.03, 7578.4, 9918.95, 12154.85, 14281.44, 16294.79, 18191.53
0.12, 2660.42, 5242.66, 7733.87, 10126.21, 12413.81, 14591.92, 16656.52, 18604.16
0.14, 2690.36, 5302.78, 7824.43, 10247.46, 12565.96, 14775.15, 16870.97, 18849.91
0.16, 2707.35, 5337.12, 7876.51, 10317.67, 12654.69, 14882.77, 16997.83, 18996.3
0.18, 2716.2, 5355.23, 7904.34, 10355.71, 12703.42, 14942.66, 17069.34, 19079.87
0.2, 2719.69, 5362.66, 7916.21, 10372.54, 12725.75, 14971.02, 17104.25, 19121.85
0.22, 2719.56, 5362.84, 7917.22, 10374.93, 12730.08, 14977.86, 17114.17, 19135.39
0.24, 2716.91, 5357.99, 7910.7, 10367.29, 12721.88, 14969.69, 17106.6, 19129.01
0.26, 2712.5, 5349.62, 7898.89, 10352.57, 12704.84, 14950.89, 17086.64, 19108.47
0.28, 2706.85, 5338.77, 7883.33, 10332.85, 12681.51, 14924.53, 17057.82, 19077.79
0.3, 2700.35, 5326.18, 7865.15, 10309.6, 12653.73, 14892.78, 17022.68, 19039.82
0.32, 2693.25, 5312.4, 7845.14, 10283.88, 12622.82, 14857.24, 16983.05, 18996.67
0.34, 2685.76, 5297.81, 7823.91, 10256.48, 12589.77, 14819.06, 16940.29, 18949.87
0.36, 2678.02, 5282.71, 7801.88, 10227.99, 12555.32, 14779.14, 16895.42, 18900.59
0.38, 2670.15, 5267.33, 7779.4, 10198.86, 12520, 14738.13, 16849.22, 18849.7
0.4, 2662.23, 5251.82, 7756.71, 10169.41, 12484.24, 14696.53, 16802.26, 18797.88
0.42, 2654.32, 5236.32, 7734, 10139.9, 12448.36, 14654.73, 16755, 18745.62
0.44, 2646.46, 5220.92, 7711.41, 10110.51, 12412.59, 14613.01, 16707.76, 18693.33
0.46, 2638.7, 5205.69, 7689.05, 10081.4, 12377.13, 14571.59, 16660.82, 18641.29
0.48, 2631.05, 5190.68, 7667, 10052.68, 12342.09, 14530.64, 16614.36, 18589.74
0.5, 2623.54, 5175.93, 7645.33, 10024.41, 12307.6, 14490.29, 16568.55, 18538.86
0.52, 2616.18, 5161.47, 7624.06, 9996.66, 12273.71, 14450.63, 16523.48, 18488.76
0.54, 2608.98, 5147.31, 7603.24, 9969.48, 12240.5, 14411.72, 16479.23, 18439.55
0.56, 2601.95, 5133.48, 7582.88, 9942.89, 12207.98, 14373.62, 16435.88, 18391.3
0.58, 2595.09, 5119.98, 7563, 9916.91, 12176.2, 14336.35, 16393.45, 18344.04
0.6, 2588.4, 5106.81, 7543.6, 9891.54, 12145.16, 14299.94, 16351.97, 18297.83
0.62, 2581.88, 5093.97, 7524.68, 9866.8, 12114.87, 14264.38, 16311.46, 18252.66
0.64, 2575.53, 5081.47, 7506.24, 9842.68, 12085.33, 14229.7, 16271.92, 18208.56
0.66, 2569.35, 5069.29, 7488.28, 9819.18, 12056.54, 14195.87, 16233.34, 18165.51
0.68, 2563.33, 5057.43, 7470.79, 9796.28, 12028.47, 14162.9, 16195.72, 18123.52
0.7, 2557.47, 5045.89, 7453.76, 9773.98, 12001.14, 14130.77, 16159.05, 18082.57
0.72, 2551.78, 5034.66, 7437.19, 9752.27, 11974.51, 14099.47, 16123.31, 18042.65
0.74, 2546.23, 5023.73, 7421.05, 9731.13, 11948.58, 14068.97, 16088.48, 18003.73
0.76, 2540.84, 5013.09, 7405.35, 9710.55, 11923.33, 14039.26, 16054.54, 17965.8
0.78, 2535.59, 5002.74, 7390.06, 9690.52, 11898.74, 14010.33, 16021.48, 17928.83
0.8, 2530.49, 4992.66, 7375.18, 9671.01, 11874.79, 13982.14, 15989.26, 17892.79
0.82, 2525.52, 4982.86, 7360.7, 9652.01, 11851.47, 13954.68, 15957.87, 17857.68
0.84, 2520.68, 4973.31, 7346.59, 9633.52, 11828.76, 13927.93, 15927.28, 17823.45
0.86, 2515.97, 4964.02, 7332.86, 9615.5, 11806.63, 13901.87, 15897.47, 17790.09
0.88, 2511.39, 4954.98, 7319.49, 9597.96, 11785.07, 13876.48, 15868.42, 17757.57
0.9, 2506.93, 4946.16, 7306.46, 9580.86, 11764.07, 13851.73, 15840.1, 17725.87
0.92, 2502.58, 4937.58, 7293.77, 9564.21, 11743.6, 13827.61, 15812.5, 17694.95
0.94, 2498.35, 4929.22, 7281.41, 9547.98, 11723.65, 13804.1, 15785.58, 17664.8
0.96, 2494.22, 4921.07, 7269.36, 9532.16, 11704.21, 13781.17, 15759.34, 17635.4
0.98, 2490.2, 4913.13, 7257.62, 9516.74, 11685.25, 13758.82, 15733.74, 17606.72
1, 2486.29, 4905.39, 7246.17, 9501.7, 11666.76, 13737.01, 15708.77, 17578.73
1.02, 2486.29, 4905.39, 7246.17, 9501.7, 11666.76, 13737.01, 15708.77, 17578.73
ENDTABLE

MU_REF_X 1.0


LOG_ENTRY Used Dataset: Tire: Longitudinal Force; { Touring Tires } 255/75 R16
#Library : Tire: Longitudinal Force
#DataSet : 255/75 R16
#Category: Touring Tires
#FileID  : TireFx_5cf1ba93-8847-42e3-8f63-c861d56addc3
#Product : TruckSim 2020.1
#VehCode Tire: Fx

END
