PARSFILE
#FullDataName Tire: Longitudinal Force`Fx; Widebase Symmetric`SAE Widebase Single Tire
#CheckBox0 0    

#RingCtrl0 CARPET_FROM_ZERO
#RadioCtrl0 0    
#RadioCtrl1 0    

*3D_XLabel Vertical load (N)
*3D_YLabel Abs. slip ratio [Kappa] (-)
*3D_ZLabel Abs. longitudinal tire force Fx (N)

#DiagramTwo0
*3D_DATA 6, 81 ! columns x rows
FX_TIRE_CARPET 2D_FROM_ZERO
0, 12623, 25242, 37866, 50485, 63108, 75727
0.01, 342, 959, 1970, 2718, 2838, 3436
0.02, 1042, 2963, 5121, 5527, 8018, 6661
0.03, 3795, 6026, 9241, 8350, 12874, 12349
0.04, 4947, 7894, 12205, 13844, 16981, 17905
0.05, 4906, 8593, 14040, 17813, 21943, 24153
0.06, 5306, 9777, 15074, 19533, 25760, 27437
0.07, 5986, 11597, 16851, 22426, 28058, 31475
0.08, 6647, 13709, 18974, 24598, 31236, 35097
0.09, 7276, 14861, 21865, 25931, 34662, 38125
0.1, 7711, 15739, 22907, 27466, 36521, 40911
0.11, 8174, 16347, 23563, 28601, 37781, 43242
0.12, 8956, 17172, 24738, 29721, 40015, 44802
0.13, 9652, 17728, 25818, 32022, 41508, 47028
0.14, 9937, 17960, 26623, 34190, 42612, 48556
0.15, 10147, 18313, 27107, 35031, 43090, 49441
0.16, 10305, 18525, 27697, 35867, 43716, 50113
0.17, 10421, 18676, 28125, 36250, 44533, 51004
0.18, 10548, 18766, 28581, 36541, 45790, 51566
0.19, 10638, 18889, 29020, 36712, 46540, 51894
0.2, 10742, 18988, 29445, 36811, 46879, 52146
0.21, 10857, 19097, 29792, 36825, 47045, 52559
0.22, 10933, 19177, 30007, 36833, 47060, 52666
0.23, 10988, 19238, 30281, 36812, 46945, 52780
0.24, 11041, 19270, 30441, 36771, 46800, 52864
0.25, 11063, 19314, 30525, 36717, 46648, 52961
0.26, 11061, 19343, 30629, 36668, 46533, 53231
0.27, 11068, 19376, 30628, 36598, 46407, 53230
0.28, 11070, 19407, 30579, 36537, 46209, 53127
0.29, 11045, 19427, 30491, 36462, 46070, 52927
0.3, 11031, 19443, 30367, 36399, 45947, 52687
0.31, 11009, 19450, 30228, 36338, 45728, 52429
0.32, 10989, 19446, 30055, 36235, 45475, 52210
0.33, 10970, 19437, 29925, 36160, 45275, 51858
0.34, 10933, 19434, 29775, 36075, 45039, 51536
0.35, 10893, 19418, 29608, 35977, 44822, 51224
0.36, 10864, 19395, 29458, 35875, 44660, 50796
0.37, 10830, 19383, 29328, 35766, 44481, 50408
0.38, 10798, 19383, 29110, 35648, 44234, 50109
0.39, 10764, 19386, 28909, 35545, 44005, 49925
0.4, 10729, 19367, 28717, 35451, 43714, 49602
0.41, 10692, 19346, 28546, 35328, 43436, 49222
0.42, 10654, 19322, 28430, 35206, 43252, 48870
0.43, 10621, 19303, 28219, 35056, 43048, 48555
0.44, 10593, 19287, 28033, 34918, 42755, 48277
0.45, 10551, 19254, 27910, 34816, 42487, 47899
0.46, 10510, 19225, 27738, 34690, 42271, 47559
0.47, 10476, 19194, 27551, 34546, 42032, 47263
0.48, 10442, 19169, 27346, 34429, 41784, 46918
0.49, 10392, 19121, 27160, 34235, 41571, 46671
0.5, 10345, 19082, 27012, 34055, 41389, 46394
0.51, 10314, 19053, 26832, 33938, 41167, 46046
0.52, 10279, 19006, 26674, 33853, 40915, 45733
0.53, 10228, 18958, 26550, 33668, 40617, 45525
0.54, 10176, 18923, 26350, 33475, 40407, 45180
0.55, 10140, 18878, 26187, 33332, 40183, 44923
0.56, 10096, 18844, 26060, 33201, 39968, 44754
0.57, 10048, 18778, 25880, 32982, 39719, 44398
0.58, 10001, 18709, 25688, 32840, 39527, 44099
0.59, 9941, 18656, 25513, 32741, 39351, 43853
0.6, 9903, 18610, 25331, 32518, 39109, 43579
0.61, 9862, 18557, 25224, 32356, 38802, 43340
0.62, 9813, 18488, 25107, 32254, 38592, 43053
0.63, 9776, 18436, 24943, 32050, 38429, 42747
0.64, 9714, 18369, 24786, 31890, 38284, 42495
0.65, 9663, 18288, 24648, 31750, 38091, 42254
0.66, 9623, 18222, 24476, 31581, 37845, 42051
0.67, 9563, 18168, 24321, 31457, 37632, 41769
0.68, 9522, 18110, 24154, 31286, 37450, 41484
0.69, 9473, 18037, 24012, 31095, 37254, 41200
0.7, 9424, 17951, 23904, 30953, 37058, 40970
0.71, 9391, 17881, 23765, 30817, 36862, 40790
0.72, 9327, 17823, 23621, 30635, 36667, 40539
0.73, 9275, 17760, 23482, 30475, 36472, 40256
0.74, 9247, 17687, 23346, 30307, 36278, 40004
0.75, 9207, 17590, 23178, 30148, 36039, 39801
0.76, 9163, 17497, 23049, 30016, 35832, 39513
0.77, 9120, 17434, 22960, 29880, 35657, 39268
0.78, 9080, 17359, 22845, 29748, 35467, 39067
0.79, 9034, 17286, 22717, 29528, 35230, 38780
0.8, 9000, 17193, 22549, 29353, 35026, 38493
1, 9000, 17193, 22549, 29353, 35026, 38493
ENDTABLE

MU_REF_X .8


#EMBEDDED_NOTES
#These are the raw Fx data measured by UMTRI in the SAE Cooperative Truck Tire Research project.
#
#The tire was a 425/65R22.5 in new condition tested on a dry concrete surface.
#Measurements ended at 0.8 slip but were extended as flat lines to 1.0 slip to cover the locked wheel condition.
#END_EMBEDDED_NOTES

LOG_ENTRY Used Dataset: Tire: Longitudinal Force; { SAE Widebase Single Tire } Fx; Widebase Symmetric
#Library : Tire: Longitudinal Force
#DataSet : Fx; Widebase Symmetric
#Category: SAE Widebase Single Tire
#FileID  : TireFx_af6065c5-90dc-40f1-8ac0-c43d55214fd5
#Product : TruckSim 2020.1
#VehCode Tire: Fx

END
