PARSFILE
#FullDataName Tire: Longitudinal Force`235/80  R16 - Trailer`Trailer and Light Truck Tires
#CheckBox0 0    

#RingCtrl0 CARPET_FROM_ZERO
#RadioCtrl0 0    
#RadioCtrl1 0    

*3D_XLabel Vertical load (N)
*3D_YLabel Abs. slip ratio [Kappa] (-)
*3D_ZLabel Abs. longitudinal tire force Fx (N)

#DiagramTwo0
*3D_DATA 8, 51 ! columns x rows
FX_TIRE_CARPET 2D_FROM_ZERO
0, 3922.66, 7845.32, 11767.98, 15690.64, 19613.3, 23535.96, 27458.62, 31381.28
0.02, 875.08, 1737.63, 2585.2, 3416.09, 4228.78, 5021.92, 5794.17, 6544.28
0.04, 1611.78, 3198.13, 4754.26, 6276.83, 7762.98, 9210.15, 10615.91, 11977.93
0.06, 2154.64, 4271.65, 6344.13, 8367.39, 10337.54, 12251.1, 14104.88, 15895.84
0.08, 2523.89, 4999.87, 7419.39, 9776.76, 12067.35, 14287.13, 16432.43, 18499.84
0.1, 2766.02, 5476.21, 8120.8, 10693.4, 13188.94, 15603.04, 17931.78, 20171.58
0.12, 2923.08, 5784.49, 8573.61, 11283.6, 13909.08, 16445.51, 18888.84, 21235.43
0.14, 3024.88, 5983.88, 8865.78, 11663.44, 14371.31, 16984.73, 19499.63, 21912.32
0.16, 3090.77, 6112.63, 9053.95, 11907.37, 14667.26, 17328.9, 19888.19, 22341.47
0.18, 3132.96, 6194.82, 9173.66, 12062.01, 14854.14, 17545.32, 20131.46, 22608.92
0.2, 3159.17, 6245.66, 9247.33, 12156.63, 14967.81, 17676.12, 20277.48, 22768.29
0.22, 3174.36, 6274.89, 9289.3, 12210, 15031.2, 17748.16, 20356.83, 22853.63
0.24, 3181.79, 6288.92, 9308.99, 12234.37, 15059.28, 17778.98, 20389.45, 22887.15
0.26, 3183.66, 6292.04, 9312.7, 12237.98, 15062.09, 17780.34, 20388.7, 22883.68
0.28, 3181.46, 6287.21, 9304.77, 12226.47, 15046.54, 17760.28, 20363.72, 22853.38
0.3, 3176.26, 6276.51, 9288.26, 12203.82, 15017.45, 17724.48, 20320.95, 22803.41
0.32, 3168.82, 6261.44, 9265.35, 12172.89, 14978.33, 17677, 20264.99, 22738.88
0.34, 3159.7, 6243.09, 9237.67, 12135.77, 14931.7, 17620.81, 20199.22, 22663.53
0.36, 3149.31, 6222.28, 9206.39, 12094.02, 14879.47, 17558.14, 20126.15, 22580.16
0.38, 3137.98, 6199.62, 9172.43, 12048.8, 14823.06, 17490.64, 20047.68, 22490.86
0.4, 3125.94, 6175.59, 9136.48, 12001.03, 14763.59, 17419.61, 19965.26, 22397.25
0.42, 3113.38, 6150.56, 9099.08, 11951.41, 14701.9, 17346.03, 19880.02, 22300.58
0.44, 3100.45, 6124.8, 9060.66, 11900.47, 14638.65, 17270.69, 19792.83, 22201.81
0.46, 3087.26, 6098.56, 9021.53, 11848.66, 14574.37, 17194.19, 19704.39, 22101.73
0.48, 3073.9, 6072.01, 8981.97, 11796.31, 14509.48, 17117.03, 19615.25, 22000.93
0.5, 3060.46, 6045.29, 8942.19, 11743.7, 14444.31, 17039.59, 19525.84, 21899.9
0.52, 3046.98, 6018.53, 8902.36, 11691.06, 14379.13, 16962.17, 19436.52, 21799.02
0.54, 3033.53, 5991.81, 8862.61, 11638.55, 14314.15, 16885.04, 19347.57, 21698.61
0.56, 3020.12, 5965.21, 8823.06, 11586.32, 14249.54, 16808.38, 19259.21, 21598.92
0.58, 3006.81, 5938.79, 8783.79, 11534.49, 14185.45, 16732.37, 19171.62, 21500.14
0.6, 2993.61, 5912.6, 8744.88, 11483.14, 14121.99, 16657.12, 19084.95, 21402.42
0.62, 2980.54, 5886.69, 8706.38, 11432.35, 14059.23, 16582.74, 18999.31, 21305.9
0.64, 2967.62, 5861.07, 8668.34, 11382.18, 13997.26, 16509.31, 18914.79, 21210.68
0.66, 2954.86, 5835.78, 8630.79, 11332.68, 13936.12, 16436.89, 18831.45, 21116.81
0.68, 2942.27, 5810.83, 8593.76, 11283.87, 13875.86, 16365.53, 18749.36, 21024.37
0.7, 2929.86, 5786.25, 8557.28, 11235.79, 13816.52, 16295.26, 18668.55, 20933.4
0.72, 2917.63, 5762.04, 8521.35, 11188.46, 13758.1, 16226.12, 18589.04, 20843.91
0.74, 2905.6, 5738.2, 8485.99, 11141.88, 13700.64, 16158.12, 18510.86, 20755.94
0.76, 2893.76, 5714.75, 8451.21, 11096.08, 13644.14, 16091.26, 18434.02, 20669.5
0.78, 2882.11, 5691.69, 8417.02, 11051.04, 13588.6, 16025.56, 18358.52, 20584.57
0.8, 2870.66, 5669.02, 8383.4, 11006.79, 13534.02, 15961.01, 18284.35, 20501.17
0.82, 2859.4, 5646.73, 8350.36, 10963.3, 13480.41, 15897.61, 18211.52, 20419.28
0.84, 2848.33, 5624.84, 8317.91, 10920.58, 13427.75, 15835.35, 18140.02, 20338.9
0.86, 2837.46, 5603.33, 8286.03, 10878.63, 13376.04, 15774.22, 18069.82, 20260
0.88, 2826.78, 5582.2, 8254.72, 10837.44, 13325.27, 15714.21, 18000.92, 20182.56
0.9, 2816.29, 5561.45, 8223.97, 10796.99, 13275.43, 15655.31, 17933.3, 20106.58
0.92, 2805.99, 5541.07, 8193.78, 10757.27, 13226.51, 15597.49, 17866.93, 20032.02
0.94, 2795.88, 5521.06, 8164.14, 10718.28, 13178.48, 15540.75, 17801.81, 19958.86
0.96, 2785.94, 5501.41, 8135.04, 10680.01, 13131.34, 15485.06, 17737.9, 19887.09
0.98, 2776.18, 5482.12, 8106.47, 10642.44, 13085.07, 15430.41, 17675.19, 19816.66
1, 2766.61, 5463.18, 8078.42, 10605.56, 13039.66, 15376.77, 17613.66, 19747.56
1.02, 2766.61, 5463.18, 8078.42, 10605.56, 13039.66, 15376.77, 17613.66, 19747.56
ENDTABLE

MU_REF_X 1.0


LOG_ENTRY Used Dataset: Tire: Longitudinal Force; { Trailer and Light Truck Tires } 235/80  R16 - Trailer
#Library : Tire: Longitudinal Force
#DataSet : 235/80  R16 - Trailer
#Category: Trailer and Light Truck Tires
#FileID  : TireFx_cb5c9cfb-ea6a-400b-93ee-9ac6c0f6c30b
#Product : TruckSim 2020.1
#VehCode Tire: Fx

END
