PARSFILE
#FullDataName Tire: Longitudinal Force`215/70 R15`Touring Tires
#CheckBox0 0    

#RingCtrl0 CARPET_FROM_ZERO
#RadioCtrl0 0    
#RadioCtrl1 0    

*3D_XLabel Vertical load (N)
*3D_YLabel Abs. slip ratio [Kappa] (-)
*3D_ZLabel Abs. longitudinal tire force Fx (N)

#DiagramTwo0
*3D_DATA 8, 51 ! columns x rows
FX_TIRE_CARPET 2D_FROM_ZERO
0, 1961.33, 3922.66, 5883.99, 7845.32, 9806.65, 11767.98, 13729.31, 15690.64
0.02, 486.65, 975.08, 1463.43, 1949.07, 2428.89, 2899.38, 3356.75, 3796.93
0.04, 897.9, 1792.27, 2678.43, 3550.79, 4403.14, 5228.81, 6020.83, 6771.99
0.06, 1204.74, 2394.36, 3561.16, 4697.09, 5793.76, 6842.61, 7835.01, 8762.42
0.08, 1418.95, 2809.48, 4161.49, 5465.45, 6712.01, 7891.98, 8996.45, 10016.85
0.1, 1565.49, 3090.53, 4563.4, 5973.93, 7312.54, 8570.17, 9738.24, 10808.67
0.12, 1666.36, 3282.46, 4835.57, 6315.27, 7712.15, 9017.51, 10223.29, 11322.03
0.14, 1737.06, 3416.18, 5023.95, 6549.95, 7985.03, 9320.92, 10550.06, 11665.54
0.16, 1787.68, 3511.43, 5157.42, 6715.3, 8176.19, 9532.21, 10776.23, 11901.82
0.18, 1824.64, 3580.68, 5253.97, 6834.27, 8312.96, 9682.48, 10936.09, 12067.72
0.2, 1852.08, 3631.85, 5324.95, 6921.24, 8412.32, 9790.93, 11050.62, 12185.64
0.22, 1872.7, 3670.11, 5377.71, 6985.46, 8485.17, 9869.79, 11133.14, 12269.74
0.24, 1888.32, 3698.92, 5417.16, 7033.1, 8538.69, 9927.12, 11192.42, 12329.33
0.26, 1900.19, 3720.65, 5446.65, 7068.33, 8577.8, 9968.42, 11234.41, 12370.7
0.28, 1909.19, 3736.97, 5468.54, 7094.11, 8605.94, 9997.52, 11263.27, 12398.27
0.3, 1915.96, 3749.09, 5484.53, 7112.57, 8625.58, 10017.21, 11282, 12415.2
0.32, 1920.97, 3757.89, 5495.87, 7125.27, 8638.55, 10029.51, 11292.81, 12423.85
0.34, 1924.56, 3764.04, 5503.51, 7133.38, 8646.23, 10035.95, 11297.36, 12425.95
0.36, 1927.02, 3768.05, 5508.16, 7137.8, 8649.66, 10037.72, 11296.91, 12422.86
0.38, 1928.55, 3770.33, 5510.38, 7139.24, 8649.65, 10035.72, 11292.46, 12415.62
0.4, 1929.32, 3771.18, 5510.63, 7138.24, 8646.86, 10030.66, 11284.78, 12405.04
0.42, 1929.46, 3770.86, 5509.24, 7135.25, 8641.78, 10023.13, 11274.49, 12391.79
0.44, 1929.07, 3769.57, 5506.52, 7130.61, 8634.85, 10013.58, 11262.09, 12376.39
0.46, 1928.25, 3767.46, 5502.67, 7124.63, 8626.39, 10002.38, 11247.98, 12359.27
0.48, 1927.06, 3764.69, 5497.91, 7117.54, 8616.68, 9989.85, 11232.5, 12340.77
0.5, 1925.57, 3761.35, 5492.38, 7109.52, 8605.95, 9976.24, 11215.91, 12321.18
0.52, 1923.83, 3757.54, 5486.23, 7100.76, 8594.39, 9961.76, 11198.44, 12300.74
0.54, 1921.87, 3753.35, 5479.54, 7091.38, 8582.15, 9946.58, 11180.29, 12279.64
0.56, 1919.73, 3748.84, 5472.43, 7081.49, 8569.38, 9930.84, 11161.6, 12258.05
0.58, 1917.45, 3744.06, 5464.97, 7071.2, 8556.17, 9914.68, 11142.51, 12236.1
0.6, 1915.04, 3739.06, 5457.22, 7060.59, 8542.63, 9898.2, 11123.12, 12213.91
0.62, 1912.53, 3733.88, 5449.25, 7049.73, 8528.83, 9881.48, 11103.54, 12191.58
0.64, 1909.93, 3728.56, 5441.09, 7038.67, 8514.85, 9864.6, 11083.84, 12169.17
0.66, 1907.27, 3723.13, 5432.8, 7027.47, 8500.74, 9847.62, 11064.08, 12146.77
0.68, 1904.56, 3717.61, 5424.4, 7016.17, 8486.55, 9830.6, 11044.32, 12124.42
0.7, 1901.8, 3712.02, 5415.94, 7004.81, 8472.32, 9813.57, 11024.61, 12102.17
0.72, 1899.02, 3706.39, 5407.42, 6993.41, 8458.09, 9796.59, 11004.99, 12080.07
0.74, 1896.21, 3700.73, 5398.89, 6982.02, 8443.88, 9779.67, 10985.49, 12058.15
0.76, 1893.39, 3695.05, 5390.35, 6970.64, 8429.74, 9762.85, 10966.13, 12036.43
0.78, 1890.56, 3689.37, 5381.82, 6959.3, 8415.66, 9746.15, 10946.95, 12014.93
0.8, 1887.73, 3683.7, 5373.32, 6948.02, 8401.68, 9729.59, 10927.95, 11993.68
0.82, 1884.9, 3678.04, 5364.85, 6936.81, 8387.82, 9713.18, 10909.16, 11972.69
0.84, 1882.08, 3672.41, 5356.44, 6925.68, 8374.07, 9696.95, 10890.59, 11951.96
0.86, 1879.27, 3666.81, 5348.09, 6914.65, 8360.46, 9680.89, 10872.25, 11931.52
0.88, 1876.48, 3661.24, 5339.8, 6903.72, 8346.99, 9665.03, 10854.15, 11911.37
0.9, 1873.7, 3655.72, 5331.58, 6892.9, 8333.68, 9649.36, 10836.29, 11891.51
0.92, 1870.95, 3650.24, 5323.45, 6882.19, 8320.52, 9633.89, 10818.68, 11871.94
0.94, 1868.21, 3644.81, 5315.39, 6871.6, 8307.52, 9618.63, 10801.32, 11852.67
0.96, 1865.5, 3639.43, 5307.42, 6861.14, 8294.69, 9603.57, 10784.22, 11833.7
0.98, 1862.81, 3634.11, 5299.55, 6850.81, 8282.03, 9588.73, 10767.37, 11815.04
1, 1860.16, 3628.85, 5291.76, 6840.61, 8269.54, 9574.11, 10750.78, 11796.67
1.02, 1860.16, 3628.85, 5291.76, 6840.61, 8269.54, 9574.11, 10750.78, 11796.67
ENDTABLE

MU_REF_X 1.0


LOG_ENTRY Used Dataset: Tire: Longitudinal Force; { Touring Tires } 215/70 R15
#Library : Tire: Longitudinal Force
#DataSet : 215/70 R15
#Category: Touring Tires
#FileID  : TireFx_f83ee98a-4de5-48aa-ac52-8c103a789586
#Product : TruckSim 2020.1
#VehCode Tire: Fx

END
