PARSFILE
#FullDataName Tire: Longitudinal Force`MF-Tyre / MF-Swift Fx vs. Kappa`MF-Tyre / MF-Swift
#CheckBox0 0    

#RingCtrl0 CARPET_FROM_ZERO
#RadioCtrl0 0    
#RadioCtrl1 0    

*3D_XLabel Vertical load (N)
*3D_YLabel Abs. slip ratio [Kappa] (-)
*3D_ZLabel Abs. longitudinal tire force Fx (N)

#DiagramTwo0
*3D_DATA 5, 40 ! columns x rows
FX_TIRE_CARPET 2D_FROM_ZERO
0, 2000, 8000, 20000, 40000, 60000
0.025, 323.673, 1295.33, 3241.25, 6490.67, 9744.59
0.05, 643.255, 2571.04, 6415.93, 12781.1, 19069.6
0.075, 942.581, 3759.29, 9338.09, 18443.6, 27248.8
0.1, 1193.92, 4748.15, 11724.4, 22910.5, 33454.4
0.125, 1373.01, 5443.84, 13359, 25825.7, 37293
0.15, 1474.07, 5828.83, 14226.8, 27257.8, 39014.4
0.175, 1510.01, 5958.74, 14485.6, 27575.9, 39233.3
0.2, 1501.65, 5917.66, 14348.1, 27204.5, 38567.9
0.225, 1468.02, 5780.5, 13994.6, 26476.5, 37469.6
0.25, 1422.6, 5599.45, 13546.7, 25605.2, 36214.8
0.275, 1373.58, 5405.8, 13075.6, 24711.1, 34953.3
0.3, 1325.41, 5216.38, 12618.7, 23855, 33758.2
0.325, 1280.22, 5039.14, 12193.3, 23063.4, 32659.3
0.35, 1238.86, 4877.16, 11805.5, 22344.6, 31664.4
0.375, 1201.49, 4730.92, 11456, 21697.9, 30770.4
0.4, 1167.93, 4599.65, 11142.5, 21118.3, 29969.3
0.425, 1137.86, 4482.07, 10861.8, 20599.3, 29251.6
0.45, 1110.93, 4376.74, 10610.2, 20134.1, 28607.8
0.475, 1086.76, 4282.22, 10384.4, 19716.2, 28028.8
0.5, 1065.03, 4197.22, 10181.3, 19339.8, 27506.7
0.525, 1045.44, 4120.55, 9997.94, 18999.7, 27034.5
0.55, 1027.72, 4051.19, 9831.99, 18691.6, 26605.9
0.575, 1011.64, 3988.25, 9681.29, 18411.4, 26215.8
0.6, 997.006, 3930.94, 9544.01, 18155.9, 25859.5
0.625, 983.648, 3878.61, 9418.55, 17922.2, 25533.1
0.65, 971.415, 3830.67, 9303.57, 17707.7, 25233.3
0.675, 960.18, 3786.64, 9197.87, 17510.3, 24957
0.7, 949.834, 3746.07, 9100.44, 17328.1, 24701.7
0.725, 940.281, 3708.6, 9010.4, 17159.6, 24465.3
0.75, 931.436, 3673.9, 8926.96, 17003.3, 24245.7
0.775, 923.228, 3641.69, 8849.47, 16857.9, 24041.4
0.8, 915.593, 3611.72, 8777.33, 16722.5, 23850.8
0.825, 908.475, 3583.77, 8710.03, 16596.1, 23672.7
0.85, 901.826, 3557.66, 8647.11, 16477.8, 23505.8
0.875, 895.603, 3533.22, 8588.17, 16366.8, 23349.3
0.9, 889.766, 3510.28, 8532.86, 16262.7, 23202.1
0.925, 884.283, 3488.74, 8480.87, 16164.7, 23063.6
0.95, 879.123, 3468.45, 8431.9, 16072.3, 22932.9
0.975, 874.259, 3449.33, 8385.72, 15985.1, 22809.4
1, 874.259, 3449.33, 8385.72, 15985.1, 22809.4
ENDTABLE

MU_REF_X 1.0


LOG_ENTRY Used Dataset: Tire: Longitudinal Force; { MF-Tyre / MF-Swift } MF-Tyre / MF-Swift Fx vs. Kappa
#Library : Tire: Longitudinal Force
#DataSet : MF-Tyre / MF-Swift Fx vs. Kappa
#Category: MF-Tyre / MF-Swift
#FileID  : TireFx_3edd2d2d-1b33-433a-9f29-8c899cd59f49
#Product : TruckSim 2020.1
#VehCode Tire: Fx

END
