PARSFILE
#FullDataName Tire: Longitudinal Force`Fx; Steer Tire Symmetric`SAE Steer Tire
#CheckBox0 0    

#RingCtrl0 CARPET_FROM_ZERO
#RadioCtrl0 0    
#RadioCtrl1 0    

*3D_XLabel Vertical load (N)
*3D_YLabel Abs. slip ratio [Kappa] (-)
*3D_ZLabel Abs. longitudinal tire force Fx (N)

#DiagramTwo0
*3D_DATA 7, 81 ! columns x rows
FX_TIRE_CARPET 2D_FROM_ZERO
0, 6868, 13736, 20604, 27468, 34336, 41204, 54936
0.01, 827, 1334, 1948, 1913, 2811, 3514, 4239
0.02, 1401, 2940, 4310, 4559, 5970, 7144, 9048
0.03, 2064, 3781, 6010, 7255, 8585, 10582, 12313
0.04, 2753, 4929, 7953, 9025, 11610, 13460, 16209
0.05, 3358, 5996, 9581, 11276, 13932, 15738, 20711
0.06, 3728, 6917, 10382, 13149, 15088, 18184, 23371
0.07, 3821, 7509, 11539, 14648, 17713, 20622, 26293
0.08, 4390, 7949, 13024, 16098, 19421, 22975, 28357
0.09, 5089, 8807, 13127, 17010, 21085, 25462, 31489
0.1, 5151, 9564, 13865, 18433, 22735, 26805, 33486
0.11, 5418, 10342, 14497, 19359, 23869, 27801, 34963
0.12, 5534, 10836, 15075, 19932, 24888, 28744, 36044
0.13, 5574, 10983, 15466, 21116, 25466, 29425, 36920
0.14, 5627, 11125, 15693, 21263, 25987, 30132, 37507
0.15, 5774, 11401, 16009, 21463, 26414, 31062, 37983
0.16, 5961, 11508, 16294, 21672, 26752, 31280, 38419
0.17, 6192, 11574, 16352, 21819, 27121, 31364, 39109
0.18, 6330, 11570, 16427, 21939, 27308, 31431, 40283
0.19, 6174, 11490, 16507, 22036, 27548, 31462, 40821
0.2, 6041, 11427, 16574, 22112, 27663, 31516, 40928
0.21, 6014, 11379, 16627, 22139, 27726, 31605, 40995
0.22, 5961, 11339, 16650, 22130, 27717, 31622, 40977
0.23, 5907, 11307, 16632, 22148, 27672, 31618, 40857
0.24, 5881, 11285, 16592, 22179, 27606, 31600, 40728
0.25, 5849, 11272, 16556, 22214, 27539, 31538, 40554
0.26, 5845, 11267, 16503, 22250, 27481, 31440, 40345
0.27, 5854, 11267, 16467, 22290, 27432, 31329, 40132
0.28, 5889, 11267, 16441, 22312, 27374, 31200, 39936
0.29, 5956, 11267, 16409, 22317, 27294, 31084, 39736
0.3, 6027, 11267, 16374, 22290, 27219, 30964, 39540
0.31, 6116, 11267, 16334, 22250, 27143, 30831, 39322
0.32, 6090, 11267, 16285, 22206, 27063, 30697, 39073
0.33, 6063, 11254, 16223, 22152, 26978, 30564, 38815
0.34, 6036, 11227, 16160, 22090, 26894, 30444, 38575
0.35, 6045, 11205, 16107, 22014, 26805, 30319, 38330
0.36, 6099, 11192, 16063, 21903, 26707, 30199, 38095
0.37, 6147, 11187, 16018, 21765, 26600, 30070, 37859
0.38, 6179, 11192, 15969, 21627, 26485, 29932, 37636
0.39, 6201, 11205, 15920, 21489, 26369, 29785, 37414
0.4, 6196, 11214, 15880, 21338, 26249, 29634, 37192
0.41, 6201, 11196, 15836, 21196, 26133, 29483, 36956
0.42, 6201, 11178, 15800, 21062, 26018, 29314, 36725
0.43, 6187, 11161, 15764, 20929, 25893, 29140, 36493
0.44, 6152, 11152, 15729, 20773, 25751, 28980, 36262
0.45, 6125, 11152, 15689, 20631, 25604, 28811, 36031
0.46, 6081, 11156, 15640, 20489, 25444, 28638, 35808
0.47, 6027, 11152, 15595, 20355, 25275, 28469, 35595
0.48, 5996, 11147, 15555, 20208, 25110, 28300, 35390
0.49, 5965, 11156, 15520, 20075, 24950, 28131, 35185
0.5, 5925, 11178, 15489, 19941, 24785, 27966, 34999
0.51, 5876, 11192, 15458, 19803, 24630, 27815, 34816
0.52, 5827, 11187, 15426, 19670, 24470, 27659, 34625
0.53, 5783, 11183, 15395, 19537, 24314, 27499, 34434
0.54, 5738, 11178, 15360, 19399, 24163, 27339, 34242
0.55, 5689, 11169, 15324, 19274, 24003, 27183, 34060
0.56, 5636, 11156, 15293, 19163, 23838, 27023, 33873
0.57, 5583, 11134, 15257, 19065, 23696, 26863, 33695
0.58, 5520, 11112, 15217, 18972, 23544, 26707, 33517
0.59, 5458, 11081, 15182, 18874, 23398, 26547, 33348
0.6, 5400, 11049, 15137, 18776, 23260, 26396, 33184
0.61, 5347, 11005, 15097, 18683, 23122, 26245, 33024
0.62, 5293, 10956, 15053, 18589, 22984, 26098, 32872
0.63, 5244, 10903, 15004, 18487, 22846, 25946, 32721
0.64, 5196, 10849, 14955, 18376, 22708, 25800, 32574
0.65, 5151, 10791, 14902, 18264, 22570, 25662, 32432
0.66, 5111, 10742, 14844, 18144, 22437, 25524, 32290
0.67, 5084, 10698, 14786, 18015, 22308, 25390, 32138
0.68, 5071, 10645, 14724, 17855, 22174, 25257, 31983
0.69, 5062, 10587, 14661, 17673, 22050, 25124, 31831
0.7, 5049, 10524, 14599, 17522, 21930, 24986, 31680
0.71, 5026, 10458, 14528, 17419, 21814, 24852, 31525
0.72, 5004, 10387, 14461, 17304, 21694, 24719, 31373
0.73, 4991, 10320, 14394, 17188, 21587, 24585, 31222
0.74, 5000, 10258, 14328, 17068, 21480, 24447, 31075
0.75, 5004, 10204, 14270, 16948, 21378, 24310, 30924
0.76, 4991, 10137, 14212, 16828, 21276, 24167, 30777
0.77, 4960, 10066, 14159, 16730, 21169, 24020, 30626
0.78, 4924, 9986, 14110, 16636, 21058, 23865, 30479
0.79, 4911, 9915, 14065, 16525, 20947, 23705, 30337
0.8, 4915, 9844, 14021, 16396, 20827, 23553, 30190
1, 4915, 9844, 14021, 16396, 20827, 23553, 30190
ENDTABLE

MU_REF_X 0.8


#EMBEDDED_NOTES
#These are the raw Fx data measured by UMTRI in the SAE Cooperative Truck Tire Research project.
#
#The tire was a 295/75]295/80R22.5 in new condition tested on a dry concrete surface..
#Measurements ended at 0.8 slip but were extended as flat lines to 1.0 slip to cover the locked wheel condition.
#END_EMBEDDED_NOTES

LOG_ENTRY Used Dataset: Tire: Longitudinal Force; { SAE Steer Tire } Fx; Steer Tire Symmetric
#Library : Tire: Longitudinal Force
#DataSet : Fx; Steer Tire Symmetric
#Category: SAE Steer Tire
#FileID  : TireFx_c142024a-a63a-4dda-9509-f1d2b2ce4e24
#Product : TruckSim 2020.1
#VehCode Tire: Fx

END
