PARSFILE
#FullDataName Tire: Longitudinal Force`265/75 R16`Trailer and Light Truck Tires
#CheckBox0 0    

#RingCtrl0 CARPET_FROM_ZERO
#RadioCtrl0 0    
#RadioCtrl1 0    

*3D_XLabel Vertical load (N)
*3D_YLabel Abs. slip ratio [Kappa] (-)
*3D_ZLabel Abs. longitudinal tire force Fx (N)

#DiagramTwo0
*3D_DATA 8, 51 ! columns x rows
FX_TIRE_CARPET 2D_FROM_ZERO
0, 2819.41, 5638.82, 8458.24, 11277.65, 14097.06, 16916.47, 19735.88, 22555.3
0.02, 659.98, 1310.49, 1949.71, 2576.32, 3189.21, 3787.34, 4369.71, 4935.36
0.04, 1213.62, 2408.05, 3579.67, 4725.96, 5844.79, 6934.2, 7992.38, 9017.56
0.06, 1619.31, 3210.25, 4767.62, 6287.9, 7768.15, 9205.77, 10598.36, 11943.63
0.08, 1893.6, 3751.15, 5566.2, 7334.49, 9052.54, 10717.34, 12326.12, 13876.34
0.1, 2072.48, 4103, 6084.23, 8011.39, 9880.67, 11688.8, 13432.84, 15110.11
0.12, 2187.92, 4329.57, 6416.99, 8445.04, 10409.72, 12307.6, 14135.69, 15891.24
0.14, 2262.4, 4475.42, 6630.65, 8722.77, 10747.62, 12701.71, 14582, 16385.75
0.16, 2310.35, 4569.09, 6767.52, 8900.16, 10962.77, 12951.84, 14864.31, 16697.45
0.18, 2340.84, 4628.48, 6854, 9011.81, 11097.64, 13107.96, 15039.71, 16890.18
0.2, 2359.6, 4664.84, 6906.65, 9079.39, 11178.75, 13201.2, 15143.7, 17003.56
0.22, 2370.27, 4685.35, 6936.06, 9116.71, 11222.99, 13251.38, 15198.83, 17062.69
0.24, 2375.27, 4694.74, 6949.15, 9132.81, 11241.4, 13271.38, 15219.76, 17083.89
0.26, 2376.19, 4696.14, 6950.56, 9133.73, 11241.33, 13269.85, 15216.3, 17078.07
0.28, 2374.15, 4691.75, 6943.48, 9123.62, 11227.86, 13252.7, 15195.17, 17052.68
0.3, 2369.92, 4683.08, 6930.15, 9105.4, 11204.54, 13224.08, 15161.08, 17012.97
0.32, 2364.06, 4671.23, 6912.16, 9081.15, 11173.91, 13186.98, 15117.42, 16962.69
0.34, 2356.98, 4657, 6890.71, 9052.42, 11137.85, 13143.57, 15066.65, 16904.58
0.36, 2348.99, 4640.99, 6866.67, 9020.34, 11097.75, 13095.47, 15010.61, 16840.68
0.38, 2340.31, 4623.65, 6840.69, 8985.77, 11054.65, 13043.91, 14950.7, 16772.53
0.4, 2331.13, 4605.33, 6813.3, 8949.37, 11009.35, 12989.83, 14887.97, 16701.31
0.42, 2321.58, 4586.3, 6784.87, 8911.66, 10962.48, 12933.96, 14823.25, 16627.94
0.44, 2311.76, 4566.76, 6755.72, 8873.04, 10914.53, 12876.85, 14757.19, 16553.12
0.46, 2301.77, 4546.88, 6726.1, 8833.81, 10865.88, 12818.96, 14690.27, 16477.41
0.48, 2291.67, 4526.8, 6696.18, 8794.24, 10816.83, 12760.65, 14622.92, 16401.26
0.5, 2281.52, 4506.62, 6666.14, 8754.51, 10767.63, 12702.19, 14555.44, 16325.02
0.52, 2271.35, 4486.43, 6636.09, 8714.8, 10718.46, 12643.81, 14488.09, 16248.97
0.54, 2261.2, 4466.28, 6606.13, 8675.22, 10669.5, 12585.69, 14421.08, 16173.33
0.56, 2251.1, 4446.25, 6576.34, 8635.89, 10620.85, 12527.97, 14354.56, 16098.29
0.58, 2241.08, 4426.36, 6546.78, 8596.88, 10572.62, 12470.78, 14288.66, 16023.99
0.6, 2231.15, 4406.66, 6517.51, 8558.26, 10524.89, 12414.2, 14223.5, 15950.53
0.62, 2221.32, 4387.18, 6488.57, 8520.09, 10477.73, 12358.3, 14159.15, 15878.01
0.64, 2211.61, 4367.93, 6459.99, 8482.4, 10431.17, 12303.14, 14095.67, 15806.5
0.66, 2202.03, 4348.93, 6431.79, 8445.23, 10385.27, 12248.77, 14033.11, 15736.04
0.68, 2192.58, 4330.21, 6404, 8408.59, 10340.05, 12195.23, 13971.51, 15666.69
0.7, 2183.26, 4311.76, 6376.62, 8372.52, 10295.53, 12142.52, 13910.9, 15598.46
0.72, 2174.1, 4293.6, 6349.68, 8337.03, 10251.73, 12090.68, 13851.29, 15531.38
0.74, 2165.07, 4275.73, 6323.17, 8302.11, 10208.65, 12039.71, 13792.7, 15465.45
0.76, 2156.2, 4258.16, 6297.11, 8267.79, 10166.31, 11989.61, 13735.13, 15400.69
0.78, 2147.47, 4240.88, 6271.49, 8234.05, 10124.71, 11940.4, 13678.58, 15337.09
0.8, 2138.89, 4223.89, 6246.31, 8200.9, 10083.84, 11892.07, 13623.05, 15274.65
0.82, 2130.46, 4207.21, 6221.57, 8168.35, 10043.71, 11844.61, 13568.54, 15213.36
0.84, 2122.18, 4190.82, 6197.28, 8136.38, 10004.3, 11798.02, 13515.03, 15153.22
0.86, 2114.04, 4174.72, 6173.43, 8104.99, 9965.61, 11752.28, 13462.52, 15094.2
0.88, 2106.05, 4158.91, 6150, 8074.17, 9927.63, 11707.4, 13410.99, 15036.29
0.9, 2098.2, 4143.39, 6127.01, 8043.92, 9890.36, 11663.35, 13360.43, 14979.48
0.92, 2090.5, 4128.15, 6104.43, 8014.23, 9853.78, 11620.13, 13310.82, 14923.75
0.94, 2082.94, 4113.19, 6082.27, 7985.08, 9817.89, 11577.72, 13262.15, 14869.08
0.96, 2075.51, 4098.51, 6060.52, 7956.48, 9782.66, 11536.11, 13214.39, 14815.45
0.98, 2068.22, 4084.09, 6039.17, 7928.41, 9748.09, 11495.28, 13167.55, 14762.84
1, 2061.06, 4069.94, 6018.22, 7900.86, 9714.16, 11455.21, 13121.59, 14711.23
1.02, 2061.06, 4069.94, 6018.22, 7900.86, 9714.16, 11455.21, 13121.59, 14711.23
ENDTABLE

MU_REF_X 1.0


#EMBEDDED_NOTES
#265/75 R16
#
#Longitudinal Force vs. Slip Ratio
#
#The corresponding vehicle is the Large European Van with independent front and rear suspensions (I_I).
#END_EMBEDDED_NOTES

LOG_ENTRY Used Dataset: Tire: Longitudinal Force; { Trailer and Light Truck Tires } 265/75 R16
#Library : Tire: Longitudinal Force
#DataSet : 265/75 R16
#Category: Trailer and Light Truck Tires
#FileID  : TireFx_f9baf123-7179-4ee1-b52a-1580d924bcd9
#Product : TruckSim 2020.1
#VehCode Tire: Fx

END
