PARSFILE
#FullDataName Tire: Longitudinal Force`Fx; Drive Tire Symmetric`SAE Drive Tire
#CheckBox0 0    

#RingCtrl0 CARPET_FROM_ZERO
#RadioCtrl0 0    
#RadioCtrl1 0    

*3D_XLabel Vertical load (N)
*3D_YLabel Abs. slip ratio [Kappa] (-)
*3D_ZLabel Abs. longitudinal tire force Fx (N)

#DiagramTwo0
*3D_DATA 7, 76 ! columns x rows
FX_TIRE_CARPET 2D_FROM_ZERO
0, 6868, 13736, 20604, 27468, 34336, 41204, 54936
0.01, 596, 730, 1326, 2562, 3572, 3523, 2380
0.02, 1117, 2202, 3296, 4697, 6730, 6721, 6397
0.03, 1859, 4017, 5044, 7380, 8567, 9666, 10253
0.04, 2358, 4422, 6521, 8567, 11058, 11339, 13892
0.05, 3283, 4986, 7842, 10213, 12882, 13745, 16908
0.06, 3461, 5276, 8505, 11872, 13976, 15742, 19937
0.07, 3572, 5921, 9154, 13291, 15400, 16894, 23260
0.08, 4052, 6757, 10040, 13616, 16810, 18803, 25048
0.09, 4688, 7380, 11294, 14675, 18282, 21116, 26854
0.1, 5231, 7838, 12210, 15738, 19158, 22641, 28509
0.11, 5440, 7993, 13007, 16832, 19897, 23438, 29238
0.12, 5494, 8300, 13540, 17713, 20956, 23985, 29856
0.13, 5765, 8661, 13629, 18158, 21632, 24519, 30564
0.14, 5907, 9039, 13643, 18362, 21903, 25164, 31369
0.15, 5858, 9386, 13758, 18549, 22125, 25880, 32018
0.16, 5769, 9466, 13874, 18767, 22259, 26543, 32459
0.17, 5769, 9813, 14025, 18958, 22383, 26992, 32930
0.18, 5814, 9973, 14185, 19101, 22499, 27250, 33437
0.19, 5921, 10378, 14350, 19190, 22530, 27472, 34069
0.2, 6139, 10409, 14541, 19283, 22588, 27677, 34358
0.21, 6450, 10427, 14813, 19363, 22628, 27904, 34363
0.22, 6432, 10471, 15128, 19394, 22655, 28104, 34389
0.23, 6196, 10436, 15551, 19399, 22641, 28264, 34447
0.24, 6005, 10258, 16143, 19443, 22628, 28326, 34514
0.25, 5836, 9964, 16761, 19470, 22610, 28326, 34589
0.26, 5712, 9911, 17006, 19479, 22610, 28304, 34674
0.27, 5578, 9986, 16957, 19483, 22624, 28268, 34723
0.28, 5440, 9853, 16823, 19461, 22593, 28233, 34758
0.29, 5298, 9506, 16650, 19457, 22597, 28175, 34790
0.3, 5196, 9288, 16481, 19421, 22641, 28064, 34790
0.31, 5058, 9719, 16289, 19381, 22606, 27962, 34750
0.32, 4933, 10173, 16058, 19363, 22633, 27890, 34692
0.33, 4875, 10213, 15822, 19314, 22637, 27824, 34643
0.34, 4813, 10311, 15591, 19274, 22650, 27690, 34558
0.35, 4768, 10378, 15364, 19216, 22677, 27619, 34478
0.36, 4746, 10360, 15142, 19136, 22690, 27512, 34367
0.37, 4742, 10258, 14942, 19074, 22695, 27374, 34256
0.38, 4733, 10035, 14728, 19003, 22739, 27250, 34136
0.39, 4795, 9831, 14546, 18909, 22766, 27125, 34011
0.4, 4871, 9519, 14417, 18803, 22810, 26992, 33878
0.41, 4951, 9292, 14234, 18700, 22824, 26867, 33731
0.42, 5053, 9101, 14141, 18598, 22851, 26752, 33611
0.43, 5169, 9043, 13999, 18527, 22859, 26609, 33495
0.44, 5298, 9083, 13905, 18438, 22873, 26476, 33353
0.45, 5369, 9137, 13807, 18336, 22891, 26369, 33242
0.46, 5467, 9226, 13696, 18264, 22868, 26245, 33126
0.47, 5578, 9301, 13625, 18184, 22859, 26111, 32966
0.48, 5676, 9395, 13549, 18082, 22864, 26000, 32806
0.49, 5738, 9501, 13491, 17989, 22859, 25911, 32672
0.5, 5809, 9573, 13425, 17904, 22842, 25786, 32530
0.51, 5863, 9648, 13358, 17851, 22837, 25666, 32405
0.52, 5881, 9737, 13314, 17788, 22846, 25568, 32294
0.53, 5881, 9755, 13273, 17699, 22806, 25484, 32156
0.54, 5894, 9782, 13260, 17633, 22744, 25408, 32032
0.55, 5845, 9826, 13216, 17588, 22717, 25324, 31894
0.56, 5836, 9831, 13162, 17513, 22695, 25226, 31765
0.57, 5796, 9804, 13131, 17424, 22664, 25110, 31658
0.58, 5752, 9808, 13127, 17357, 22628, 25021, 31533
0.59, 5725, 9808, 13109, 17308, 22566, 24963, 31404
0.6, 5685, 9755, 13082, 17286, 22526, 24910, 31284
0.61, 5649, 9737, 13069, 17250, 22512, 24848, 31182
0.62, 5591, 9693, 13056, 17206, 22486, 24790, 31084
0.63, 5569, 9648, 13033, 17148, 22423, 24719, 30964
0.64, 5525, 9581, 13038, 17095, 22366, 24643, 30840
0.65, 5471, 9533, 13029, 17068, 22326, 24572, 30733
0.66, 5427, 9479, 13002, 17041, 22263, 24496, 30617
0.67, 5418, 9399, 12998, 16992, 22183, 24421, 30506
0.68, 5409, 9337, 12993, 16974, 22130, 24358, 30408
0.69, 5382, 9208, 12980, 16979, 22059, 24292, 30288
0.7, 5378, 9101, 12971, 16948, 21970, 24207, 30168
0.71, 5338, 9025, 12958, 16894, 21894, 24127, 30070
0.72, 5289, 8968, 12944, 16859, 21819, 24052, 29977
0.73, 5276, 8888, 12927, 16837, 21721, 23967, 29874
0.74, 5218, 8799, 12927, 16814, 21632, 23878, 29754
0.75, 5191, 8719, 12931, 16783, 21556, 23798, 29630
1, 5191, 8719, 12931, 16783, 21556, 23798, 29630
ENDTABLE

MU_REF_X 0.8


#EMBEDDED_NOTES
#These are the raw Fx data measured by UMTRI in the SAE Cooperative Truck Tire Research project.
#
#The tire was a 295/75]295/80R22.5 in new condition tested on a dry concrete surface.
#Measurements ended at 0.75 slip but were extended as flat lines to 1.0 slip to cover the locked wheel condition.
#END_EMBEDDED_NOTES

LOG_ENTRY Used Dataset: Tire: Longitudinal Force; { SAE Drive Tire } Fx; Drive Tire Symmetric
#Library : Tire: Longitudinal Force
#DataSet : Fx; Drive Tire Symmetric
#Category: SAE Drive Tire
#FileID  : TireFx_285cee85-6b91-460e-a079-258db69d6d12
#Product : TruckSim 2020.1
#VehCode Tire: Fx

END
