PARSFILE
#FullDataName Tire: Longitudinal Force`MF-Tyre / MF-Swift Asymmetric`MF-Tyre / MF-Swift
#CheckBox0 0    

#RingCtrl0 2D_SPLINE
#RadioCtrl0 0    
#RadioCtrl1 0    

*3D_XLabel Vertical load (N)
*3D_YLabel Slip ratio [Kappa] (-)
*3D_ZLabel Longitudinal tire force Fx (N)

#DiagramTwo0
*3D_DATA 6, 81 ! columns x rows
FX_TIRE_CARPET 2D_SPLINE
0, 0, 2000, 8000, 20000, 40000, 60000
-1, 0, -1059.64, -4180.83, -10164.7, -19379.1, -27657.6
-0.975, 0, -1066.41, -4207.11, -10227.3, -19496, -27822.6
-0.95, 0, -1073.59, -4234.97, -10293.4, -19619.7, -27997
-0.925, 0, -1081.23, -4264.55, -10363.6, -19750.7, -28181.5
-0.9, 0, -1089.36, -4296, -10438.1, -19889.6, -28377
-0.875, 0, -1098.04, -4329.51, -10517.4, -20037.2, -28584.5
-0.85, 0, -1107.3, -4365.27, -10601.9, -20194.2, -28805
-0.825, 0, -1117.22, -4403.5, -10692.1, -20361.6, -29039.8
-0.8, 0, -1127.86, -4444.45, -10788.5, -20540.4, -29290.3
-0.775, 0, -1139.29, -4488.4, -10891.8, -20731.6, -29558
-0.75, 0, -1151.6, -4535.67, -11002.7, -20936.5, -29844.5
-0.725, 0, -1164.89, -4586.63, -11122.1, -21156.6, -30151.9
-0.7, 0, -1179.28, -4641.67, -11250.7, -21393.5, -30482.3
-0.675, 0, -1194.87, -4701.27, -11389.7, -21649.1, -30838.2
-0.65, 0, -1211.83, -4765.95, -11540.3, -21925.3, -31222.4
-0.625, 0, -1230.31, -4836.31, -11703.7, -22224.6, -31638.1
-0.6, 0, -1250.49, -4913.04, -11881.5, -22549.6, -32088.9
-0.575, 0, -1272.6, -4996.91, -12075.4, -22903.3, -32578.9
-0.55, 0, -1296.86, -5088.78, -12287.3, -23289.2, -33112.7
-0.525, 0, -1323.53, -5189.62, -12519.4, -23711.1, -33695.5
-0.5, 0, -1352.89, -5300.47, -12774, -24173.1, -34333.1
-0.475, 0, -1385.25, -5422.44, -13053.7, -24680, -35031.8
-0.45, 0, -1420.88, -5556.65, -13361.1, -25236.4, -35798.2
-0.425, 0, -1460.03, -5704.1, -13698.7, -25847.4, -36639.3
-0.4, 0, -1502.81, -5865.45, -14068.6, -26517.1, -37561.4
-0.375, 0, -1549.11, -6040.68, -14471.6, -27248.4, -38569.5
-0.35, 0, -1598.36, -6228.41, -14906.3, -28041.1, -39664.7
-0.325, 0, -1649.18, -6424.8, -15367.2, -28888.8, -40841.6
-0.3, 0, -1698.83, -6621.86, -15841.3, -29774.9, -42081.8
-0.275, 0, -1742.42, -6804.77, -16303.4, -30663.8, -43344.6
-0.25, 0, -1771.89, -6948.34, -16708.8, -31490.5, -44552.1
-0.225, 0, -1775.15, -7013.29, -16984, -32143.5, -45567.2
-0.2, 0, -1736.34, -6944.54, -17019.6, -32447.2, -46166.2
-0.175, 0, -1638.6, -6676.58, -16670.3, -32151.5, -46015.8
-0.15, 0, -1470.36, -6151.12, -15778.1, -30949.8, -44679.4
-0.125, 0, -1232.61, -5345.23, -14226.3, -28553.2, -41695.4
-0.1, 0, -941.059, -4292.35, -12006.5, -24818.3, -36749.2
-0.075, 0, -618.977, -3072.69, -9246.88, -19859.3, -29871.9
-0.05, 0, -285.763, -1773.55, -6157.72, -14025.4, -21487.6
-0.025, 0, 49.333, -451.801, -2928.95, -7728.72, -12211.3
6.04e-16, 0, 384.271, 872.352, 334.872, -1265.41, -2559.7
0.025, 0, 715.645, 2190.58, 3595.86, 5217.75, 7154.58
0.05, 0, 1031.13, 3472.55, 6807.6, 11605.1, 16679
0.075, 0, 1309.14, 4649.29, 9846.79, 17665, 25608.8
0.1, 0, 1527.45, 5630.79, 12511.6, 23015, 33351.5
0.125, 0, 1674.36, 6348.37, 14600.7, 27256.1, 39344.7
0.15, 0, 1753.16, 6787.26, 16012.2, 30170.1, 43340.3
0.175, 0, 1777.79, 6984.78, 16781.1, 31808.2, 45490.6
0.2, 0, 1765.31, 7004.23, 17038.5, 32419.3, 46206.2
0.225, 0, 1730.63, 6909.07, 16943, 32315.6, 45952.7
0.25, 0, 1684.58, 6749.48, 16633.4, 31773.8, 45122.1
0.275, 0, 1634.19, 6559.92, 16211.5, 30998.5, 43994
0.3, 0, 1583.62, 6361.85, 15744, 30123.9, 42747.4
0.325, 0, 1535.14, 6167.59, 15271.1, 29231.2, 41488.3
0.35, 0, 1489.84, 5983.56, 14814.8, 28365.7, 40274.7
0.375, 0, 1448.13, 5812.67, 14386.3, 27550.3, 39135.2
0.4, 0, 1410.04, 5655.77, 13990.1, 26794.8, 38081.1
0.425, 0, 1375.4, 5512.63, 13626.9, 26101.3, 37114.2
0.45, 0, 1343.95, 5382.42, 13295.7, 25467.9, 36231.1
0.475, 0, 1315.41, 5264.1, 12994.2, 24890.8, 35426.3
0.5, 0, 1289.48, 5156.55, 12719.9, 24365.1, 34692.8
0.525, 0, 1265.88, 5058.68, 12470.1, 23886.2, 34023.9
0.55, 0, 1244.36, 4969.45, 12242.3, 23449.2, 33413
0.575, 0, 1224.7, 4887.93, 12034.2, 23049.7, 32854.1
0.6, 0, 1206.69, 4813.3, 11843.8, 22683.9, 32341.6
0.625, 0, 1190.15, 4744.81, 11669.1, 22348.1, 31870.7
0.65, 0, 1174.92, 4681.81, 11508.4, 22039.1, 31437
0.675, 0, 1160.87, 4623.71, 11360.3, 21754.2, 31036.6
0.7, 0, 1147.88, 4570.02, 11223.5, 21490.8, 30666.2
0.725, 0, 1135.83, 4520.28, 11096.9, 21246.9, 30322.7
0.75, 0, 1124.64, 4474.09, 10979.3, 21020.5, 30003.5
0.775, 0, 1114.23, 4431.13, 10870, 20809.8, 29706.3
0.8, 0, 1104.51, 4391.07, 10768.2, 20613.4, 29428.9
0.825, 0, 1095.42, 4353.65, 10673.1, 20429.9, 29169.6
0.85, 0, 1086.92, 4318.63, 10584.1, 20258.2, 28926.7
0.875, 0, 1078.93, 4285.79, 10500.8, 20097.2, 28698.8
0.9, 0, 1071.43, 4254.95, 10422.5, 19946.1, 28484.6
0.925, 0, 1064.37, 4225.94, 10348.9, 19803.9, 28282.9
0.95, 0, 1057.72, 4198.6, 10279.6, 19669.9, 28092.8
0.975, 0, 1051.43, 4172.8, 10214.1, 19543.4, 27913.2
1, 0, 1045.49, 4148.41, 10152.4, 19423.9, 27743.3
ENDTABLE

MU_REF_X 1.0


LOG_ENTRY Used Dataset: Tire: Longitudinal Force; { MF-Tyre / MF-Swift } MF-Tyre / MF-Swift Asymmetric
#Library : Tire: Longitudinal Force
#DataSet : MF-Tyre / MF-Swift Asymmetric
#Category: MF-Tyre / MF-Swift
#FileID  : TireFx_59dada6b-9011-4d9e-a5a9-9808132ae90d
#Product : TruckSim 2020.1
#VehCode Tire: Fx

END
