PARSFILE
#FullDataName Tire: Lateral Force`175/65 R14`Touring Tires
#CheckBox0 0    

#RingCtrl0 CARPET_FROM_ZERO
#RadioCtrl0 0    
#RadioCtrl1 0    

*3D_XLabel Vertical load (N)
*3D_YLabel Abs. slip angle [Alpha] (deg)
*3D_ZLabel Abs. lateral tire force Fy (N)

#DiagramTwo0
*3D_DATA 8, 51 ! columns x rows
FY_TIRE_CARPET 2D_FROM_ZERO
0, 980.665, 1961.33, 2941.995, 3922.66, 4903.325, 5883.99, 6864.655, 7845.32
0.5, 136.7, 267.02, 390.03, 505.26, 612.44, 711.39, 802.02, 884.3
1, 268.55, 524.78, 766.9, 993.96, 1205.4, 1400.86, 1580.15, 1743.18
1.5, 391.33, 765.21, 1119.05, 1451.47, 1761.62, 2048.93, 2313.07, 2553.84
2, 501.89, 982.22, 1437.73, 1866.65, 2267.82, 2640.46, 2984.04, 3298.25
2.5, 598.41, 1172.23, 1717.68, 2232.64, 2715.66, 3165.73, 3582.14, 3964.38
3, 680.34, 1334.09, 1957.06, 2546.85, 3101.78, 3620.61, 4102.39, 4546.43
3.5, 748.19, 1468.64, 2156.91, 2810.37, 3427.12, 4005.74, 4545.07, 5044.23
4, 803.17, 1578.14, 2320.28, 3026.84, 3695.75, 4325.4, 4914.48, 5461.92
4.5, 846.9, 1665.59, 2451.4, 3201.46, 3913.61, 4586.1, 5217.48, 5806.51
5, 881.07, 1734.27, 2554.9, 3340.04, 4087.48, 4795.39, 5462.19, 6086.53
5.5, 907.35, 1787.33, 2635.3, 3448.35, 4224.2, 4960.97, 5657.04, 6310.95
6, 927.21, 1827.66, 2696.78, 3531.68, 4330.09, 5090.1, 5810.04, 6488.4
6.5, 941.92, 1857.72, 2742.95, 3594.72, 4410.8, 5189.27, 5928.44, 6626.79
7, 952.54, 1879.62, 2776.85, 3641.43, 4471.14, 5264.08, 6018.57, 6733.06
7.5, 959.94, 1895.04, 2801.02, 3675.11, 4515.15, 5319.26, 6085.78, 6813.15
8, 964.83, 1905.38, 2817.49, 3698.46, 4546.14, 5358.71, 6134.53, 6872.06
8.5, 967.74, 1911.75, 2827.93, 3713.65, 4566.81, 5385.63, 6168.49, 6913.9
9, 969.13, 1915.01, 2833.63, 3722.42, 4579.33, 5402.61, 6190.67, 6942.05
9.5, 969.34, 1915.87, 2835.65, 3726.17, 4585.43, 5411.71, 6203.47, 6959.28
10, 968.65, 1914.87, 2834.81, 3726.01, 4586.51, 5414.62, 6208.85, 6967.8
10.5, 967.26, 1912.44, 2831.77, 3722.81, 4583.66, 5412.68, 6208.38, 6969.42
11, 965.35, 1908.94, 2827.04, 3717.28, 4577.78, 5406.94, 6203.32, 6965.59
11.5, 963.05, 1904.61, 2821.03, 3709.96, 4569.56, 5398.27, 6194.67, 6957.47
12, 960.45, 1899.67, 2814.05, 3701.28, 4559.56, 5387.34, 6183.25, 6946.01
12.5, 957.65, 1894.3, 2806.37, 3691.6, 4548.21, 5374.69, 6169.69, 6931.96
13, 954.71, 1888.61, 2798.19, 3681.2, 4535.88, 5360.76, 6154.52, 6915.93
13.5, 951.67, 1882.72, 2789.66, 3670.27, 4522.84, 5345.9, 6138.15, 6898.41
14, 948.58, 1876.7, 2780.9, 3659.01, 4509.31, 5330.38, 6120.93, 6879.79
14.5, 945.46, 1870.61, 2772.03, 3647.54, 4495.47, 5314.41, 6103.1, 6860.39
15, 942.34, 1864.51, 2763.1, 3635.97, 4481.46, 5298.18, 6084.88, 6840.45
15.5, 939.24, 1858.43, 2754.18, 3624.38, 4467.39, 5281.82, 6066.45, 6820.19
16, 936.17, 1852.4, 2745.32, 3612.85, 4453.34, 5265.44, 6047.94, 6799.76
16.5, 933.14, 1846.44, 2736.56, 3601.41, 4439.38, 5249.13, 6029.46, 6779.29
17, 930.17, 1840.58, 2727.92, 3590.11, 4425.57, 5232.95, 6011.08, 6758.9
17.5, 927.24, 1834.81, 2719.41, 3578.99, 4411.94, 5216.96, 5992.88, 6738.65
18, 924.38, 1829.16, 2711.07, 3568.05, 4398.53, 5201.19, 5974.9, 6718.61
18.5, 921.58, 1823.63, 2702.89, 3557.32, 4385.35, 5185.69, 5957.19, 6698.83
19, 918.85, 1818.22, 2694.89, 3546.81, 4372.43, 5170.46, 5939.77, 6679.35
19.5, 916.17, 1812.94, 2687.06, 3536.52, 4359.77, 5155.52, 5922.67, 6660.2
20, 913.57, 1807.78, 2679.42, 3526.46, 4347.38, 5140.89, 5905.9, 6641.4
20.5, 911.03, 1802.75, 2671.95, 3516.64, 4335.27, 5126.58, 5889.47, 6622.96
21, 908.55, 1797.85, 2664.67, 3507.04, 4323.43, 5112.58, 5873.39, 6604.89
21.5, 906.14, 1793.06, 2657.57, 3497.68, 4311.87, 5098.89, 5857.66, 6587.2
22, 903.79, 1788.4, 2650.64, 3488.54, 4300.58, 5085.52, 5842.28, 6569.89
22.5, 901.5, 1783.86, 2643.89, 3479.63, 4289.57, 5072.46, 5827.24, 6552.95
23, 899.27, 1779.43, 2637.31, 3470.94, 4278.82, 5059.71, 5812.55, 6536.4
23.5, 897.1, 1775.12, 2630.89, 3462.46, 4268.33, 5047.26, 5798.21, 6520.21
24, 894.98, 1770.91, 2624.63, 3454.19, 4258.09, 5035.11, 5784.19, 6504.39
24.5, 892.92, 1766.81, 2618.53, 3446.12, 4248.1, 5023.24, 5770.5, 6488.93
25, 890.91, 1762.82, 2612.58, 3438.26, 4238.35, 5011.66, 5757.13, 6473.82
26, 890.91, 1762.82, 2612.58, 3438.26, 4238.35, 5011.66, 5757.13, 6473.82
ENDTABLE

MU_REF_Y 1.0


LOG_ENTRY Used Dataset: Tire: Lateral Force; { Touring Tires } 175/65 R14
#Library : Tire: Lateral Force
#DataSet : 175/65 R14
#Category: Touring Tires
#FileID  : TireFy_9a15db7f-122e-4e13-b021-5738f1703457
#Product : CarSim 2020.0
#VehCode Tire: Fy

END
