PARSFILE
#FullDataName Tire: Lateral Force`Mech. Sim. FSAE: Fy vs. Slip Angle`Mech. Sim. FSAE Lateral Force
#CheckBox0 0    

#RingCtrl0 CARPET_FROM_ZERO
#RadioCtrl0 0    
#RadioCtrl1 0    

*3D_XLabel Vertical load (N)
*3D_YLabel Abs. slip angle [Alpha] (deg)
*3D_ZLabel Abs. lateral tire force Fy (N)

#DiagramTwo0
*3D_DATA 3, 101 ! columns x rows
FY_TIRE_CARPET 2D_FROM_ZERO
0, 222.41, 667.23, 1112.06
0.1, 10.16645, 44.226471, 61.944621
0.2, 30.135844, 97.638028, 133.303411
0.3, 49.972681, 150.780467, 204.417993
0.4, 69.612462, 203.523012, 275.169157
0.5, 88.995136, 255.739777, 345.440357
0.6, 108.063766, 307.310215, 415.119054
0.7, 126.765417, 358.123122, 484.096267
0.8, 145.053829, 408.073519, 552.270577
0.9, 162.887632, 457.067103, 619.544566
1, 180.230352, 505.018025, 685.827937
1.1, 197.053076, 551.852444, 751.038843
1.2, 213.331781, 597.504971, 815.100328
1.3, 229.048232, 641.922227, 877.94567
1.4, 244.189973, 685.060175, 939.513927
1.5, 258.748997, 726.885008, 999.752612
1.6, 272.722636, 767.372262, 1058.616797
1.7, 286.111778, 806.506367, 1116.069562
1.8, 298.921762, 844.279761, 1172.080659
1.9, 311.160594, 880.693335, 1226.627401
2, 322.839396, 915.753315, 1279.693776
2.1, 333.970622, 949.473047, 1331.269108
2.2, 344.56984, 981.871658, 1381.349837
2.3, 354.653955, 1012.971388, 1429.9373
2.4, 364.239424, 1042.799372, 1477.037722
2.5, 373.34582, 1071.386302, 1522.66267
2.6, 381.991381, 1098.764652, 1566.826822
2.7, 390.195233, 1124.969116, 1609.548861
2.8, 397.976949, 1150.037059, 1650.850584
2.9, 405.355211, 1174.005403, 1690.757345
3, 412.349148, 1196.912847, 1729.295388
3.1, 418.976995, 1218.798534, 1766.494963
3.2, 425.256992, 1239.70072, 1802.386315
3.3, 431.206487, 1259.658548, 1837.001919
3.4, 436.841937, 1278.709385, 1870.375134
3.5, 442.179356, 1296.891929, 1902.539768
3.6, 447.234758, 1314.242211, 1933.530517
3.7, 452.023267, 1330.796262, 1963.382521
3.8, 456.557782, 1346.588777, 1992.130922
3.9, 460.852983, 1361.654009, 2019.810416
4, 464.921325, 1376.024428, 2046.455699
4.1, 468.774818, 1389.731618, 2072.101911
4.2, 472.425028, 1402.805827, 2096.78286
4.3, 475.882629, 1415.276411, 2120.531906
4.4, 479.158743, 1427.171396, 2143.381968
4.5, 482.262266, 1438.517026, 2165.365516
4.6, 485.20254, 1449.339101, 2186.513243
4.7, 487.98846, 1459.66253, 2206.856288
4.8, 490.628478, 1469.510444, 2226.424452
4.9, 493.130157, 1478.90464, 2245.24665
5, 495.500614, 1487.866913, 2263.350461
5.1, 497.746965, 1496.417727, 2280.763463
5.2, 499.875438, 1504.575317, 2297.512346
5.3, 501.892261, 1512.359258, 2313.621574
5.4, 503.803661, 1519.786006, 2329.116504
5.5, 505.614532, 1526.872465, 2344.020265
5.6, 507.33021, 1533.634204, 2358.355544
5.7, 508.95559, 1540.086792, 2372.144581
5.8, 510.495564, 1546.243573, 2385.408728
5.9, 511.95369, 1552.118782, 2398.168002
6, 513.334417, 1557.724874, 2410.441531
6.1, 514.641749, 1563.074303, 2422.248886
6.2, 515.879244, 1568.178636, 2433.607416
6.3, 517.05046, 1573.048992, 2444.534468
6.4, 518.158067, 1577.695158, 2455.047391
6.5, 519.205623, 1582.128254, 2465.161309
6.6, 520.196242, 1586.356732, 2474.891791
6.7, 521.132147, 1590.389933, 2484.253959
6.8, 522.016453, 1594.236309, 2493.26116
6.9, 522.850939, 1597.904311, 2501.927182
7, 523.638719, 1601.401946, 2510.264926
7.1, 524.381127, 1604.735442, 2518.28729
7.2, 525.081277, 1607.912806, 2526.005397
7.3, 525.740058, 1610.940709, 2533.430811
7.4, 526.36014, 1613.824935, 2540.575097
7.5, 526.942857, 1616.571711, 2547.448486
7.6, 527.490433, 1619.186819, 2554.060765
7.7, 528.003757, 1621.676043, 2560.42172
7.8, 528.48461, 1624.044276, 2566.540246
7.9, 528.93477, 1626.296854, 2572.426131
8, 529.355571, 1628.438227, 2578.086936
8.1, 529.747904, 1630.472843, 2583.531557
8.2, 530.113548, 1632.405595, 2588.767557
8.3, 530.452947, 1634.240041, 2593.802052
8.4, 530.767881, 1635.980184, 2598.64305
8.5, 531.05924, 1637.630029, 2603.296778
8.6, 531.327912, 1639.192689, 2607.770353
8.7, 531.574788, 1640.672612, 2612.070002
8.8, 531.801203, 1642.072022, 2616.201509
8.9, 532.008045, 1643.394922, 2620.171101
9, 532.19576, 1644.643538, 2623.98456
9.1, 532.365237, 1645.820982, 2627.647224
9.2, 532.517366, 1646.930368, 2631.163987
9.3, 532.652592, 1647.974365, 2634.540186
9.4, 532.772249, 1648.954753, 2637.780714
9.5, 532.876338, 1649.874644, 2640.89002
9.6, 532.965747, 1650.73582, 2643.872551
9.7, 533.041366, 1651.540948, 2646.732757
9.8, 533.103197, 1652.291807, 2649.474195
9.9, 533.152572, 1652.991067, 2652.101758
10, 533.189047, 1653.639618, 2654.618561
10.1, 533.189047, 1653.639618, 2654.618561
ENDTABLE

MU_REF_Y 1.0


LOG_ENTRY Used Dataset: Tire: Lateral Force; { Mech. Sim. FSAE Lateral Force } Mech. Sim. FSAE: Fy vs. Slip Angle
#Library : Tire: Lateral Force
#DataSet : Mech. Sim. FSAE: Fy vs. Slip Angle
#Category: Mech. Sim. FSAE Lateral Force
#FileID  : TireFy_d59a809a-6132-4bf7-9616-2b5a98eb58ad
#Product : CarSim 2020.0
#VehCode Tire: Fy

END
